 0  0      0 250051216  65260 847452    0    0    87    33   54   21  0  0 90  0 10 2021-07-25 04:36:13
 0  0      0 250034720  65260 847784    0    0    48     0  483  732  0  0 100  0  0 2021-07-25 04:36:14
 0  0      0 250034720  65260 847784    0    0     0     0  447  688  0  0 100  0  0 2021-07-25 04:36:15
 0  0      0 250034416  65260 847896    0    0    32     0  660  829  1  0 99  0  0 2021-07-25 04:36:16
 0  0      0 250034416  65260 847896    0    0     0     0  405  705  0  0 100  0  0 2021-07-25 04:36:17
 0  0      0 250034416  65260 847892    0    0     0     0  379  632  0  0 100  0  0 2021-07-25 04:36:18
 0  0      0 250034416  65260 847892    0    0     0     0  356  618  0  0 100  0  0 2021-07-25 04:36:19
 0  0      0 250034416  65260 847892    0    0     0     0  375  686  0  0 100  0  0 2021-07-25 04:36:20
 0  0      0 250034416  65260 847892    0    0     0     0  381  661  0  0 100  0  0 2021-07-25 04:36:21
 0  0      0 250034416  65260 847892    0    0     0     0  391  650  0  0 100  0  0 2021-07-25 04:36:22
 0  0      0 250034416  65260 847892    0    0     0     0  391  672  0  0 100  0  0 2021-07-25 04:36:23
 0  0      0 250034432  65260 847892    0    0     0     0  385  663  0  0 100  0  0 2021-07-25 04:36:24
 0  1      0 250009408  68708 856612    0    0 11688     0 1533 1628  0  0 99  0  0 2021-07-25 04:36:25
 0  1      0 249792736  69016 1028060    0    0 171208     0 3814 2516  0  0 99  0  0 2021-07-25 04:36:26
 0  1      0 249536512  69016 1232796    0    0 204416     0 3869 2551  0  0 100  0  0 2021-07-25 04:36:27
 0  1      0 249356480  69016 1376764    0    0 143360     0 2839 1918  0  1 99  0  1 2021-07-25 04:36:28
 0  1      0 249188368  69016 1511196    0    0 134016     0 2723 1913  0  0 99  0  0 2021-07-25 04:36:29
 0  1      0 249020464  69016 1645276    0    0 133760     0 2730 1959  0  0 99  0  0 2021-07-25 04:36:30
 1  0      0 248905072  69016 1739588    0    0 94364     0 2540 1864  0  0 99  0  0 2021-07-25 04:36:31
 1  0      0 248801536  69888 1803612    0    0 64496     0 2839 2258  0  0 99  0  0 2021-07-25 04:36:32
 0  1      0 249048992  71144 1826492    0    0 22544     0 3367 2718  1  0 98  0  0 2021-07-25 04:36:33
 0  1      0 247912000  71740 1833528    0    0  6292     0 4389 16580  7  2 90  0  0 2021-07-25 04:36:34
 0  4      0 247797072  74408 1852724    0    0 20236     0 14501 12877  3  1 95  1  0 2021-07-25 04:36:35
 7  0      0 247457632  74820 1882896    0    0 15368     0 19671 17844  8  3 88  1  0 2021-07-25 04:36:36
 4  3      0 246860736  74820 1962172    0    0 40476     0 23613 12739 10  3 87  0  0 2021-07-25 04:36:37
 5  2      0 245521360  74820 2195016    0    0 229772     0 7961 6254 13  2 83  1  0 2021-07-25 04:36:38
 4  3      0 244307120  74820 2348576    0    0 152924    84 6158 4820 13  2 84  2  0 2021-07-25 04:36:39
 6  1      0 242863424  74832 2471072    0    0 122628  1872 5894 4586 14  2 82  1  0 2021-07-25 04:36:40
 7  0      0 240688352  74832 2547976    0    0 76004     0 5758 4092 16  3 80  0  0 2021-07-25 04:36:41
 7  0      0 238412944  74832 2577208    0    0 29212     0 4921 3510 18  3 79  0  0 2021-07-25 04:36:42
 6  0      0 236638784  74832 2732192    0    0   688     0 10285 4792 16  5 79  0  0 2021-07-25 04:36:43
 8  0      0 236078016  74832 2788344    0    0     0     0 6422 4420 17  7 76  0  0 2021-07-25 04:36:44
 8  0      0 235528336  74832 2788344    0    0     0   220 3241 1059 18  7 75  0  0 2021-07-25 04:36:45
 8  0      0 235162848  74832 2788344    0    0     0     0 3819 1622 18  7 75  0  0 2021-07-25 04:36:46
 8  0      0 234796080  74832 2798444    0    0     0     0 6014 1169 18  7 75  0  0 2021-07-25 04:36:47
 8  0      0 234557040  74832 2798768    0    0     0     0 3195 1082 19  6 75  0  0 2021-07-25 04:36:48
 8  0      0 234281424  74832 2798772    0    0     0     0 3040  892 18  7 75  0  0 2021-07-25 04:36:49
 8  1      0 234091296  75728 2809500    0    0 12184    84 7393 6884 18  5 77  0  0 2021-07-25 04:36:50
 7  0      0 233839952  75728 2969548    0    0 64704     0 11664 12824 14  3 83  0  0 2021-07-25 04:36:51
 7  0      0 233453184  75728 3069144    0    0 21604     0 16064 16133 18  3 79  0  0 2021-07-25 04:36:52
12  1      0 233429936  75728 3087716    0    0 18888     0 11388 12104 20  3 76  0  0 2021-07-25 04:36:53
 7  0      0 233411984  75728 3109856    0    0 22008     0 7086 5792 21  4 75  0  0 2021-07-25 04:36:54
 7  1      0 233347616  75728 3129868    0    0 19596     0 11599 11881 21  4 75  1  0 2021-07-25 04:36:55
 4  0      0 233330384  75728 3150708    0    0 19796     0 11379 12163 19  3 77  1  0 2021-07-25 04:36:56
 6  0      0 233333760  75728 3173120    0    0 22128     0 11698 11559 22  3 74  1  0 2021-07-25 04:36:57
 4  0      0 233289952  75728 3191300    0    0 17500     0 9940 9625 22  3 74  0  0 2021-07-25 04:36:58
 7  0      0 233268448  75728 3209916    0    0 19280     0 11930 12493 21  3 75  1  0 2021-07-25 04:36:59
 9  2      0 233244832  75728 3232356    0    0 19892     0 11724 12187 21  3 76  1  0 2021-07-25 04:37:00
 8  1      0 233245712  75728 3249536    0    0 17268     0 9666 9140 21  4 75  0  0 2021-07-25 04:37:01
 8  2      0 233212416  75852 3270384    0    0 20700     0 21040 23089 20  2 77  1  0 2021-07-25 04:37:02
10  0      0 233182256  75852 3299308    0    0 27776     0 11439 10470 25  2 72  1  0 2021-07-25 04:37:03
10  0      0 233118704  75852 3332004    0    0 32664     0 9629 7395 27  2 71  1  0 2021-07-25 04:37:04
 7  0      0 233049136  75852 3432852    0    0  5264    92 11210 10816 23  4 73  0  0 2021-07-25 04:37:05
 8  0      0 232998736  75852 3432856    0    0     0     0 8881 9686 22  4 75  0  0 2021-07-25 04:37:06
 7  0      0 232998480  75852 3432856    0    0     0     0 10143 11052 23  3 73  0  0 2021-07-25 04:37:07
 6  0      0 233064000  75852 3432856    0    0     0     0 10207 10948 24  3 73  0  0 2021-07-25 04:37:08
 6  0      0 233051568  75852 3432896    0    0     0     0 9084 10338 21  4 76  0  0 2021-07-25 04:37:09
 8  0      0 233036592  75856 3432908    0    0     0 11484 13404 12825 24  4 72  0  0 2021-07-25 04:37:10
13  0      0 233055488  75868 3432896    0    0     0  1160 8966 9383 23  4 73  0  0 2021-07-25 04:37:11
17  0      0 233018912  75868 3432928    0    0     0     0 10451 11160 24  4 72  0  0 2021-07-25 04:37:12
10  0      0 233013376  75868 3432928    0    0     0     0 10173 11414 22  3 75  0  0 2021-07-25 04:37:13
 7  0      0 233044384  75868 3432968    0    0     0     0 9618 11063 21  3 76  0  0 2021-07-25 04:37:14
13  0      0 233011872  75868 3432968    0    0     0     0 8469 8422 26  3 71  0  0 2021-07-25 04:37:15
 7  0      0 232930000  75868 3526488    0    0     0     0 7667 5970 30  2 68  0  0 2021-07-25 04:37:16
 6  0      0 232916896  75868 3526960    0    0     0     0 10134 10519 25  3 72  0  0 2021-07-25 04:37:17
 4  0      0 232936560  75868 3526960    0    0     0     0 8918 10227 20  4 76  0  0 2021-07-25 04:37:18
 9  0      0 232949920  75868 3526960    0    0     0     0 8564 9492 20  4 76  0  0 2021-07-25 04:37:19
13  0      0 232953680  75868 3526972    0    0     0     8 9961 10282 24  4 72  0  0 2021-07-25 04:37:20
 8  0      0 232966288  75868 3526972    0    0     0     0 9799 10686 24  4 73  0  0 2021-07-25 04:37:21
 8  0      0 232953936  75868 3526972    0    0     0     0 11016 11136 29  3 68  0  0 2021-07-25 04:37:22
 8  0      0 232946368  75868 3526976    0    0     0     0 9394 10241 22  4 74  0  0 2021-07-25 04:37:23
 4  0      0 232917648  75868 3526976    0    0     0     0 9229 10139 22  3 74  0  0 2021-07-25 04:37:24
 8  0      0 232912352  75868 3526976    0    0     0     0 10457 11390 23  4 73  0  0 2021-07-25 04:37:25
 6  0      0 232906816  75868 3526976    0    0     0     0 9555 10368 25  2 72  0  0 2021-07-25 04:37:26
10  0      0 232893952  75868 3526976    0    0     0     0 9268 9673 27  2 71  0  0 2021-07-25 04:37:27
 8  0      0 232751648  75868 3620936    0    0     0     0 8364 8888 23  4 74  0  0 2021-07-25 04:37:28
 8  0      0 232872608  75868 3620936    0    0     0     0 8974 10035 21  4 75  0  0 2021-07-25 04:37:29
 6  0      0 232850672  75868 3620936    0    0     0     0 8908 10263 20  4 76  0  0 2021-07-25 04:37:30
11  0      0 232838336  75868 3620936    0    0     0     0 10348 11337 24  3 73  0  0 2021-07-25 04:37:31
 5  0      0 232780112  75868 3620936    0    0     0     0 10371 11138 24  3 73  0  0 2021-07-25 04:37:32
 8  0      0 232823712  75868 3620936    0    0     0     0 9557 10459 22  4 74  0  0 2021-07-25 04:37:33
 8  0      0 232799008  75868 3620940    0    0     0     0 10266 11018 24  3 73  0  0 2021-07-25 04:37:34
 7  0      0 232789440  75868 3620940    0    0     0     0 10628 11429 25  3 72  0  0 2021-07-25 04:37:35
11  0      0 232789392  75884 3620988    0    0     4 91480 10706 10864 25  3 71  0  0 2021-07-25 04:37:36
12  0      0 232786336  75884 3620996    0    0     0     0 9055 10073 22  4 74  0  0 2021-07-25 04:37:37
 7  0      0 232769424  75884 3620996    0    0     0     0 7631 6216 29  2 68  0  0 2021-07-25 04:37:38
10  0      0 232755936  75884 3669380    0    0     0     0 7454 5779 29  2 69  0  0 2021-07-25 04:37:39
10  0      0 232737440  75884 3714988    0    0     0     0 6631 6038 23  4 74  0  0 2021-07-25 04:37:40
 6  0      0 232737120  75884 3714988    0    0     0  1136 9754 9999 25  3 71  0  0 2021-07-25 04:37:41
 8  0      0 232739296  75884 3714988    0    0     0     0 9237 9516 24  4 72  0  0 2021-07-25 04:37:42
 7  0      0 232720384  75884 3714988    0    0     0     0 9526 9717 26  3 70  0  0 2021-07-25 04:37:43
14  0      0 232720032  75884 3715020    0    0     0     0 11141 11592 27  4 69  0  0 2021-07-25 04:37:44
 8  0      0 232718672  75884 3715128    0    0     4     0 10188 10280 25  4 72  0  0 2021-07-25 04:37:45
 6  0      0 232732288  75884 3715128    0    0     0    12 8424 9869 20  3 77  0  0 2021-07-25 04:37:46
 5  0      0 232656432  75884 3715128    0    0     0     0 10151 10938 24  4 72  0  0 2021-07-25 04:37:47
 9  0      0 232706528  75884 3715128    0    0     0     0 10711 11659 24  3 72  0  0 2021-07-25 04:37:48
10  0      0 232747952  75884 3715208    0    0     0     0 8401 8517 23  3 73  0  0 2021-07-25 04:37:49
13  0      0 232703344  75884 3715208    0    0     0     0 7416 5825 29  3 68  0  0 2021-07-25 04:37:50
 7  1      0 232627024  75884 3808720    0    0     0 16384 7246 5611 28  2 69  0  0 2021-07-25 04:37:51
 8  0      0 232642144  75900 3809192    0    0    12 75048 9267 8589 25  4 71  0  0 2021-07-25 04:37:52
 8  0      0 232641296  75900 3809196    0    0     0     0 8672 9606 20  4 76  0  0 2021-07-25 04:37:53
 8  0      0 232650368  75900 3809196    0    0     0     0 9595 9526 26  4 71  0  0 2021-07-25 04:37:54
 6  0      0 232584848  75900 3809196    0    0     0     0 9339 10002 23  3 73  0  0 2021-07-25 04:37:55
10  0      0 232672800  75900 3809196    0    0     0     0 11296 11814 26  3 70  0  0 2021-07-25 04:37:56
 8  0      0 232683888  75900 3809196    0    0     0     0 9861 10733 23  4 73  0  0 2021-07-25 04:37:57
 6  0      0 232656128  75900 3809196    0    0     0     0 9587 10182 24  3 72  0  0 2021-07-25 04:37:58
 7  0      0 232648064  75900 3809200    0    0     0     0 10253 10903 25  4 71  0  0 2021-07-25 04:37:59
 8  0      0 232628672  75900 3809200    0    0     0     0 7754 8175 20  4 75  0  0 2021-07-25 04:38:00
 7  0      0 232659152  75900 3809200    0    0     0     0 10038 10591 28  2 70  0  0 2021-07-25 04:38:01
 7  0      0 232618080  75908 3809192    0    0     4 91424 9328 8399 30  2 68  0  0 2021-07-25 04:38:02
 8  0      0 232556112  75908 3903204    0    0     0     0 8287 8442 23  4 73  0  0 2021-07-25 04:38:03
 8  0      0 232589120  75908 3903204    0    0     0     0 9227 10334 20  4 76  0  0 2021-07-25 04:38:04
 9  0      0 232578800  75908 3903204    0    0     0     0 8875 9082 24  3 72  0  0 2021-07-25 04:38:05
 8  0      0 232557632  75908 3903204    0    0     0     0 10154 11108 24  4 72  0  0 2021-07-25 04:38:06
13  0      0 232545024  75916 3903204    0    0     0    88 8826 8875 24  4 72  0  0 2021-07-25 04:38:07
11  0      0 232555616  75916 3903204    0    0     0     0 9668 10742 23  4 73  0  0 2021-07-25 04:38:08
 7  0      0 232555616  75916 3903204    0    0     0     0 10415 11263 24  3 73  0  0 2021-07-25 04:38:09
 5  0      0 232555104  75916 3903204    0    0     0     0 10117 10713 23  4 73  0  0 2021-07-25 04:38:10
 8  0      0 232584096  75916 3903204    0    0     0     0 10671 11438 23  4 73  0  0 2021-07-25 04:38:11
 5  0      0 232570144  75916 3903204    0    0     0     0 9920 10447 25  3 72  0  0 2021-07-25 04:38:12
 9  0      0 232566112  75920 3903216    0    0     4 91436 9466 9100 28  2 70  0  0 2021-07-25 04:38:13
 9  0      0 232453776  75920 3996728    0    0     0     0 7843 7420 25  3 72  0  0 2021-07-25 04:38:14
 8  0      0 232439920  75920 3997180    0    0     0     0 10782 11350 25  4 72  0  0 2021-07-25 04:38:15
10  0      0 232482752  75920 3997180    0    0     0     0 9665 10409 23  4 73  0  0 2021-07-25 04:38:16
 8  0      0 232510976  75920 3997180    0    0     0     0 9210 10457 20  4 76  0  0 2021-07-25 04:38:17
 7  0      0 232494656  75920 3997180    0    0     0     4 9760 10289 24  4 72  0  0 2021-07-25 04:38:18
 8  0      0 232460640  75920 3997180    0    0     0     0 9592 10657 21  4 74  0  0 2021-07-25 04:38:19
 4  0      0 232401920  75920 3997180    0    0     0     0 9675 10612 23  4 73  0  0 2021-07-25 04:38:20
13  0      0 232494160  75920 3997180    0    0     0     0 9786 10657 23  4 73  0  0 2021-07-25 04:38:21
 8  0      0 232475168  75920 3997180    0    0     0     0 10084 10750 25  3 72  0  0 2021-07-25 04:38:22
 4  0      0 232452240  75924 3997188    0    0     4 91436 9984 11171 21  4 75  0  0 2021-07-25 04:38:23
 7  0      0 232483232  75924 3997188    0    0     0     0 9547 9343 29  2 69  0  0 2021-07-25 04:38:24
10  0      0 232432080  75924 3997188    0    0     0     0 7509 5848 30  2 68  0  0 2021-07-25 04:38:25
 7  0      0 232361040  75924 4091184    0    0     0     0 6639 5363 24  4 72  0  0 2021-07-25 04:38:26
13  0      0 232358528  75924 4091184    0    0     0     0 9560 9669 24  4 72  0  0 2021-07-25 04:38:27
 7  0      0 232357760  75924 4091184    0    0     0     8 10073 10368 26  3 71  0  0 2021-07-25 04:38:28
13  0      0 232357760  75924 4091184    0    0     0     0 9004 8755 24  4 72  0  0 2021-07-25 04:38:29
 6  0      0 232339120  75924 4091184    0    0     0     0 9866 10964 24  3 73  0  0 2021-07-25 04:38:30
 9  0      0 232366080  75924 4091184    0    0     0     0 10028 10413 25  4 71  0  0 2021-07-25 04:38:31
 6  0      0 232379696  75924 4091184    0    0     0     0 8116 8412 22  4 74  0  0 2021-07-25 04:38:32
11  0      0 232345168  75924 4091184    0    0     0     0 9320 10534 22  4 74  0  0 2021-07-25 04:38:33
 8  0      0 232346672  75928 4091208    0    0     4 91424 10209 10753 22  5 73  0  0 2021-07-25 04:38:34
 5  0      0 232274592  75928 4091208    0    0     0     0 8952 9834 22  4 74  0  0 2021-07-25 04:38:35
 9  0      0 232368096  75928 4091212    0    0     0     0 10115 10812 26  2 71  0  0 2021-07-25 04:38:36
10  0      0 232319712  75928 4091212    0    0     0     0 8220 7799 26  2 71  0  0 2021-07-25 04:38:37
 7  0      0 232241120  75936 4185204    0    0     0    60 8629 8495 24  3 73  0  0 2021-07-25 04:38:38
 8  0      0 232226496  75936 4185204    0    0     0    72 10299 11344 23  3 74  0  0 2021-07-25 04:38:39
13  0      0 232252448  75936 4185204    0    0     0     0 10145 10216 26  3 71  0  0 2021-07-25 04:38:40
 6  0      0 232242624  75936 4185204    0    0     0     0 8955 9462 24  3 73  0  0 2021-07-25 04:38:41
 6  0      0 232273120  75936 4185204    0    0     0     0 9032 9803 22  4 74  0  0 2021-07-25 04:38:42
 7  0      0 232303616  75936 4185204    0    0     0     0 9101 9042 26  3 71  0  0 2021-07-25 04:38:43
 4  0      0 232306384  75936 4185204    0    0     0    12 9015 9328 23  4 73  0  0 2021-07-25 04:38:44
 8  0      0 232302304  75936 4185204    0    0     0     0 9004 10045 22  4 74  0  0 2021-07-25 04:38:45
 7  0      0 232301536  75936 4185204    0    0     0     0 9758 10723 23  3 74  0  0 2021-07-25 04:38:46
 7  0      0 232300784  75936 4185204    0    0     0     0 10603 11451 25  3 72  0  0 2021-07-25 04:38:47
10  0      0 232280880  75936 4185204    0    0     0     0 7844 6473 29  2 68  0  0 2021-07-25 04:38:48
 7  0      0 232214656  75940 4278712    0    0     4 91424 7805 6212 28  2 69  0  0 2021-07-25 04:38:49
 5  0      0 232125936  75940 4279172    0    0     0     0 8868 9319 23  4 74  0  0 2021-07-25 04:38:50
 4  0      0 232135264  75940 4279172    0    0     0     0 10239 11238 23  4 73  0  0 2021-07-25 04:38:51
 8  0      0 232135264  75940 4279172    0    0     0     0 9587 10548 22  4 74  0  0 2021-07-25 04:38:52
 8  0      0 232135264  75940 4279172    0    0     0     0 9210 10608 21  3 76  0  0 2021-07-25 04:38:53
 7  0      0 232150880  75940 4279176    0    0     0     0 9285 10345 22  3 75  0  0 2021-07-25 04:38:54
 7  0      0 232149072  75944 4279188    0    0     0    12 10080 10396 26  3 71  0  0 2021-07-25 04:38:55
 7  0      0 232149824  75944 4279188    0    0     0     0 9746 9716 26  4 70  0  0 2021-07-25 04:38:56
11  0      0 232180576  75944 4279188    0    0     0     0 9014 10272 21  4 75  0  0 2021-07-25 04:38:57
18  0      0 232158912  75944 4279188    0    0     0     0 10055 10639 25  3 72  0  0 2021-07-25 04:38:58
13  0      0 232158912  75944 4279188    0    0     0     0 10154 10138 29  2 68  0  0 2021-07-25 04:38:59
11  0      0 232160128  75948 4279200    0    0     4 91424 8222 6584 29  2 68  0  0 2021-07-25 04:39:00
 4  0      0 232052336  75948 4373160    0    0     0     0 7699 6665 26  3 71  0  0 2021-07-25 04:39:01
13  0      0 232055520  75948 4373160    0    0     0     0 9897 10935 23  3 74  0  0 2021-07-25 04:39:02
 7  0      0 232040400  75948 4373160    0    0     0     0 10540 11091 26  3 71  0  0 2021-07-25 04:39:03
 8  0      0 232072912  75948 4373160    0    0     0     0 9413 10348 22  4 74  0  0 2021-07-25 04:39:04
10  0      0 232099376  75948 4373164    0    0     0     8 10965 11251 28  3 69  0  0 2021-07-25 04:39:05
11  0      0 232088784  75948 4373164    0    0     0     0 7825 8738 18  5 77  0  0 2021-07-25 04:39:06
 8  0      0 232105168  75948 4373164    0    0     0     0 9786 10513 23  4 73  0  0 2021-07-25 04:39:07
12  0      0 232086768  75948 4373164    0    0     0     0 9234 9428 25  3 72  0  0 2021-07-25 04:39:08
12  0      0 232094832  75956 4373164    0    0     0    68 8963 10524 20  3 77  0  0 2021-07-25 04:39:09
 8  0      0 232085008  75960 4373164    0    0     4 91424 11153 12011 25  4 72  0  0 2021-07-25 04:39:10
 7  0      0 232074176  75960 4373164    0    0     0     0 7655 6184 29  3 68  0  0 2021-07-25 04:39:11
13  0      0 232031456  75960 4419304    0    0     0     0 7415 5720 29  2 69  0  0 2021-07-25 04:39:12
16  0      0 232013472  75960 4467168    0    0     0     0 7200 6145 24  4 72  0  0 2021-07-25 04:39:13
13  0      0 232008176  75960 4467172    0    0     0     0 7996 7631 23  3 73  0  0 2021-07-25 04:39:14
10  0      0 232017504  75960 4467172    0    0     0    12 10345 10766 26  4 70  0  0 2021-07-25 04:39:15
 9  0      0 231985712  75960 4467172    0    0     0     0 8630 9138 22  4 74  0  0 2021-07-25 04:39:16
 8  0      0 231960512  75960 4467172    0    0     0     0 10743 11802 23  4 74  0  0 2021-07-25 04:39:17
 8  0      0 231982944  75960 4467172    0    0     0     0 8900 8964 25  3 72  0  0 2021-07-25 04:39:18
10  0      0 231991008  75960 4467172    0    0     0     0 9948 11005 22  4 74  0  0 2021-07-25 04:39:19
10  0      0 232000336  75960 4467172    0    0     0     0 9367 10639 22  4 75  0  0 2021-07-25 04:39:20
 6  0      0 231992928  75980 4467232    0    0    16 91424 11191 11604 26  4 70  0  0 2021-07-25 04:39:21
 7  0      0 231984096  75980 4467244    0    0     0     0 9419 10848 22  3 75  0  0 2021-07-25 04:39:22
16  0      0 231999472  75980 4467244    0    0     0     0 8212 6765 31  2 67  0  0 2021-07-25 04:39:23
 7  0      0 231891936  75980 4561204    0    0     0     0 6991 5412 27  3 70  0  0 2021-07-25 04:39:24
 8  0      0 231891680  75980 4561204    0    0     0     0 10102 10434 25  3 72  0  0 2021-07-25 04:39:25
 7  0      0 231896464  75980 4561204    0    0     0     8 9322 10354 21  4 75  0  0 2021-07-25 04:39:26
11  0      0 231929216  75980 4561204    0    0     0     0 8576 9291 22  4 74  0  0 2021-07-25 04:39:27
 7  0      0 231907552  75980 4561204    0    0     0     0 9876 10891 24  3 73  0  0 2021-07-25 04:39:28
 8  0      0 231907296  75980 4561204    0    0     0     0 9365 10320 22  4 74  0  0 2021-07-25 04:39:29
 6  0      0 231908304  75980 4561204    0    0     0     0 9514 10276 24  3 72  0  0 2021-07-25 04:39:30
 7  0      0 231883840  76028 4561268    0    0    44 91428 9550 10374 22  4 74  0  0 2021-07-25 04:39:31
11  0      0 231882816  76028 4561296    0    0     0     0 9027 10006 22  4 74  0  0 2021-07-25 04:39:32
10  0      0 231882816  76028 4561296    0    0     0     0 11100 11182 28  4 68  0  0 2021-07-25 04:39:33
10  0      0 231873152  76028 4561296    0    0     0     0 10004 10138 28  3 69  0  0 2021-07-25 04:39:34
 7  0      0 231870640  76028 4561296    0    0     0     0 7514 5872 29  2 68  0  0 2021-07-25 04:39:35
14  0      0 231802128  76028 4655292    0    0     0     0 7380 6047 26  3 71  0  0 2021-07-25 04:39:36
 7  0      0 231814976  76028 4655292    0    0     0     0 9087 9588 24  4 73  0  0 2021-07-25 04:39:37
10  0      0 231860080  76028 4655292    0    0     0     0 10099 10583 25  4 71  0  0 2021-07-25 04:39:38
 7  0      0 231840672  76028 4655292    0    0     0     0 6976 7827 18  5 77  0  0 2021-07-25 04:39:39
 7  0      0 231834624  76036 4655292    0    0     0   108 10191 10640 25  3 71  0  0 2021-07-25 04:39:40
 8  0      0 231816992  76036 4655292    0    0     0     0 9238 9907 23  4 73  0  0 2021-07-25 04:39:41
 9  0      0 231816992  76036 4655292    0    0     0   104 10768 11059 26  3 70  0  0 2021-07-25 04:39:42
13  0      0 231804384  76036 4655292    0    0     0     0 7386 7029 22  4 74  0  0 2021-07-25 04:39:43
12  0      0 231799104  76036 4655292    0    0     0     0 9349 8773 26  3 70  0  0 2021-07-25 04:39:44
 8  0      0 231824048  76036 4655292    0    0     0     0 9892 10116 24  4 71  0  0 2021-07-25 04:39:45
 7  0      0 231787616  76036 4655336    0    0     0     0 9447 8738 30  2 68  0  0 2021-07-25 04:39:46
 7  0      0 231801696  76068 4655416    0    0    24 91444 8239 6618 29  2 68  0  0 2021-07-25 04:39:47
13  0      0 231702976  76068 4749376    0    0     0     0 6922 5796 24  3 72  0  0 2021-07-25 04:39:48
 7  0      0 231696928  76068 4749376    0    0     0     0 9076 9574 24  3 73  0  0 2021-07-25 04:39:49
 6  0      0 231710496  76068 4749376    0    0     0     0 10126 10390 25  4 71  0  0 2021-07-25 04:39:50
 8  0      0 231709840  76068 4749376    0    0     0     0 9775 11170 22  4 74  0  0 2021-07-25 04:39:51
 6  0      0 231701584  76068 4749416    0    0     0     0 9636 10212 24  3 72  0  0 2021-07-25 04:39:52
 7  0      0 231733840  76068 4749416    0    0     0     0 9931 10404 24  4 72  0  0 2021-07-25 04:39:53
 7  0      0 231731328  76068 4749420    0    0     0     0 8918 9954 20  4 76  0  0 2021-07-25 04:39:54
 4  0      0 231729056  76068 4749420    0    0     0     0 10990 11369 25  3 71  0  0 2021-07-25 04:39:55
 7  0      0 231692512  76068 4749420    0    0     0     0 8136 9772 19  4 77  0  0 2021-07-25 04:39:56
 8  0      0 231715952  76096 4749464    0    0    24 91432 10559 11471 22  4 74  0  0 2021-07-25 04:39:57
 7  0      0 231686464  76096 4749468    0    0     0     0 10624 11681 26  2 72  0  0 2021-07-25 04:39:58
11  0      0 231693776  76096 4749468    0    0     0     0 8806 9313 25  2 72  0  0 2021-07-25 04:39:59
 4  0      0 231593248  76096 4843460    0    0     0     0 8836 9551 23  3 74  0  0 2021-07-25 04:40:00
 8  0      0 231593248  76096 4843460    0    0     0     0 11054 11850 24  3 72  0  0 2021-07-25 04:40:01
15  0      0 231565280  76096 4843460    0    0     0     0 9363 10365 23  4 74  0  0 2021-07-25 04:40:02
 8  0      0 231565280  76096 4843460    0    0     0     0 9911 11281 21  3 76  0  0 2021-07-25 04:40:03
10  0      0 231577120  76096 4843460    0    0     0     0 9490 10484 22  4 74  0  0 2021-07-25 04:40:04
17  0      0 231570080  76096 4843460    0    0     0     0 9932 10903 22  4 74  0  0 2021-07-25 04:40:05
 7  0      0 231598304  76096 4843460    0    0     0     0 10760 11239 26  3 71  0  0 2021-07-25 04:40:06
 8  0      0 231598304  76096 4843460    0    0     0     0 8287 9611 18  4 77  0  0 2021-07-25 04:40:07
 6  0      0 231625504  76124 4843508    0    0    24 91428 10475 11217 23  4 73  0  0 2021-07-25 04:40:08
 5  0      0 231605344  76124 4843508    0    0     0     0 9860 10767 23  4 73  0  0 2021-07-25 04:40:09
 7  0      0 231613168  76124 4843508    0    0     0     0 8622 7713 30  2 68  0  0 2021-07-25 04:40:10
16  0      0 231584192  76132 4848020    0    0     0   136 7154 5615 28  2 69  0  0 2021-07-25 04:40:11
13  0      0 231486720  76132 4937468    0    0     0     0 8123 7841 23  4 73  0  0 2021-07-25 04:40:12
 5  0      0 231487360  76132 4937500    0    0     0     0 9349 10220 23  3 73  0  0 2021-07-25 04:40:13
 7  0      0 231510800  76132 4937504    0    0     0     0 9727 9824 26  4 71  0  0 2021-07-25 04:40:14
17  0      0 231503488  76132 4937504    0    0     0     0 10561 10840 26  4 70  0  0 2021-07-25 04:40:15
10  0      0 231531712  76132 4937504    0    0     0     0 11049 11551 28  3 69  0  0 2021-07-25 04:40:16
 9  0      0 231556912  76132 4937504    0    0     0     0 10150 11020 23  4 73  0  0 2021-07-25 04:40:17
 8  0      0 231543808  76136 4937512    0    0     4 91436 9946 11137 22  4 73  0  0 2021-07-25 04:40:18
 7  0      0 231486864  76136 4937512    0    0     0     0 8375 9112 21  4 75  0  0 2021-07-25 04:40:19
 8  0      0 231548352  76136 4937512    0    0     0     0 9845 11095 21  4 74  0  0 2021-07-25 04:40:20
 9  0      0 231517344  76136 4937512    0    0     0     0 10158 10389 29  2 69  0  0 2021-07-25 04:40:21
14  0      0 231501216  76136 4937516    0    0     0     0 7990 7395 27  3 70  0  0 2021-07-25 04:40:22
10  0      0 231403984  76136 5031508    0    0     0     0 8454 8338 25  3 72  0  0 2021-07-25 04:40:23
 9  0      0 231434224  76136 5031508    0    0     0     0 10020 10715 23  4 73  0  0 2021-07-25 04:40:24
 8  0      0 231421872  76136 5031508    0    0     0     0 7865 9643 17  4 79  0  0 2021-07-25 04:40:25
 8  0      0 231421856  76136 5031508    0    0     0     0 10564 11116 24  4 72  0  0 2021-07-25 04:40:26
 8  0      0 231421856  76136 5031508    0    0     0     0 10888 11123 27  3 70  0  0 2021-07-25 04:40:27
 8  0      0 231402448  76136 5031508    0    0     0     0 9432 10637 20  4 76  0  0 2021-07-25 04:40:28
 6  0      0 231405216  76136 5031508    0    0     0    16 9315 10375 21  4 75  0  0 2021-07-25 04:40:29
 6  0      0 231405216  76136 5031508    0    0     0     0 7988 9610 18  4 78  0  0 2021-07-25 04:40:30
16  0      0 231416064  76136 5031508    0    0     0     0 9703 10045 24  4 73  0  0 2021-07-25 04:40:31
 6  0      0 231436224  76136 5031508    0    0     0     0 10130 11065 22  4 74  0  0 2021-07-25 04:40:32
 7  0      0 231381792  76136 5031508    0    0     0     0 9151 8442 30  2 68  0  0 2021-07-25 04:40:33
10  0      0 231410976  76144 5031544    0    0     8 91424 8246 6456 29  3 68  0  0 2021-07-25 04:40:34
 8  0      0 231329648  76148 5125504    0    0     0     0 7122 5682 26  4 71  0  0 2021-07-25 04:40:35
 7  0      0 231303440  76148 5125504    0    0     0     0 10102 10900 24  4 73  0  0 2021-07-25 04:40:36
17  0      0 231338208  76148 5125504    0    0     0     0 10139 10958 24  4 72  0  0 2021-07-25 04:40:37
 8  0      0 231336960  76148 5125504    0    0     0     0 9672 10692 24  3 73  0  0 2021-07-25 04:40:38
14  0      0 231324352  76148 5125504    0    0     0     0 10638 11107 25  4 71  0  0 2021-07-25 04:40:39
10  0      0 231324096  76148 5125504    0    0     0     0 9196 9372 26  3 71  0  0 2021-07-25 04:40:40
 8  0      0 231363168  76148 5125504    0    0     0     0 9522 10591 22  3 75  0  0 2021-07-25 04:40:41
 8  0      0 231330656  76156 5125504    0    0     0    64 10032 10598 24  4 72  0  0 2021-07-25 04:40:42
 8  0      0 231342976  76156 5125520    0    0     0     0 10169 10811 25  4 72  0  0 2021-07-25 04:40:43
 7  0      0 231307712  76160 5125528    0    0     4 91572 10444 10057 29  2 68  0  0 2021-07-25 04:40:44
10  0      0 231334416  76160 5125528    0    0     0     0 7465 5827 29  2 69  0  0 2021-07-25 04:40:45
 0  4      0 231389376  76160 5249532    0    0 30204     0 7833 7544 11  2 87  0  0 2021-07-25 04:40:46
 1  0      0 245306848  76160 5153056    0    0  3900     0 22678 20255  1  5 94  0  0 2021-07-25 04:40:47
 0  0      0 246063888  76160 4807104    0    0     0     0 2334 1526  0  1 99  0  0 2021-07-25 04:40:48
 0  0      0 246063920  76160 4807104    0    0     0     0  476  809  0  0 100  0  0 2021-07-25 04:40:49
 0  0      0 246063920  76160 4807104    0    0     0     0  394  657  0  0 100  0  0 2021-07-25 04:40:50
 0  0      0 246063872  76160 4807104    0    0     0     0  422  670  0  0 100  0  0 2021-07-25 04:40:51
 0  0      0 246063072  76160 4807168    0    0     0     0  551  880  0  0 100  0  0 2021-07-25 04:40:52
 0  0      0 246063072  76160 4807168    0    0     0     0  426  729  0  0 100  0  0 2021-07-25 04:40:53
 0  0      0 246063072  76160 4807168    0    0     0     0  380  635  0  0 100  0  0 2021-07-25 04:40:54
 0  0      0 246063072  76160 4807168    0    0     0 91424  955 1062  0  0 100  0  0 2021-07-25 04:40:55
 0  0      0 246063072  76160 4807176    0    0     0     0  379  642  0  0 100  0  0 2021-07-25 04:40:56
 0  0      0 246063072  76160 4807176    0    0     0     0  435  712  0  0 100  0  0 2021-07-25 04:40:57
