#Date       Time        gpu rxpci txpci    sm   mem   enc   dec
#YYYYMMDD   HH:MM:SS    Idx  MB/s  MB/s     %     %     %     %
 20210724   07:47:07      0     0     0     0     0     0     0
 20210724   07:47:08      0     0     0     0     0     0     0
 20210724   07:47:09      0     0     0     0     0     0     0
 20210724   07:47:10      0     0     0     0     0     0     0
 20210724   07:47:12      0     0     0     0     0     0     0
 20210724   07:47:13      0     0     0     0     0     0     0
 20210724   07:47:14      0     0     0     0     0     0     0
 20210724   07:47:15      0     0     0     0     0     0     0
 20210724   07:47:16      0     0     0     0     0     0     0
 20210724   07:47:17      0     0     0     0     0     0     0
 20210724   07:47:18      0     0     0     0     0     0     0
 20210724   07:47:19      0     0     0     0     0     0     0
 20210724   07:47:20      0     0     0     0     0     0     0
 20210724   07:47:21      0     0     0     0     0     0     0
 20210724   07:47:23      0     0     0     0     0     0     0
 20210724   07:47:24      0     0     0     0     0     0     0
 20210724   07:47:25      0     0     0     0     0     0     0
 20210724   07:47:26      0     0     0     0     0     0     0
 20210724   07:47:27      0     0     0     0     0     0     0
 20210724   07:47:28      0     0     0     0     0     0     0
 20210724   07:47:29      0     0     0     0     0     0     0
 20210724   07:47:30      0     0     0     0     0     0     0
 20210724   07:47:32      0     0     0     0     0     0     0
 20210724   07:47:33      0     0     0     0     0     0     0
 20210724   07:47:34      0     0     0     0     0     0     0
 20210724   07:47:35      0     0     0     0     0     0     0
 20210724   07:47:36      0     0     0     0     0     0     0
 20210724   07:47:37      0     0     0     0     0     0     0
 20210724   07:47:38      0     0     0     0     0     0     0
 20210724   07:47:39      0     0     0     0     0     0     0
 20210724   07:47:41      0     0     0     0     0     0     0
 20210724   07:47:42      0     0     0     0     0     0     0
 20210724   07:47:43      0     0     0     0     0     0     0
 20210724   07:47:44      0     0     0     0     0     0     0
 20210724   07:47:45      0     0     0     0     0     0     0
 20210724   07:47:46      0     0     0     0     0     0     0
 20210724   07:47:47      0     0     0     0     0     0     0
 20210724   07:47:48      0     0     0     0     0     0     0
 20210724   07:47:49      0     0     0     0     0     0     0
 20210724   07:47:51      0     0     0     0     0     0     0
 20210724   07:47:52      0     0     0     0     0     0     0
 20210724   07:47:53      0     0     0     0     0     0     0
 20210724   07:47:54      0     0     0     0     0     0     0
 20210724   07:47:55      0     0     0     0     0     0     0
#Date       Time        gpu rxpci txpci    sm   mem   enc   dec
#YYYYMMDD   HH:MM:SS    Idx  MB/s  MB/s     %     %     %     %
 20210724   07:47:56      0     0     0     0     0     0     0
 20210724   07:47:57      0     0     0     0     0     0     0
 20210724   07:47:58      0     0     0     0     0     0     0
 20210724   07:48:00      0     0     0     0     0     0     0
 20210724   07:48:01      0     0     0     0     0     0     0
 20210724   07:48:02      0     0     0     0     0     0     0
 20210724   07:48:03      0     0     0     0     0     0     0
 20210724   07:48:04      0     0     0     0     0     0     0
 20210724   07:48:05      0     0    53     9     1     0     0
 20210724   07:48:06      0   323     7     4     0     0     0
 20210724   07:48:07      0   358    62     3     0     0     0
 20210724   07:48:08      0   318    24     4     0     0     0
 20210724   07:48:09      0     0     0     0     0     0     0
 20210724   07:48:10      0     0     0     0     0     0     0
 20210724   07:48:12      0     0     0     0     0     0     0
 20210724   07:48:13      0     0     0     0     0     0     0
 20210724   07:48:14      0     0     0     0     0     0     0
 20210724   07:48:15      0  3402   386    39    26     0     0
 20210724   07:48:16      0  3602   431     0     0     0     0
 20210724   07:48:17      0     0     0     0     0     0     0
 20210724   07:48:18      0     0     0     0     0     0     0
 20210724   07:48:19      0     0     0     0     0     0     0
 20210724   07:48:20      0     0     0     0     0     0     0
 20210724   07:48:21      0     0     0     0     0     0     0
 20210724   07:48:22      0     0     0    39    25     0     0
 20210724   07:48:24      0     0     0     0     0     0     0
 20210724   07:48:25      0     0     0     0     0     0     0
 20210724   07:48:26      0     0     0    19    11     0     0
 20210724   07:48:27      0     0     0     0     0     0     0
 20210724   07:48:28      0  3355   424     0     0     0     0
 20210724   07:48:29      0     0     0     0     0     0     0
 20210724   07:48:30      0     0     0     0     0     0     0
 20210724   07:48:31      0     0     0     0     0     0     0
 20210724   07:48:33      0     0     0     0     0     0     0
 20210724   07:48:34      0     0     0     0     0     0     0
 20210724   07:48:35      0     0     0     0     0     0     0
 20210724   07:48:36      0     0     0     0     0     0     0
 20210724   07:48:37      0     0     0     0     0     0     0
 20210724   07:48:38      0     0     0    39    25     0     0
 20210724   07:48:39      0     0     0     0     0     0     0
 20210724   07:48:40      0     0     0     0     0     0     0
 20210724   07:48:41      0     0     0     0     0     0     0
 20210724   07:48:42      0     0     0    39    28     0     0
 20210724   07:48:43      0     0     0     0     0     0     0
#Date       Time        gpu rxpci txpci    sm   mem   enc   dec
#YYYYMMDD   HH:MM:SS    Idx  MB/s  MB/s     %     %     %     %
 20210724   07:48:45      0  3408   387    60    28     0     0
 20210724   07:48:46      0     0     0     0     0     0     0
 20210724   07:48:47      0     0     0     0     0     0     0
 20210724   07:48:48      0     0     0     0     0     0     0
 20210724   07:48:49      0     0     0    18     0     0     0
 20210724   07:48:50      0     0     0     0     0     0     0
 20210724   07:48:51      0     0   356     0     0     0     0
 20210724   07:48:53      0  2572   329     0     0     0     0
 20210724   07:48:54      0  2206     7     0     0     0     0
 20210724   07:48:55      0     0     0    36    25     0     0
 20210724   07:48:56      0     0     0     0     0     0     0
 20210724   07:48:57      0     0     0     0     0     0     0
 20210724   07:48:58      0     0     0     0     0     0     0
 20210724   07:48:59      0     0     0    46    28     0     0
 20210724   07:49:00      0     0     0     0     0     0     0
 20210724   07:49:01      0    22   264     0     0     0     0
 20210724   07:49:02      0     0     0    56     0     0     0
 20210724   07:49:03      0     0     0     0     0     0     0
 20210724   07:49:04      0     0     0     0     0     0     0
 20210724   07:49:06      0  1112     0    24    12     0     0
 20210724   07:49:07      0     0     0    26     0     0     0
 20210724   07:49:08      0     0     0     0     0     0     0
 20210724   07:49:09      0     0     0     0     0     0     0
 20210724   07:49:10      0     0     0     0     0     0     0
 20210724   07:49:11      0     4     0    44    26     0     0
 20210724   07:49:12      0     0   259     0     0     0     0
 20210724   07:49:13      0     0     0     0     0     0     0
 20210724   07:49:14      0     0     0     0     0     0     0
 20210724   07:49:15      0     0     0     0     0     0     0
 20210724   07:49:16      0     0     0     0     0     0     0
 20210724   07:49:17      0     0     0     0     0     0     0
 20210724   07:49:19      0  1889   215     0     0     0     0
 20210724   07:49:20      0  2623   305    36    21     0     0
 20210724   07:49:21      0     0     0     0     0     0     0
 20210724   07:49:22      0     0     0     0     0     0     0
 20210724   07:49:23      0     0   402     0     0     0     0
 20210724   07:49:24      0  3818   331     0     0     0     0
 20210724   07:49:25      0  4079   268     0     0     0     0
 20210724   07:49:26      0     0     0    40    25     0     0
 20210724   07:49:27      0     0     0     0     0     0     0
 20210724   07:49:28      0     0     0     0     0     0     0
 20210724   07:49:29      0     0   458     0     0     0     0
 20210724   07:49:30      0     0     0    46    28     0     0
 20210724   07:49:32      0     0     0     0     0     0     0
#Date       Time        gpu rxpci txpci    sm   mem   enc   dec
#YYYYMMDD   HH:MM:SS    Idx  MB/s  MB/s     %     %     %     %
 20210724   07:49:33      0     0     0    46    28     0     0
 20210724   07:49:34      0     0     0     0     0     0     0
 20210724   07:49:35      0     0     0     0     0     0     0
 20210724   07:49:36      0  2581   250    13     3     0     0
 20210724   07:49:37      0     0     0     0     0     0     0
 20210724   07:49:38      0     0     0     0     0     0     0
 20210724   07:49:39      0     0     0     0     0     0     0
 20210724   07:49:40      0     0     0     0     0     0     0
 20210724   07:49:42      0  3059   379     0     0     0     0
 20210724   07:49:43      0     0     0     0     0     0     0
 20210724   07:49:44      0     0     0    44    26     0     0
 20210724   07:49:45      0     0     0     0     0     0     0
 20210724   07:49:46      0  2616   183     0     0     0     0
 20210724   07:49:47      0     0     0     0     0     0     0
 20210724   07:49:48      0     0   113     0     0     0     0
 20210724   07:49:49      0     0     0    45     0     0     0
 20210724   07:49:50      0     0     0     0     0     0     0
 20210724   07:49:52      0     0     0     0     0     0     0
 20210724   07:49:53      0  2571   309    40    24     0     0
 20210724   07:49:54      0     0     0     0     0     0     0
 20210724   07:49:55      0     0     0     0     0     0     0
 20210724   07:49:56      0     0     0     0     0     0     0
 20210724   07:49:57      0     0     0     0     0     0     0
 20210724   07:49:58      0     0     0    44    25     0     0
 20210724   07:49:59      0     0     0     0     0     0     0
 20210724   07:50:00      0     0     0     0     0     0     0
 20210724   07:50:01      0     0     0     0     0     0     0
 20210724   07:50:03      0     0     0     0     0     0     0
 20210724   07:50:04      0     0     0     0     0     0     0
 20210724   07:50:05      0  2312   216    13     3     0     0
 20210724   07:50:06      0     0     0    12     0     0     0
 20210724   07:50:07      0     0     0    21    15     0     0
 20210724   07:50:08      0     0     0     0     0     0     0
 20210724   07:50:09      0     0     0     0     0     0     0
 20210724   07:50:10      0  2607   281     0     0     0     0
 20210724   07:50:11      0   617     0     0     0     0     0
 20210724   07:50:12      0     9     0    39    23     0     0
 20210724   07:50:13      0     0     0     0     0     0     0
 20210724   07:50:15      0     0     0     0     0     0     0
 20210724   07:50:16      0     0     0     0     0     0     0
 20210724   07:50:17      0  2443   310     0     0     0     0
 20210724   07:50:18      0     0     0     6     3     0     0
 20210724   07:50:19      0     0     0     0     0     0     0
 20210724   07:50:20      0   511     0    46    28     0     0
#Date       Time        gpu rxpci txpci    sm   mem   enc   dec
#YYYYMMDD   HH:MM:SS    Idx  MB/s  MB/s     %     %     %     %
 20210724   07:50:21      0     0     0     0     0     0     0
 20210724   07:50:22      0     0     0     0     0     0     0
 20210724   07:50:23      0  4913   339    13     3     0     0
 20210724   07:50:24      0     0     0    42    26     0     0
 20210724   07:50:25      0     0     0     0     0     0     0
 20210724   07:50:27      0     0     0     0     0     0     0
 20210724   07:50:28      0     0     0     0     0     0     0
 20210724   07:50:29      0     0     0     0     0     0     0
 20210724   07:50:30      0     0     0    44    25     0     0
 20210724   07:50:31      0  2392    57    30    16     0     0
 20210724   07:50:32      0     0     0     0     0     0     0
 20210724   07:50:33      0     0     0     0     0     0     0
 20210724   07:50:34      0     0     0     0     0     0     0
 20210724   07:50:35      0     0     0     0     0     0     0
 20210724   07:50:36      0  2312   217     0     0     0     0
 20210724   07:50:38      0     0     0    38     0     0     0
 20210724   07:50:39      0     0     0    37    28     0     0
 20210724   07:50:40      0     0     0     0     0     0     0
 20210724   07:50:41      0     0     0     0     0     0     0
 20210724   07:50:42      0  2321   249     0     0     0     0
 20210724   07:50:43      0     1     0    46    28     0     0
 20210724   07:50:44      0     1     0    30    16     0     0
 20210724   07:50:45      0     0     0    44    25     0     0
 20210724   07:50:46      0     0     0     0     0     0     0
 20210724   07:50:47      0     0     0     0     0     0     0
 20210724   07:50:48      0     0   539     0     0     0     0
 20210724   07:50:49      0     0     0    43    26     0     0
 20210724   07:50:51      0     0     0     0     0     0     0
 20210724   07:50:52      0     2     0     0     0     0     0
 20210724   07:50:53      0     0     0     6     0     0     0
 20210724   07:50:54      0     0     0     0     0     0     0
 20210724   07:50:55      0  3708   440     0     0     0     0
 20210724   07:50:56      0     0     0    41    28     0     0
 20210724   07:50:57      0     0     0     0     0     0     0
 20210724   07:50:58      0     0     0     0     0     0     0
 20210724   07:50:59      0     0     0     0     0     0     0
 20210724   07:51:01      0     0   466     0     0     0     0
 20210724   07:51:02      0     0     0     0     0     0     0
 20210724   07:51:03      0     0     0     0     0     0     0
 20210724   07:51:04      0     0     0     0     0     0     0
 20210724   07:51:05      0     1     0    45    31     0     0
 20210724   07:51:06      0     0     0     0     0     0     0
 20210724   07:51:07      0     0     0    42    28     0     0
 20210724   07:51:08      0     0     0     0     0     0     0
#Date       Time        gpu rxpci txpci    sm   mem   enc   dec
#YYYYMMDD   HH:MM:SS    Idx  MB/s  MB/s     %     %     %     %
 20210724   07:51:09      0     0     0     0     0     0     0
 20210724   07:51:11      0  3858   436     3     0     0     0
 20210724   07:51:12      0     0     0     0     0     0     0
 20210724   07:51:13      0     0     0     0     0     0     0
 20210724   07:51:14      0     0     0     0     0     0     0
 20210724   07:51:15      0     0     0     0     0     0     0
 20210724   07:51:16      0  4794   244     0     0     0     0
 20210724   07:51:17      0     0     0     0     0     0     0
 20210724   07:51:18      0     0     0     0     0     0     0
 20210724   07:51:20      0     0   256     0     0     0     0
 20210724   07:51:21      0     0     0    22    16     0     0
 20210724   07:51:22      0     0     0     0     0     0     0
 20210724   07:51:23      0     0     0     0     0     0     0
 20210724   07:51:24      0     0     0     0     0     0     0
 20210724   07:51:25      0     0     0     0     0     0     0
 20210724   07:51:26      0  5471   487     0     0     0     0
 20210724   07:51:27      0     0     0    42    28     0     0
 20210724   07:51:28      0     0     0     0     0     0     0
 20210724   07:51:29      0     0     0     0     0     0     0
 20210724   07:51:31      0     0     0     0     0     0     0
 20210724   07:51:32      0     0     0     0     0     0     0
 20210724   07:51:33      0     0     0     0     0     0     0
 20210724   07:51:34      0     0     0    35    24     0     0
 20210724   07:51:35      0     0     0     0     0     0     0
 20210724   07:51:36      0     0   601     0     0     0     0
 20210724   07:51:37      0     0     0     0     0     0     0
 20210724   07:51:38      0     0   615     0     0     0     0
 20210724   07:51:39      0     0     0    70     0     0     0
 20210724   07:51:41      0     0     0     0     0     0     0
 20210724   07:51:42      0  5847   435     0     0     0     0
 20210724   07:51:43      0     0     0    20    14     0     0
 20210724   07:51:44      0     0     0     0     0     0     0
 20210724   07:51:45      0     0     0     0     0     0     0
 20210724   07:51:46      0     0     0     0     0     0     0
 20210724   07:51:47      0     0     0     0     0     0     0
 20210724   07:51:48      0     0     0    13     9     0     0
 20210724   07:51:50      0     0    32     0     0     0     0
 20210724   07:51:51      0     0     0     0     0     0     0
 20210724   07:51:52      0     0     0     0     0     0     0
 20210724   07:51:53      0     0     0     0     0     0     0
 20210724   07:51:54      0     0     0     0     0     0     0
 20210724   07:51:55      0  3396   386    81    28     0     0
 20210724   07:51:56      0     0     0     0     0     0     0
 20210724   07:51:57      0     0     0     0     0     0     0
#Date       Time        gpu rxpci txpci    sm   mem   enc   dec
#YYYYMMDD   HH:MM:SS    Idx  MB/s  MB/s     %     %     %     %
 20210724   07:51:58      0     0   253     0     0     0     0
 20210724   07:51:59      0     0     0     0     0     0     0
 20210724   07:52:01      0     0     0     0     0     0     0
 20210724   07:52:02      0     0     0     0     0     0     0
 20210724   07:52:03      0     0     0     0     0     0     0
 20210724   07:52:04      0     5     0    39    25     0     0
 20210724   07:52:05      0     0   638     0     0     0     0
 20210724   07:52:06      0     0     0     0     0     0     0
 20210724   07:52:07      0     0     0     0     0     0     0
 20210724   07:52:08      0     0     0     0     0     0     0
 20210724   07:52:09      0     0     0     0     0     0     0
 20210724   07:52:11      0  3398   386    22    14     0     0
 20210724   07:52:12      0     0     0     4     0     0     0
 20210724   07:52:13      0     0     0     0     0     0     0
 20210724   07:52:14      0     0     0     0     0     0     0
 20210724   07:52:15      0  3764   438     0     0     0     0
 20210724   07:52:16      0  2822     1    12     6     0     0
 20210724   07:52:17      0  1731   387    19    12     0     0
 20210724   07:52:18      0     0     0    38    25     0     0
 20210724   07:52:19      0     0     0     0     0     0     0
 20210724   07:52:20      0     0     0     0     0     0     0
 20210724   07:52:21      0     0     0     0     0     0     0
 20210724   07:52:22      0     0     0     0     0     0     0
 20210724   07:52:24      0     0     0     0     0     0     0
 20210724   07:52:25      0     0     0    28    20     0     0
 20210724   07:52:26      0     0     0     0     0     0     0
 20210724   07:52:27      0     0   478     0     0     0     0
 20210724   07:52:28      0     0    45     0     0     0     0
 20210724   07:52:29      0     0     0    19     0     0     0
 20210724   07:52:30      0     0     0     0     0     0     0
 20210724   07:52:31      0     0     0     0     0     0     0
 20210724   07:52:32      0     0     0     0     0     0     0
 20210724   07:52:33      0     0     0     0     0     0     0
 20210724   07:52:35      0     0     0    10     4     0     0
 20210724   07:52:36      0     0     0     0     0     0     0
 20210724   07:52:37      0     0     0     4     1     0     0
 20210724   07:52:38      0     0   180     0     0     0     0
 20210724   07:52:39      0     0     0    34    26     0     0
 20210724   07:52:40      0     0   187     0     0     0     0
 20210724   07:52:41      0     0     0    42    28     0     0
 20210724   07:52:42      0     0     0     6     0     0     0
 20210724   07:52:43      0     0     0     0     0     0     0
 20210724   07:52:44      0  6499   407     0     0     0     0
 20210724   07:52:45      0     0     0    35    27     0     0
#Date       Time        gpu rxpci txpci    sm   mem   enc   dec
#YYYYMMDD   HH:MM:SS    Idx  MB/s  MB/s     %     %     %     %
 20210724   07:52:47      0     0     0     0     0     0     0
 20210724   07:52:48      0     0     0     0     0     0     0
 20210724   07:52:49      0     0     0     0     0     0     0
 20210724   07:52:50      0  3462   480    11     6     0     0
 20210724   07:52:51      0     0     0     0     0     0     0
 20210724   07:52:52      0     0     0    43    26     0     0
 20210724   07:52:53      0     0     0     0     0     0     0
 20210724   07:52:54      0     0     0     0     0     0     0
 20210724   07:52:55      0     0     0     0     0     0     0
 20210724   07:52:56      0     0     0     0     0     0     0
 20210724   07:52:57      0  3407   387    94    28     0     0
 20210724   07:52:58      0     0     0     0     0     0     0
 20210724   07:53:00      0     0     0     0     0     0     0
 20210724   07:53:01      0     0     0     0     0     0     0
 20210724   07:53:02      0  3684   385     0     0     0     0
 20210724   07:53:03      0     0     0    74    28     0     0
 20210724   07:53:04      0     0     0    35     5     0     0
 20210724   07:53:05      0     0     0     0     0     0     0
 20210724   07:53:06      0     0     0     0     0     0     0
 20210724   07:53:07      0     0     0     0     0     0     0
 20210724   07:53:08      0     0     0     0     0     0     0
 20210724   07:53:09      0     0     0     0     0     0     0
 20210724   07:53:10      0     0     0     0     0     0     0
 20210724   07:53:12      0     0     0     0     0     0     0
 20210724   07:53:13      0     0     0     0     0     0     0
 20210724   07:53:14      0  3569   404    60    28     0     0
 20210724   07:53:15      0  3339   150     6     1     0     0
 20210724   07:53:16      0     0     0    23     0     0     0
 20210724   07:53:17      0     0     0     0     0     0     0
 20210724   07:53:18      0     0   683     0     0     0     0
 20210724   07:53:19      0  4302   429     0     0     0     0
 20210724   07:53:20      0  2762     9     0     0     0     0
 20210724   07:53:21      0     0     0    24    17     0     0
 20210724   07:53:22      0     0     0     0     0     0     0
 20210724   07:53:24      0     1     0     2     0     0     0
 20210724   07:53:25      0     0     0     0     0     0     0
 20210724   07:53:26      0     0     0     0     0     0     0
 20210724   07:53:27      0     0     0     0     0     0     0
 20210724   07:53:28      0     0     0     0     0     0     0
 20210724   07:53:29      0     0     0     0     0     0     0
 20210724   07:53:30      0     0     0     0     0     0     0
 20210724   07:53:31      0     0     0     0     0     0     0
 20210724   07:53:32      0     0     0     0     0     0     0
 20210724   07:53:34      0     0     0     0     0     0     0
#Date       Time        gpu rxpci txpci    sm   mem   enc   dec
#YYYYMMDD   HH:MM:SS    Idx  MB/s  MB/s     %     %     %     %
 20210724   07:53:35      0     0     0     0     0     0     0
 20210724   07:53:36      0     0     0     0     0     0     0
 20210724   07:53:37      0     0     0     0     0     0     0
 20210724   07:53:38      0     0     0     0     0     0     0
 20210724   07:53:39      0     0     0     0     0     0     0
 20210724   07:53:40      0     0     0     0     0     0     0
 20210724   07:53:41      0     0     0     0     0     0     0
 20210724   07:53:43      0     0     0     0     0     0     0
 20210724   07:53:44      0     0     0     0     0     0     0
 20210724   07:53:45      0     0     0     0     0     0     0
 20210724   07:53:46      0     0     0     0     0     0     0
 20210724   07:53:47      0     0     0     0     0     0     0
 20210724   07:53:48      0     0     0     0     0     0     0
 20210724   07:53:49      0     0     0     0     0     0     0
 20210724   07:53:50      0     0     0     0     0     0     0
 20210724   07:53:52      0     0     0     0     0     0     0
 20210724   07:53:53      0     0     0     0     0     0     0
 20210724   07:53:54      0     0     0     0     0     0     0
 20210724   07:53:55      0     0     0     0     0     0     0
 20210724   07:53:56      0