procs -----------memory---------- ---swap-- -----io---- -system-- ------cpu----- -----timestamp-----
 r  b   swpd   free   buff  cache   si   so    bi    bo   in   cs us sy id wa st                 UTC
 0  0      0 59329080   2088 2335408    0    0    18    17  176  173 10  1 89  0  0 2021-07-24 07:47:13
 0  0      0 59330052   2088 2335408    0    0     0     0  666  953  0  0 100  0  0 2021-07-24 07:47:14
 0  0      0 59329988   2088 2335412    0    0     0     0  502  875  0  0 100  0  0 2021-07-24 07:47:15
 0  0      0 59329988   2088 2335412    0    0     0     0  511  886  0  0 100  0  0 2021-07-24 07:47:16
 0  0      0 59329988   2088 2335412    0    0     0     0  509  874  0  0 100  0  0 2021-07-24 07:47:17
 0  0      0 59328644   2088 2335412    0    0     0   348  680  960  0  0 100  0  0 2021-07-24 07:47:18
 0  0      0 59328532   2088 2335416    0    0     0     0  482  832  0  0 100  0  0 2021-07-24 07:47:19
 0  0      0 59328532   2088 2335416    0    0     0     0  489  866  0  0 100  0  0 2021-07-24 07:47:20
 0  0      0 59328532   2088 2335416    0    0     0     0  483  854  0  0 100  0  0 2021-07-24 07:47:21
 0  0      0 59328532   2088 2335416    0    0     0     0  600  992  0  0 100  0  0 2021-07-24 07:47:22
 0  0      0 59328008   2088 2335416    0    0     0     0  727 1086  0  0 100  0  0 2021-07-24 07:47:23
 0  0      0 59328276   2088 2335424    0    0     0     0  518  900  0  0 100  0  0 2021-07-24 07:47:24
 0  0      0 59328276   2088 2335424    0    0     0     0  648  858  0  0 100  0  0 2021-07-24 07:47:25
 0  0      0 59328276   2088 2335424    0    0     0     0  685  918  0  0 100  0  0 2021-07-24 07:47:26
 0  0      0 59328276   2088 2335424    0    0     0     0  501  892  0  0 100  0  0 2021-07-24 07:47:27
 0  0      0 59329176   2088 2335424    0    0     0     0  720 1004  0  0 100  0  0 2021-07-24 07:47:28
 0  0      0 59329564   2088 2335556    0    0     0     0  566  951  0  0 100  0  0 2021-07-24 07:47:29
 0  0      0 59329564   2088 2335560    0    0     0     0  551  937  0  0 100  0  0 2021-07-24 07:47:30
 0  0      0 59329564   2088 2335560    0    0     0     0  508  912  0  0 100  0  0 2021-07-24 07:47:31
 0  0      0 59327532   2088 2335560    0    0     0    20  672 1012  0  0 100  0  0 2021-07-24 07:47:32
 0  0      0 59327536   2088 2335560    0    0     0     0  513  880  0  0 100  0  0 2021-07-24 07:47:33
procs -----------memory---------- ---swap-- -----io---- -system-- ------cpu----- -----timestamp-----
 r  b   swpd   free   buff  cache   si   so    bi    bo   in   cs us sy id wa st                 UTC
 0  0      0 59327536   2088 2335560    0    0     0     4  511  906  0  0 100  0  0 2021-07-24 07:47:34
 0  0      0 59327536   2088 2335560    0    0     0     0  514  897  0  0 100  0  0 2021-07-24 07:47:35
 0  0      0 59327536   2088 2335560    0    0     0     0  510  905  0  0 100  0  0 2021-07-24 07:47:36
 0  0      0 59327536   2088 2335560    0    0     0     0  514  899  0  0 100  0  0 2021-07-24 07:47:37
 0  0      0 59327536   2088 2335560    0    0     0     0  527  928  0  0 100  0  0 2021-07-24 07:47:38
 0  0      0 59327536   2088 2335560    0    0     0   117  530  934  0  0 100  0  0 2021-07-24 07:47:39
 0  0      0 59327536   2088 2335560    0    0     0     0  568  971  0  0 100  0  0 2021-07-24 07:47:40
 0  0      0 59327264   2088 2335560    0    0     0     0  540  933  0  0 100  0  0 2021-07-24 07:47:41
 0  0      0 59328504   2088 2335560    0    0     0     0 1011 1006  0  0 100  0  0 2021-07-24 07:47:42
 0  0      0 59328444   2088 2335568    0    0     0     0  518  893  0  0 100  0  0 2021-07-24 07:47:43
 0  0      0 59328452   2088 2335568    0    0     0     4  551  937  0  0 100  0  0 2021-07-24 07:47:44
 0  0      0 59328452   2088 2335568    0    0     0     0  635 1054  0  0 100  0  0 2021-07-24 07:47:45
 0  0      0 59327420   2088 2335568    0    0     0     0  655  994  0  0 100  0  0 2021-07-24 07:47:46
 0  0      0 59327292   2088 2335572    0    0     0     0  539  943  0  0 100  0  0 2021-07-24 07:47:47
 0  0      0 59327292   2088 2335572    0    0     0     0  514  912  0  0 100  0  0 2021-07-24 07:47:48
 0  0      0 59327292   2088 2335572    0    0     0     0  489  873  0  0 100  0  0 2021-07-24 07:47:49
 0  0      0 59327292   2088 2335576    0    0     0     0  520  925  0  0 100  0  0 2021-07-24 07:47:50
 0  0      0 59327292   2088 2335576    0    0     0     0  517  908  0  0 100  0  0 2021-07-24 07:47:51
 0  0      0 59327292   2088 2335576    0    0     0     0  505  891  0  0 100  0  0 2021-07-24 07:47:52
 0  0      0 59327292   2088 2335576    0    0     0     0  509  896  0  0 100  0  0 2021-07-24 07:47:53
 0  0      0 59327292   2088 2335576    0    0     0   284  528  896  0  0 100  0  0 2021-07-24 07:47:54
procs -----------memory---------- ---swap-- -----io---- -system-- ------cpu----- -----timestamp-----
 r  b   swpd   free   buff  cache   si   so    bi    bo   in   cs us sy id wa st                 UTC
 0  0      0 59327156   2088 2335576    0    0     0     0  521  889  0  0 100  0  0 2021-07-24 07:47:55
 0  0      0 59328816   2088 2335580    0    0     0     0  661  969  0  0 100  0  0 2021-07-24 07:47:56
 0  0      0 59328816   2088 2335580    0    0     0     0  541  949  0  0 100  0  0 2021-07-24 07:47:57
 0  0      0 59328816   2088 2335580    0    0     0     0  885  967  0  0 100  0  0 2021-07-24 07:47:58
 0  0      0 59328816   2088 2335580    0    0     0     4  530  923  0  0 100  0  0 2021-07-24 07:47:59
 0  0      0 59326912   2088 2335584    0    0     0     0  683 1013  0  0 100  0  0 2021-07-24 07:48:00
 0  0      0 59326912   2088 2335588    0    0     0     0  540  935  0  0 100  0  0 2021-07-24 07:48:01
 0  0      0 59326912   2088 2335588    0    0     0     0  516  914  0  0 100  0  0 2021-07-24 07:48:02
 1  0      0 59301576   2088 2335588    0    0     0     0  798 1214  2  0 97  0  0 2021-07-24 07:48:03
 1  0      0 59176284   2088 2335596    0    0     0     0 3351 1337 20 13 67  0  0 2021-07-24 07:48:04
 2  0      0 59150592   2088 2335596    0    0     0     0 2835 2616  3  0 97  0  0 2021-07-24 07:48:05
 1  0      0 58561056   2088 2345840    0    0     0     0 1402 1318  8  5 87  0  0 2021-07-24 07:48:06
 1  0      0 57918680   2088 2345840    0    0     0     0  812  974  9  4 87  0  0 2021-07-24 07:48:07
 1  0      0 57245032   2088 2345840    0    0     0     0  793  956  9  4 87  0  0 2021-07-24 07:48:08
 1  0      0 56700532   2088 2347784    0    0     0     0  920 1049  9  4 87  0  0 2021-07-24 07:48:09
 1  0      0 56570404   2088 2385580    0    0     0     8 5978 2678 16  2 82  0  0 2021-07-24 07:48:10
 4  0      0 56455500   2088 2465968    0    0     0     0 2056 1973 20  1 79  0  0 2021-07-24 07:48:11
 1  0      0 56378116   2088 2541344    0    0     0     0 2157 2016 21  2 77  0  0 2021-07-24 07:48:12
 1  0      0 56387024   2088 2541344    0    0     0     0 1714 1621 18  1 81  0  0 2021-07-24 07:48:13
 4  0      0 56386584   2088 2541348    0    0     0     0 3033 2421 25  1 74  0  0 2021-07-24 07:48:14
 4  0      0 56387132   2088 2541348    0    0     0    28 2479 2144 24  3 73  0  0 2021-07-24 07:48:15
procs -----------memory---------- ---swap-- -----io---- -system-- ------cpu----- -----timestamp-----
 r  b   swpd   free   buff  cache   si   so    bi    bo   in   cs us sy id wa st                 UTC
 1  0      0 56380688   2088 2541352    0    0     0     0 2562 2277 25  2 73  0  0 2021-07-24 07:48:16
 1  0      0 56349320   2088 2541352    0    0     0     0 2257 2083 23  1 76  0  0 2021-07-24 07:48:17
 1  0      0 56348832   2088 2541352    0    0     0     0 2455 2175 24  2 74  0  0 2021-07-24 07:48:18
 2  0      0 56348836   2088 2541368    0    0     0     0 2586 2233 24  3 73  0  0 2021-07-24 07:48:19
 2  0      0 56349088   2088 2541368    0    0     0     0 2317 2013 23  3 74  0  0 2021-07-24 07:48:20
 1  0      0 56382452   2088 2541368    0    0     0     0 2382 2159 22  2 76  0  0 2021-07-24 07:48:21
 1  0      0 56351652   2088 2541368    0    0     0     0 2423 2194 23  2 75  0  0 2021-07-24 07:48:22
 4  0      0 56333772   2088 2541368    0    0     0     0 2239 2101 21  1 77  0  0 2021-07-24 07:48:23
 1  0      0 56335084   2088 2541372    0    0     0     0 2757 2405 26  1 73  0  0 2021-07-24 07:48:24
 4  0      0 56362412   2088 2541380    0    0     0     0 1953 1737 22  1 77  0  0 2021-07-24 07:48:25
 1  0      0 56345676   2088 2541380    0    0     0     0 1495 1520 18  0 82  0  0 2021-07-24 07:48:26
 1  0      0 56342780   2088 2541384    0    0     0     0 2640 2083 21  2 77  0  0 2021-07-24 07:48:27
 4  0      0 56342784   2088 2541388    0    0     0    15 2300 2029 23  1 76  0  0 2021-07-24 07:48:28
 1  0      0 56367716   2088 2541392    0    0     0     0 2011 1811 21  2 78  0  0 2021-07-24 07:48:29
 1  0      0 56349120   2088 2541392    0    0     0   312 3042 2359 26  2 73  0  0 2021-07-24 07:48:30
 2  0      0 56349412   2088 2541392    0    0     0     0 2676 2131 26  4 70  0  0 2021-07-24 07:48:31
 4  0      0 56349412   2088 2541392    0    0     0     0 2079 1924 22  1 77  0  0 2021-07-24 07:48:32
 1  0      0 56349424   2088 2541400    0    0     0     0 2621 2180 25  3 72  0  0 2021-07-24 07:48:33
 1  0      0 56349548   2088 2541400    0    0     0     0 2569 2289 25  1 74  0  0 2021-07-24 07:48:34
 1  0      0 56349304   2088 2541400    0    0     0     0 2437 2104 24  2 74  0  0 2021-07-24 07:48:35
 4  0      0 56386360   2088 2541400    0    0     0     0 2118 1877 22  2 76  0  0 2021-07-24 07:48:36
procs -----------memory---------- ---swap-- -----io---- -system-- ------cpu----- -----timestamp-----
 r  b   swpd   free   buff  cache   si   so    bi    bo   in   cs us sy id wa st                 UTC
 1  0      0 56371416   2088 2541400    0    0     0     0 2785 2390 25  2 73  0  0 2021-07-24 07:48:37
 1  0      0 56357180   2088 2541400    0    0     0     0 2637 2404 24  1 75  0  0 2021-07-24 07:48:38
 4  0      0 56338952   2088 2541400    0    0     0     0 2293 2118 23  1 76  0  0 2021-07-24 07:48:39
 1  0      0 56380892   2088 2541408    0    0     0     4 1868 1834 19  1 80  0  0 2021-07-24 07:48:40
 1  0      0 56386128   2088 2541408    0    0     0    80 1935 1810 19  1 80  0  0 2021-07-24 07:48:41
 1  0      0 56357388   2088 2541412    0    0     0     0 1997 1866 20  1 78  0  0 2021-07-24 07:48:42
 1  0      0 56357016   2088 2541412    0    0     0     0 2514 2254 25  1 74  0  0 2021-07-24 07:48:43
 1  0      0 56377632   2088 2541412    0    0     0     0 1413 1432 17  0 83  0  0 2021-07-24 07:48:44
 2  0      0 56353428   2088 2541412    0    0     0     4 3048 2792 24  3 74  0  0 2021-07-24 07:48:45
 1  0      0 56353024   2088 2541432    0    0     0     0 2539 1738 17  8 74  0  0 2021-07-24 07:48:46
 1  0      0 56353648   2088 2541432    0    0     0     0 2445 2033 25  3 72  0  0 2021-07-24 07:48:47
 4  0      0 56353452   2088 2541432    0    0     0     0 2551 2174 25  3 72  0  0 2021-07-24 07:48:48
 1  0      0 56353656   2088 2541440    0    0     0     0 2205 2018 22  1 77  0  0 2021-07-24 07:48:49
 4  0      0 56353788   2088 2541440    0    0     0     0 2451 2166 24  2 74  0  0 2021-07-24 07:48:50
 2  0      0 56355408   2088 2541440    0    0     0    52 2798 2381 25  2 72  0  0 2021-07-24 07:48:51
 2  0      0 56355704   2088 2541444    0    0     0     0 2292 2024 22  3 75  0  0 2021-07-24 07:48:52
 2  0      0 56377284   2088 2541448    0    0     0     0 2236 2041 22  2 77  0  0 2021-07-24 07:48:53
 1  0      0 56356580   2088 2541448    0    0     0     0 2538 2256 25  1 73  0  0 2021-07-24 07:48:54
 4  0      0 56337592   2088 2541456    0    0     0     0 2277 2079 20  2 78  0  0 2021-07-24 07:48:55
 4  0      0 56337440   2088 2541456    0    0     0    12 2631 2353 26  1 73  0  0 2021-07-24 07:48:56
 4  0      0 56355300   2088 2541456    0    0     0     0 1900 1789 19  2 79  0  0 2021-07-24 07:48:57
procs -----------memory---------- ---swap-- -----io---- -system-- ------cpu----- -----timestamp-----
 r  b   swpd   free   buff  cache   si   so    bi    bo   in   cs us sy id wa st                 UTC
 4  0      0 56342032   2088 2541456    0    0     0     0 1622 1624 17  1 82  0  0 2021-07-24 07:48:58
 1  0      0 56341784   2088 2541456    0    0     0     0 1869 1803 20  1 79  0  0 2021-07-24 07:48:59
 1  0      0 56340924   2088 2541460    0    0     0     0 2316 2079 23  1 75  0  0 2021-07-24 07:49:00
 1  0      0 56372796   2088 2541460    0    0     0    20 1880 1719 19  2 79  0  0 2021-07-24 07:49:01
 1  0      0 56340188   2088 2541460    0    0     0     0 2545 2350 25  1 74  0  0 2021-07-24 07:49:02
 4  0      0 56340308   2088 2541460    0    0     0     0 2867 2176 25  3 72  0  0 2021-07-24 07:49:03
 1  0      0 56339948   2088 2541468    0    0     0     0 2293 2011 23  2 75  0  0 2021-07-24 07:49:04
 2  0      0 56340856   2088 2541468    0    0     0     0 2661 2269 25  2 73  0  0 2021-07-24 07:49:05
 1  0      0 56340752   2088 2541472    0    0     0     0 2438 2098 24  2 74  0  0 2021-07-24 07:49:06
 1  0      0 56340752   2088 2541476    0    0     0     0 2501 2212 25  2 74  0  0 2021-07-24 07:49:07
 1  0      0 56278512   2088 2541476    0    0     0     0 2028 1921 20  2 78  0  0 2021-07-24 07:49:08
 1  0      0 56349680   2088 2541476    0    0     0     0 2777 2386 25  2 73  0  0 2021-07-24 07:49:09
 1  0      0 56339856   2088 2541484    0    0     0     0 2527 2332 24  1 75  0  0 2021-07-24 07:49:10
 4  0      0 56338524   2088 2541484    0    0     0   204 2210 1961 24  1 75  0  0 2021-07-24 07:49:11
 1  0      0 56338700   2088 2541484    0    0     0    10 2481 2276 25  1 74  0  0 2021-07-24 07:49:12
 1  0      0 56333564   2088 2541484    0    0     0     0 1786 1728 18  1 81  0  0 2021-07-24 07:49:13
 1  0      0 56313404   2088 2541484    0    0     0     0 1525 1540 18  1 81  0  0 2021-07-24 07:49:14
 4  0      0 56312536   2088 2541484    0    0     0     0 2483 2149 26  2 72  0  0 2021-07-24 07:49:15
 1  0      0 56312544   2088 2541484    0    0     0     0 1902 1795 20  1 79  0  0 2021-07-24 07:49:16
 1  0      0 56344412   2088 2541484    0    0     0     0 2021 1875 20  2 78  0  0 2021-07-24 07:49:17
 2  0      0 56343672   2088 2541492    0    0     0     0 2817 2462 27  2 71  0  0 2021-07-24 07:49:18
procs -----------memory---------- ---swap-- -----io---- -system-- ------cpu----- -----timestamp-----
 r  b   swpd   free   buff  cache   si   so    bi    bo   in   cs us sy id wa st                 UTC
 2  0      0 56345448   2088 2541492    0    0     0     0 2976 2147 23  5 72  0  0 2021-07-24 07:49:19
 2  0      0 56345468   2088 2541500    0    0     0     0 2255 2067 21  1 78  0  0 2021-07-24 07:49:20
 1  0      0 56340884   2088 2541504    0    0     0     8 2458 2173 23  2 74  0  0 2021-07-24 07:49:21
 4  0      0 56340892   2088 2541504    0    0     0     0 2594 2314 26  1 73  0  0 2021-07-24 07:49:22
 4  0      0 56339488   2088 2541504    0    0     0     0 2550 2168 25  2 74  0  0 2021-07-24 07:49:23
 4  0      0 56362676   2088 2541508    0    0     0     0 2084 1893 20  2 77  0  0 2021-07-24 07:49:24
 1  0      0 56353756   2088 2541516    0    0     0     0 2675 2375 25  2 73  0  0 2021-07-24 07:49:25
 1  0      0 56338136   2088 2541516    0    0     0    52 2495 2207 26  1 73  0  0 2021-07-24 07:49:26
 1  0      0 56345452   2088 2541516    0    0     0     0 2402 2120 26  1 73  0  0 2021-07-24 07:49:27
 1  0      0 56371056   2088 2541516    0    0     0     0 1912 1777 21  1 77  0  0 2021-07-24 07:49:28
 1  0      0 56378496   2088 2541516    0    0     0     0 1849 1730 19  2 79  0  0 2021-07-24 07:49:29
 1  0      0 56332808   2088 2541516    0    0     0     0 1774 1711 19  1 80  0  0 2021-07-24 07:49:30
 4  0      0 56333308   2088 2541516    0    0     0    12 2421 2236 24  1 75  0  0 2021-07-24 07:49:31
 1  0      0 56369452   2088 2541516    0    0     0     0 1278 1371 16  0 84  0  0 2021-07-24 07:49:32
 2  0      0 56336156   2088 2541528    0    0     0    19 2735 2373 26  2 72  0  0 2021-07-24 07:49:33
 4  0      0 56336236   2088 2541528    0    0     0     0 2509 2096 23  4 73  0  0 2021-07-24 07:49:34
 2  0      0 56336116   2088 2541528    0    0     0     0 2945 2252 26  2 72  0  0 2021-07-24 07:49:35
 4  0      0 56336488   2088 2541532    0    0     0     0 2400 2113 24  1 74  0  0 2021-07-24 07:49:36
 1  0      0 56334620   2088 2541536    0    0     0    12 2534 2152 24  2 74  0  0 2021-07-24 07:49:37
 4  0      0 56334468   2088 2541536    0    0     0     0 2573 2294 25  1 74  0  0 2021-07-24 07:49:38
 1  0      0 56334104   2088 2541536    0    0     0     0 2381 2097 23  2 75  0  0 2021-07-24 07:49:39
procs -----------memory---------- ---swap-- -----io---- -system-- ------cpu----- -----timestamp-----
 r  b   swpd   free   buff  cache   si   so    bi    bo   in   cs us sy id wa st                 UTC
 1  0      0 56361388   2088 2541536    0    0     0     0 2269 1982 23  2 75  0  0 2021-07-24 07:49:40
 1  0      0 56353084   2088 2541544    0    0     0     0 2626 2254 25  2 73  0  0 2021-07-24 07:49:41
 4  0      0 56340812   2088 2541544    0    0     0   113 2204 2053 22  2 76  0  0 2021-07-24 07:49:42
 1  0      0 56339940   2088 2541544    0    0     0     0 2573 2277 25  2 73  0  0 2021-07-24 07:49:43
 1  0      0 56321964   2088 2541544    0    0     0     0 1693 1760 17  1 82  0  0 2021-07-24 07:49:44
 1  0      0 56316384   2088 2541544    0    0     0     0 1670 1618 17  1 81  0  0 2021-07-24 07:49:45
 1  0      0 56315892   2088 2541544    0    0     0     0 2201 2006 23  1 76  0  0 2021-07-24 07:49:46
 1  0      0 56315764   2088 2541552    0    0     0     0 2288 2105 22  1 77  0  0 2021-07-24 07:49:47
 4  0      0 56367520   2088 2541556    0    0     0     0 1965 1778 18  2 80  0  0 2021-07-24 07:49:48
 4  0      0 56335412   2088 2541556    0    0     0     0 2599 2260 25  2 73  0  0 2021-07-24 07:49:49
 4  0      0 56335164   2088 2541560    0    0     0     0 2678 2246 27  3 70  0  0 2021-07-24 07:49:50
 1  0      0 56334132   2088 2541560    0    0     0     0 3043 2299 26  2 72  0  0 2021-07-24 07:49:51
 1  0      0 56333956   2088 2541560    0    0     0   208 2367 2096 23  1 75  0  0 2021-07-24 07:49:52
 4  0      0 56334208   2088 2541560    0    0     0     0 2411 2103 24  3 74  0  0 2021-07-24 07:49:53
 2  0      0 56333840   2088 2541560    0    0     0     0 2599 2237 24  3 73  0  0 2021-07-24 07:49:54
 1  0      0 56334216   2088 2541568    0    0     0     0 2327 2056 23  2 76  0  0 2021-07-24 07:49:55
 1  0      0 56347612   2088 2541568    0    0     0     0 2414 2127 24  2 74  0  0 2021-07-24 07:49:56
 1  0      0 56340128   2088 2541568    0    0     0    12 2413 2177 23  1 76  0  0 2021-07-24 07:49:57
 4  0      0 56338692   2088 2541568    0    0     0     0 2342 2100 24  1 74  0  0 2021-07-24 07:49:58
 1  0      0 56339312   2088 2541568    0    0     0     0 2622 2296 27  1 72  0  0 2021-07-24 07:49:59
 1  0      0 56322072   2088 2541568    0    0     0     0 1926 1779 20  2 78  0  0 2021-07-24 07:50:00
procs -----------memory---------- ---swap-- -----io---- -system-- ------cpu----- -----timestamp-----
 r  b   swpd   free   buff  cache   si   so    bi    bo   in   cs us sy id wa st                 UTC
 1  0      0 56313828   2088 2541568    0    0     0     0 1702 1582 18  1 81  0  0 2021-07-24 07:50:01
 4  0      0 56312952   2088 2541600    0    0     0     0 2470 2234 21  2 77  0  0 2021-07-24 07:50:02
 1  0      0 56313136   2088 2541612    0    0     0   345 2255 2071 23  1 76  0  0 2021-07-24 07:50:03
 1  0      0 56364480   2088 2541612    0    0     0     0 1982 1783 20  2 78  0  0 2021-07-24 07:50:04
 1  0      0 56329996   2088 2541612    0    0     0     0 2713 2268 27  1 72  0  0 2021-07-24 07:50:05
 1  0      0 56329972   2088 2541612    0    0     0     0 2654 2257 25  3 72  0  0 2021-07-24 07:50:06
 1  0      0 56329724   2088 2541612    0    0     0    64 2583 1921 24  2 74  0  0 2021-07-24 07:50:07
 2  0      0 56329980   2088 2541612    0    0     0     0 2614 2232 25  3 72  0  0 2021-07-24 07:50:08
 1  0      0 56330112   2088 2541612    0    0     0     0 2498 2171 25  1 74  0  0 2021-07-24 07:50:09
 1  0      0 56330236   2088 2541620    0    0     0     0 2442 2138 24  2 74  0  0 2021-07-24 07:50:10
 4  0      0 56367816   2088 2541620    0    0     0     0 2075 1867 21  2 77  0  0 2021-07-24 07:50:11
 1  0      0 56333596   2088 2541624    0    0     0    12 2705 2314 26  2 72  0  0 2021-07-24 07:50:12
 1  0      0 56332108   2088 2541624    0    0     0   128 2595 2354 26  1 73  0  0 2021-07-24 07:50:13
 1  0      0 56331120   2088 2541624    0    0     0     0 2200 1995 23  1 76  0  0 2021-07-24 07:50:14
 1  0      0 56332400   2088 2541628    0    0     0     6 2496 2226 23  1 76  0  0 2021-07-24 07:50:15
 1  0      0 56327932   2088 2541632    0    0     0     0 1901 1751 19  2 79  0  0 2021-07-24 07:50:16
 1  0      0 56312072   2088 2541640    0    0     0     0 1672 1630 19  1 80  0  0 2021-07-24 07:50:17
 4  0      0 56276236   2088 2541640    0    0     0     0 2278 2135 21  2 77  0  0 2021-07-24 07:50:18
 1  0      0 56309584   2088 2541640    0    0     0    12 2018 1821 20  1 79  0  0 2021-07-24 07:50:19
 4  0      0 56334112   2088 2541640    0    0     0     0 2106 1887 21  2 77  0  0 2021-07-24 07:50:20
 4  0      0 56258352   2088 2541640    0    0     0     0 2834 2394 29  2 70  0  0 2021-07-24 07:50:21
procs -----------memory---------- ---swap-- -----io---- -system-- ------cpu----- -----timestamp-----
 r  b   swpd   free   buff  cache   si   so    bi    bo   in   cs us sy id wa st                 UTC
 2  0      0 56333124   2088 2541640    0    0     0     0 2457 2033 22  4 73  0  0 2021-07-24 07:50:22
 4  0      0 56258732   2088 2541640    0    0     0     0 2433 1983 21  1 77  0  0 2021-07-24 07:50:23
 1  0      0 56333136   2088 2541640    0    0     0     0 2476 2122 23  3 75  0  0 2021-07-24 07:50:24
 4  0      0 56333020   2088 2541652    0    0     0     0 2569 2304 25  1 74  0  0 2021-07-24 07:50:25
 4  0      0 56332896   2088 2541652    0    0     0     0 2420 2151 24  2 74  0  0 2021-07-24 07:50:26
 1  0      0 56352616   2088 2541652    0    0     0     0 2084 1902 20  2 77  0  0 2021-07-24 07:50:27
 1  0      0 56339088   2088 2541652    0    0     0     8 3002 2500 26  2 72  0  0 2021-07-24 07:50:28
 4  0      0 56338292   2088 2541664    0    0     0     0 2530 2238 26  1 73  0  0 2021-07-24 07:50:29
 4  0      0 56336804   2088 2541664    0    0     0     0 2142 2040 20  2 78  0  0 2021-07-24 07:50:30
 1  0      0 56270712   2088 2541664    0    0     0     0 1997 1903 20  1 78  0  0 2021-07-24 07:50:31
 1  0      0 56267076   2088 2541664    0    0     0     0 1902 1828 17  1 82  0  0 2021-07-24 07:50:32
 2  0      0 56305888   2088 2541672    0    0     0   196 1748 1666 19  1 80  0  0 2021-07-24 07:50:33
 1  0      0 56305956   2088 2541672    0    0     0     0 2457 2139 24  2 74  0  0 2021-07-24 07:50:34
 1  0      0 56305832   2088 2541672    0    0     0     0 1535 1537 18  0 82  0  0 2021-07-24 07:50:35
 1  0      0 56319844   2088 2541672    0    0     0     0 2321 2088 23  2 75  0  0 2021-07-24 07:50:36
 2  0      0 56319108   2088 2541672    0    0     0     0 2586 2195 24  3 73  0  0 2021-07-24 07:50:37
 4  0      0 56319732   2088 2541672    0    0     0     0 2543 2206 23  3 73  0  0 2021-07-24 07:50:38
 1  0      0 56319244   2088 2541672    0    0     0     0 2621 2102 23  1 76  0  0 2021-07-24 07:50:39
 4  0      0 56319368   2088 2541680    0    0     0     0 2518 2150 25  2 73  0  0 2021-07-24 07:50:40
 1  0      0 56319252   2088 2541680    0    0     0     0 2547 2264 25  1 73  0  0 2021-07-24 07:50:41
 1  0      0 56320048   2088 2541680    0    0     0     0 2685 2312 24  2 74  0  0 2021-07-24 07:50:42
procs -----------memory---------- ---swap-- -----io---- -system-- ------cpu----- -----timestamp-----
 r  b   swpd   free   buff  cache   si   so    bi    bo   in   cs us sy id wa st                 UTC
 1  0      0 56341376   2088 2541684    0    0     0    64 2034 1851 21  2 77  0  0 2021-07-24 07:50:43
 1  0      0 56332212   2088 2541688    0    0     0    49 2699 2360 25  2 73  0  0 2021-07-24 07:50:44
 1  0      0 56300964   2088 2541688    0    0     0     0 2328 2104 24  1 75  0  0 2021-07-24 07:50:45
 3  0      0 56328608   2088 2541688    0    0     0     0 2669 2347 26  1 73  0  0 2021-07-24 07:50:46
 1  0      0 56318900   2088 2541688    0    0     0     0 1979 1920 19  1 80  0  0 2021-07-24 07:50:47
 1  0      0 56333500   2088 2541700    0    0     0    20 1932 1866 19  2 80  0  0 2021-07-24 07:50:48
 1  0      0 56302380   2088 2541700    0    0     0     0 1874 1760 20  2 79  0  0 2021-07-24 07:50:49
 1  0      0 56302628   2088 2541700    0    0     0     0 2461 2145 25  1 74  0  0 2021-07-24 07:50:50
 4  0      0 56358252   2088 2541700    0    0     0     0 1456 1459 17  1 82  0  0 2021-07-24 07:50:51
 1  0      0 56313056   2088 2541700    0    0     0     0 2552 2176 25  2 72  0  0 2021-07-24 07:50:52
 1  0      0 56312808   2088 2541700    0    0     0     0 2514 2133 24  3 73  0  0 2021-07-24 07:50:53
 4  0      0 56313188   2088 2541700    0    0     0     0 2614 2262 26  2 72  0  0 2021-07-24 07:50:54
 1  0      0 56313064   2088 2541708    0    0     0     0 2311 2120 23  1 76  0  0 2021-07-24 07:50:55
 1  0      0 56314520   2088 2541716    0    0     0     0 2962 2226 25  2 73  0  0 2021-07-24 07:50:56
 1  0      0 56314736   2088 2541716    0    0     0     0 2598 2282 26  1 73  0  0 2021-07-24 07:50:57
 2  0      0 56314856   2088 2541716    0    0     0     0 2380 2123 23  3 74  0  0 2021-07-24 07:50:58
 4  0      0 56308044   2088 2541716    0    0     0     0 2214 2002 21  2 77  0  0 2021-07-24 07:50:59
 4  0      0 56322408   2088 2541720    0    0     0     0 2573 2223 23  2 76  0  0 2021-07-24 07:51:00
 2  0      0 56319896   2088 2541720    0    0     0     0 2253 2099 22  2 77  0  0 2021-07-24 07:51:01
 1  0      0 56320268   2088 2541720    0    0     0     0 2493 2311 24  1 75  0  0 2021-07-24 07:51:02
 1  0      0 56304524   2088 2541728    0    0     0     0 1817 1706 19  2 79  0  0 2021-07-24 07:51:03
procs -----------memory---------- ---swap-- -----io---- -system-- ------cpu----- -----timestamp-----
 r  b   swpd   free   buff  cache   si   so    bi    bo   in   cs us sy id wa st                 UTC
 1  0      0 56301920   2088 2541728    0    0     0    12 1635 1637 18  1 82  0  0 2021-07-24 07:51:04
 4  0      0 56301304   2088 2541728    0    0     0     0 1904 1817 19  1 80  0  0 2021-07-24 07:51:05
 1  0      0 56301308   2088 2541728    0    0     0     0 2452 2153 25  1 74  0  0 2021-07-24 07:51:06
 1  0      0 56354880   2088 2541728    0    0     0     0 1828 1694 18  2 80  0  0 2021-07-24 07:51:07
 1  0      0 56314228   2088 2541732    0    0     0     0 2818 2393 26  2 72  0  0 2021-07-24 07:51:08
 4  0      0 56314388   2088 2541732    0    0     0     0 2511 2143 24  3 73  0  0 2021-07-24 07:51:09
 1  0      0 56315132   2088 2541740    0    0     0     0 2507 2167 25  2 73  0  0 2021-07-24 07:51:10
 2  0      0 56314892   2088 2541740    0    0     0     0 2596 2247 26  2 72  0  0 2021-07-24 07:51:11
 4  0      0 56313640   2088 2541740    0    0     0    21 2961 2278 23  3 75  0  0 2021-07-24 07:51:12
 1  0      0 56313000   2088 2541744    0    0     0     0 2406 2088 24  2 74  0  0 2021-07-24 07:51:13
 1  0      0 56258208   2088 2541744    0    0     0   408 2152 1942 21  2 77  0  0 2021-07-24 07:51:14
 1  0      0 56320840   2088 2541744    0    0     0     0 2662 2349 25  2 73  0  0 2021-07-24 07:51:15
 1  0      0 56319724   2088 2541744    0    0     0     0 2512 2321 24  1 75  0  0 2021-07-24 07:51:16
 4  0      0 56319352   2088 2541752    0    0     0     0 2218 2058 22  1 77  0  0 2021-07-24 07:51:17
 1  0      0 56317740   2088 2541756    0    0     0     0 2258 2069 23  1 76  0  0 2021-07-24 07:51:18
 1  0      0 56303852   2088 2541756    0    0     0    44 1869 1735 20  1 79  0  0 2021-07-24 07:51:19
 1  0      0 56294180   2088 2541756    0    0     0     0 1594 1642 17  1 82  0  0 2021-07-24 07:51:20
 2  0      0 56295224   2088 2541756    0    0     0     0 2539 2165 25  2 73  0  0 2021-07-24 07:51:21
 2  0      0 56295352   2088 2541756    0    0     0     0 1761 1697 19  0 81  0  0 2021-07-24 07:51:22
 1  0      0 56309984   2088 2541756    0    0     0     0 2180 2002 22  1 77  0  0 2021-07-24 07:51:23
 2  0      0 56308504   2088 2541764    0    0     0     0 2684 2368 24  3 73  0  0 2021-07-24 07:51:24
procs -----------memory---------- ---swap-- -----io---- -system-- ------cpu----- -----timestamp-----
 r  b   swpd   free   buff  cache   si   so    bi    bo   in   cs us sy id wa st                 UTC
 4  0      0 56307100   2088 2541772    0    0     0     0 2666 2153 24  4 72  0  0 2021-07-24 07:51:25
 1  0      0 56306736   2088 2541772    0    0     0     0 2230 2071 22  1 77  0  0 2021-07-24 07:51:26
 1  0      0 56306984   2088 2541772    0    0     0     0 2477 2183 25  1 73  0  0 2021-07-24 07:51:27
 4  0      0 56306744   2088 2541772    0    0     0     0 2951 2365 25  1 73  0  0 2021-07-24 07:51:28
 4  0      0 56307240   2088 2541772    0    0     0    16 2407 2153 23  3 74  0  0 2021-07-24 07:51:29
 1  0      0 56330808   2088 2541772    0    0     0     0 1973 1799 19  2 79  0  0 2021-07-24 07:51:30
 1  0      0 56321636   2088 2541780    0    0     0     0 2782 2392 27  2 72  0  0 2021-07-24 07:51:31
 1  0      0 56290268   2088 2541780    0    0     0     0 2315 2149 24  1 75  0  0 2021-07-24 07:51:32
 2  0      0 56319900   2088 2541780    0    0     0     0 2441 2205 24  2 74  0  0 2021-07-24 07:51:33
 1  0      0 56309984   2088 2541780    0    0     0     0 1911 1802 21  1 78  0  0 2021-07-24 07:51:34
 1  0      0 56326372   2088 2541780    0    0     0     0 1951 1767 18  1 80  0  0 2021-07-24 07:51:35
 1  0      0 56295032   2088 2541784    0    0     0     0 1843 1757 19  1 79  0  0 2021-07-24 07:51:36
 1  0      0 56294660   2088 2541784    0    0     0     0 2318 2099 23  1 76  0  0 2021-07-24 07:51:37
 1  0      0 56351232   2088 2541788    0    0     0     0 1625 1549 18  0 81  0  0 2021-07-24 07:51:38
 1  0      0 56306532   2088 2541800    0    0     0     8 2686 2291 25  2 73  0  0 2021-07-24 07:51:39
 1  0      0 56306040   2088 2541800    0    0     0     0 2468 2091 24  3 73  0  0 2021-07-24 07:51:40
 1  0      0 56306412   2088 2541800    0    0     0     0 2612 2269 26  2 72  0  0 2021-07-24 07:51:41
 1  0      0 56306172   2088 2541800    0    0     0     0 2198 1989 23  1 76  0  0 2021-07-24 07:51:42
 4  0      0 56306792   2088 2541800    0    0     0     0 2524 2183 26  2 72  0  0 2021-07-24 07:51:43
 2  0      0 56306552   2088 2541804    0    0     0     0 2970 2293 25  2 72  0  0 2021-07-24 07:51:44
 2  0      0 56306184   2088 2541804    0    0     0    25 2330 2072 22  3 75  0  0 2021-07-24 07:51:45
procs -----------memory---------- ---swap-- -----io---- -system-- ------cpu----- -----timestamp-----
 r  b   swpd   free   buff  cache   si   so    bi    bo   in   cs us sy id wa st                 UTC
 2  0      0 56326648   2088 2541812    0    0     0     0 2290 2019 23  2 75  0  0 2021-07-24 07:51:46
 2  0      0 56318092   2088 2541812    0    0     0     0 2545 2240 25  1 74  0  0 2021-07-24 07:51:47
 4  0      0 56317228   2088 2541816    0    0     0     0 2260 2083 22  1 77  0  0 2021-07-24 07:51:48
 4  0      0 56319380   2088 2541816    0    0     0     0 2739 2533 24  1 75  0  0 2021-07-24 07:51:49
 4  0      0 56298596   2088 2541816    0    0     0    16 1867 1819 17  2 81  0  0 2021-07-24 07:51:50
 4  0      0 56293884   2088 2541816    0    0     0     0 1635 1591 19  1 80  0  0 2021-07-24 07:51:51
 1  0      0 56291884   2088 2541816    0    0     0     0 2066 1855 21  1 78  0  0 2021-07-24 07:51:52
 1  0      0 56291368   2088 2541820    0    0     0     0 2302 2071 23  1 76  0  0 2021-07-24 07:51:53
 4  0      0 56333904   2088 2541828    0    0     0     0 1909 1758 19  1 79  0  0 2021-07-24 07:51:54
 4  0      0 56301820   2088 2541828    0    0     0   244 2569 2303 25  1 74  0  0 2021-07-24 07:51:55
 1  0      0 56301576   2088 2541828    0    0     0     0 2559 2153 25  3 72  0  0 2021-07-24 07:51:56
 1  0      0 56301460   2088 2541828    0    0     0     0 2169 1930 22  2 76  0  0 2021-07-24 07:51:57
 2  0      0 56302084   2088 2541828    0    0     0     0 2625 2273 25  3 72  0  0 2021-07-24 07:51:58
 1  0      0 56301472   2088 2541828    0    0     0     0 2401 2164 23  2 75  0  0 2021-07-24 07:51:59
 4  0      0 56302216   2088 2541828    0    0     0     0 2835 2224 24  2 74  0  0 2021-07-24 07:52:00
 4  0      0 56347076   2088 2541844    0    0     0     0 2129 1892 21  2 76  0  0 2021-07-24 07:52:01
 1  0      0 56319556   2088 2541844    0    0     0     0 2659 2319 25  2 73  0  0 2021-07-24 07:52:02
 1  0      0 56320260   2088 2541844    0    0     0     0 2728 2355 26  1 72  0  0 2021-07-24 07:52:03
 1  0      0 56318276   2088 2541844    0    0     0     0 2278 2042 24  1 75  0  0 2021-07-24 07:52:04
 1  0      0 56308232   2088 2541844    0    0     0    20 2134 2023 21  1 78  0  0 2021-07-24 07:52:05
 1  0      0 56297184   2088 2541844    0    0     0     0 2025 1802 20  2 78  0  0 2021-07-24 07:52:06
procs -----------memory---------- ---swap-- -----io---- -system-- ------cpu----- -----timestamp-----
 r  b   swpd   free   buff  cache   si   so    bi    bo   in   cs us sy id wa st                 UTC
 4  0      0 56292600   2088 2541844    0    0     0     0 1744 1667 19  1 80  0  0 2021-07-24 07:52:07
 1  0      0 56291456   2088 2541852    0    0     0     0 2515 2122 25  2 73  0  0 2021-07-24 07:52:08
 1  0      0 56291704   2088 2541852    0    0     0     0 1582 1570 18  0 81  0  0 2021-07-24 07:52:09
 4  0      0 56306336   2088 2541856    0    0     0    12 2274 2040 23  2 75  0  0 2021-07-24 07:52:10
 2  0      0 56304856   2088 2541856    0    0     0     0 2638 2284 24  3 73  0  0 2021-07-24 07:52:11
 1  0      0 56305476   2088 2541856    0    0     0     0 2542 2131 25  3 72  0  0 2021-07-24 07:52:12
 1  0      0 56305240   2088 2541856    0    0     0     0 2264 2099 22  1 77  0  0 2021-07-24 07:52:13
 4  0      0 56304996   2088 2541856    0    0     0     0 2445 2133 24  2 74  0  0 2021-07-24 07:52:14
 1  0      0 56305244   2088 2541856    0    0     0     0 2548 2272 26  1 73  0  0 2021-07-24 07:52:15
 1  0      0 56305776   2088 2541864    0    0     0    18 3029 2330 26  1 72  0  0 2021-07-24 07:52:16
 1  0      0 56325764   2088 2541868    0    0     0     0 2124 1911 20  2 78  0  0 2021-07-24 07:52:17
 4  0      0 56321548   2088 2541868    0    0     0     0 2703 2383 25  1 74  0  0 2021-07-24 07:52:18
 1  0      0 56339288   2088 2541868    0    0     0     0 2253 2066 23  1 75  0  0 2021-07-24 07:52:19
 4  0      0 56318696   2088 2541872    0    0     0    20 2674 2313 24  2 73  0  0 2021-07-24 07:52:20
 4  0      0 56295348   2088 2541872    0    0     0     0 1775 1769 18  1 81  0  0 2021-07-24 07:52:21
 1  0      0 56320024   2088 2541872    0    0     0     0 1809 1682 19  1 80  0  0 2021-07-24 07:52:22
 1  0      0 56288776   2088 2541880    0    0     0     0 2177 1967 23  1 76  0  0 2021-07-24 07:52:23
 1  0      0 56288288   2088 2541880    0    0     0     0 2086 1903 22  1 77  0  0 2021-07-24 07:52:24
 1  0      0 56344960   2088 2541880    0    0     0     0 1763 1650 19  1 80  0  0 2021-07-24 07:52:25
 1  0      0 56305280   2088 2541880    0    0     0     0 2583 2324 25  1 74  0  0 2021-07-24 07:52:26
 1  0      0 56305284   2088 2541880    0    0     0     0 2484 2073 24  4 72  0  0 2021-07-24 07:52:27
procs -----------memory---------- ---swap-- -----io---- -system-- ------cpu----- -----timestamp-----
 r  b   swpd   free   buff  cache   si   so    bi    bo   in   cs us sy id wa st                 UTC
 1  0      0 56305284   2088 2541880    0    0     0     0 2549 2227 25  2 73  0  0 2021-07-24 07:52:28
 4  0      0 56305544   2088 2541880    0    0     0     0 2211 2043 22  1 77  0  0 2021-07-24 07:52:29
 1  0      0 56304436   2088 2541884    0    0     0     0 2575 2186 24  2 74  0  0 2021-07-24 07:52:30
 2  0      0 56304108   2088 2541896    0    0     0    44 2534 2185 24  3 73  0  0 2021-07-24 07:52:31
 1  0      0 56304188   2088 2541896    0    0     0     0 2312 2079 22  2 76  0  0 2021-07-24 07:52:32
 1  0      0 56326196   2088 2541896    0    0     0     0 2791 2161 24  2 74  0  0 2021-07-24 07:52:33
 1  0      0 56311768   2088 2541896    0    0     0     0 2477 2193 23  2 75  0  0 2021-07-24 07:52:34
 1  0      0 56310900   2088 2541896    0    0     0     0 2303 2104 23  1 76  0  0 2021-07-24 07:52:35
 1  0      0 56310700   2088 2541900    0    0     0   268 2639 2389 27  1 72  0  0 2021-07-24 07:52:36
 1  0      0 56291232   2088 2541912    0    0     0     0 1887 1848 18  2 80  0  0 2021-07-24 07:52:37
 1  0      0 56285776   2088 2541912    0    0     0     0 1497 1495 18  0 81  0  0 2021-07-24 07:52:38
 4  0      0 56285284   2088 2541912    0    0     0     0 2138 1990 22  1 77  0  0 2021-07-24 07:52:39
 1  0      0 56286028   2088 2541912    0    0     0     0 2065 1953 20  1 79  0  0 2021-07-24 07:52:40
 3  0      0 56320384   2088 2541912    0    0     0    16 1937 1766 21  2 77  0  0 2021-07-24 07:52:41
 1  0      0 56295712   2088 2541912    0    0     0     0 2757 2450 27  1 71  0  0 2021-07-24 07:52:42
 3  0      0 56295840   2088 2541912    0    0     0     0 2551 2137 24  4 72  0  0 2021-07-24 07:52:43
 4  0      0 56244924   2088 2541916    0    0     0     0 2297 2058 22  1 76  0  0 2021-07-24 07:52:44
 1  0      0 56297012   2088 2541924    0    0     0     0 2386 2146 21  3 76  0  0 2021-07-24 07:52:45
 4  0      0 56296896   2088 2541932    0    0     0    32 2623 2321 27  1 72  0  0 2021-07-24 07:52:46
 4  0      0 56297024   2088 2541932    0    0     0     1 2461 2160 25  1 73  0  0 2021-07-24 07:52:47
 4  0      0 56322556   2088 2541932    0    0     0     0 2116 1896 20  3 78  0  0 2021-07-24 07:52:48
procs -----------memory---------- ---swap-- -----io---- -system-- ------cpu----- -----timestamp-----
 r  b   swpd   free   buff  cache   si   so    bi    bo   in   cs us sy id wa st                 UTC
 1  0      0 56312980   2088 2541932    0    0     0     0 3239 2533 27  2 71  0  0 2021-07-24 07:52:49
 1  0      0 56304176   2088 2541932    0    0     0     0 2858 2776 24  1 75  0  0 2021-07-24 07:52:50
 1  0      0 56310496   2088 2541932    0    0     0     4 2382 2191 25  1 74  0  0 2021-07-24 07:52:51
 4  0      0 56332944   2088 2541940    0    0     0     0 1878 1785 20  2 79  0  0 2021-07-24 07:52:52
 4  0      0 56316824   2088 2541940    0    0     0     0 1759 1703 18  2 81  0  0 2021-07-24 07:52:53
 1  0      0 56284464   2088 2541940    0    0     0     0 1929 1783 21  1 78  0  0 2021-07-24 07:52:54
 1  0      0 56285448   2088 2541940    0    0     0     0 2520 2225 26  1 73  0  0 2021-07-24 07:52:55
 1  0      0 56343236   2088 2541940    0    0     0    12 1411 1448 17  0 83  0  0 2021-07-24 07:52:56
 1  0      0 56298108   2088 2541940    0    0     0     0 2608 2277 24  2 73  0  0 2021-07-24 07:52:57
 4  0      0 56298084   2088 2541940    0    0     0     0 2555 2173 24  3 72  0  0 2021-07-24 07:52:58
 4  0      0 56300104   2088 2541948    0    0     0     0 2735 2347 25  2 73  0  0 2021-07-24 07:52:59
 1  0      0 56299904   2088 2541956    0    0     0     0 2301 2064 24  1 75  0  0 2021-07-24 07:53:00
 1  0      0 56300032   2088 2541956    0    0     0     4 2453 2164 24  2 74  0  0 2021-07-24 07:53:01
 4  0      0 56297908   2088 2541956    0    0     0     0 2736 2341 26  2 72  0  0 2021-07-24 07:53:02
 2  0      0 56298260   2088 2541956    0    0     0     0 2454 2146 23  3 74  0  0 2021-07-24 07:53:03
 2  0      0 56322320   2088 2541956    0    0     0     0 2212 1992 22  2 76  0  0 2021-07-24 07:53:04
 4  0      0 56238132   2088 2541956    0    0     0     0 2802 2252 23  2 75  0  0 2021-07-24 07:53:05
 1  0      0 56311416   2088 2541956    0    0     0     4 2264 2082 22  2 76  0  0 2021-07-24 07:53:06
 1  0      0 56311540   2088 2541964    0    0     0     0 2610 2344 27  1 73  0  0 2021-07-24 07:53:07
 1  0      0 56290584   2088 2541964    0    0     0     0 2034 1877 21  2 77  0  0 2021-07-24 07:53:08
 1  0      0 56286120   2088 2541964    0    0     0     0 1694 1615 20  1 79  0  0 2021-07-24 07:53:09
procs -----------memory---------- ---swap-- -----io---- -system-- ------cpu----- -----timestamp-----
 r  b   swpd   free   buff  cache   si   so    bi    bo   in   cs us sy id wa st                 UTC
 4  0      0 56285872   2088 2541964    0    0     0     0 1969 1887 20  1 79  0  0 2021-07-24 07:53:10
 1  0      0 56285632   2088 2541968    0    0     0     0 2219 1988 23  1 76  0  0 2021-07-24 07:53:11
 1  0      0 56329536   2088 2541976    0    0     0    75 2139 1965 20  2 78  0  0 2021-07-24 07:53:12
 4  0      0 56297964   2088 2541976    0    0     0     0 2688 2295 26  2 72  0  0 2021-07-24 07:53:13
 1  0      0 56298336   2088 2541976    0    0     0     0 2679 2219 26  3 71  0  0 2021-07-24 07:53:14
 1  0      0 56298096   2088 2541984    0    0     0     0 2163 1911 22  2 76  0  0 2021-07-24 07:53:15
 2  0      0 56297304   2088 2541984    0    0     0     0 2747 2299 25  3 72  0  0 2021-07-24 07:53:16
 4  0      0 56296800   2088 2541984    0    0     0   282 2497 2300 22  2 76  0  0 2021-07-24 07:53:17
 1  0      0 56296924   2088 2541984    0    0     0     0 2552 2210 25  2 72  0  0 2021-07-24 07:53:18
 1  0      0 56343928   2088 2541984    0    0     0     0 2084 1873 21  2 77  0  0 2021-07-24 07:53:19
 4  0      0 56310696   2088 2541984    0    0     0     0 2649 2368 24  2 74  0  0 2021-07-24 07:53:20
 4  0      0 56310084   2088 2541992    0    0     0     0 2573 2299 22  1 77  0  0 2021-07-24 07:53:21
 4  0      0 56308596   2088 2541996    0    0     0     0 2426 2128 22  1 76  0  0 2021-07-24 07:53:22
 1  0      0 56233948   2088 2541996    0    0     0     0 2052 1891 22  1 76  0  0 2021-07-24 07:53:23
 0  0      0 59279564   2088 2381120    0    0     0     0 2357 1877 15  4 81  0  0 2021-07-24 07:53:24
 0  0      0 59280468   2088 2381140    0    0     0     0  512  899  0  0 100  0  0 2021-07-24 07:53:25
 0  0      0 59280388   2088 2381140    0    0     0     0  566  962  0  0 100  0  0 2021-07-24 07:53:26
 0  0      0 59282256   2088 2381140    0    0     0    56  678  991  0  0 100  0  0 2021-07-24 07:53:27
 0  0      0 59282336   2088 2381272    0    0     0     0  541  935  0  0 100  0  0 2021-07-24 07:53:28
 0  0      0 59282336   2088 2381272    0    0     0     0  517  918  0  0 100  0  0 2021-07-24 07:53:29
 1  0      0 59282080   2088 2381272    0    0     0     0  509  886  0  0 100  0  0 2021-07-24 07:53:30
procs -----------memory---------- ---swap-- -----io---- -system-- ------cpu----- -----timestamp-----
 r  b   swpd   free   buff  cache   si   so    bi    bo   in   cs us sy id wa st                 UTC
 0  0      0 59280832   2088 2381272    0    0     0     0  646  965  0  0 100  0  0 2021-07-24 07:53:31
 0  0      0 59280804   2088 2381276    0    0     0     4  532  919  0  0 100  0  0 2021-07-24 07:53:32
 0  0      0 59280804   2088 2381276    0    0     0     0  512  905  0  0 100  0  0 2021-07-24 07:53:33
 0  0      0 59280804   2088 2381276    0    0     0     0  495  887  0  0 100  0  0 2021-07-24 07:53:34
 0  0      0 59280804   2088 2381276    0    0     0     0  511  908  0  0 100  0  0 2021-07-24 07:53:35
 0  0      0 59280804   2088 2381276    0    0     0     0  521  915  0  0 100  0  0 2021-07-24 07:53:36
 0  0      0 59280680   2088 2381276    0    0     0     0  495  871  0  0 100  0  0 2021-07-24 07:53:37
 0  0      0 59280680   2088 2381276    0    0     0     0  867  927  0  0 100  0  0 2021-07-24 07:53:38
 0  0      0 59281980   2088 2381276    0    0     0     0  722 1004  0  0 100  0  0 2021-07-24 07:53:39
 0  0      0 59282224   2088 2381280    0    0     0     0  508  890  0  0 100  0  0 2021-07-24 07:53:40
 0  0      0 59282224   2088 2381280    0    0     0     0  534  925  0  0 100  0  0 2021-07-24 07:53:41
 0  0      0 59282224   2088 2381280    0    0     0     4  503  887  0  0 100  0  0 2021-07-24 07:53:42
 0  0      0 59280472   2088 2381280    0    0     0     0  660  995  0  0 100  0  0 2021-07-24 07:53:43
 1  0      0 59280320   2088 2381284    0    0     0     0  614 1017  0  0 100  0  0 2021-07-24 07:53:44
