 1  0      0 57874596   2088 4468704    0    0    52   440  174  161  4  1 94  1  1 2021-07-25 19:49:31
 0  0      0 57874340   2088 4468712    0    0     0     0  450  777  0  0 100  0  0 2021-07-25 19:49:32
 0  0      0 57874340   2088 4468712    0    0     0     0  393  715  0  0 100  0  0 2021-07-25 19:49:33
 0  0      0 57874340   2088 4468712    0    0     0     0  420  749  0  0 100  0  0 2021-07-25 19:49:34
 0  0      0 57874340   2088 4468712    0    0     0     0  433  776  0  0 100  0  0 2021-07-25 19:49:35
 0  0      0 57874340   2088 4468712    0    0     0     0  412  738  0  0 100  0  0 2021-07-25 19:49:36
 0  0      0 57874340   2088 4468712    0    0     0     0  404  738  0  0 100  0  0 2021-07-25 19:49:37
 0  0      0 57874340   2088 4468712    0    0     0     0  405  746  0  0 100  0  0 2021-07-25 19:49:38
 0  0      0 57874340   2088 4468712    0    0     0    70  441  789  0  0 100  0  0 2021-07-25 19:49:39
 0  0      0 57874340   2088 4468712    0    0     0     0  384  698  0  0 100  0  0 2021-07-25 19:49:40
 0  0      0 57874340   2088 4468712    0    0     0     0  410  750  0  0 100  0  0 2021-07-25 19:49:41
 0  0      0 57874340   2088 4468712    0    0     0     0  391  728  0  0 100  0  0 2021-07-25 19:49:42
 0  0      0 57874340   2088 4468712    0    0     0     0  418  766  0  0 100  0  0 2021-07-25 19:49:43
 0  0      0 57874340   2088 4468712    0    0     0     0  419  758  0  0 100  0  0 2021-07-25 19:49:44
 0  0      0 57874340   2088 4468712    0    0     0     0  423  770  0  0 100  0  0 2021-07-25 19:49:45
 0  0      0 57874340   2088 4468712    0    0     0   116  415  730  0  0 100  0  0 2021-07-25 19:49:46
 0  0      0 57874340   2088 4468712    0    0     0     0  549  872  0  0 100  0  0 2021-07-25 19:49:47
 0  0      0 57873776   2088 4468728    0    0     0     0  676  981  0  0 100  0  0 2021-07-25 19:49:48
 0  0      0 57873776   2088 4468732    0    0     0     0  749 1178  0  0 100  0  0 2021-07-25 19:49:49
 0  0      0 57873776   2088 4468736    0    0     0     0  439  791  0  0 100  0  0 2021-07-25 19:49:50
 0  0      0 57873776   2088 4468736    0    0     0     0  441  801  0  0 100  0  0 2021-07-25 19:49:51
 0  0      0 57873776   2088 4468736    0    0     0     0  433  785  0  0 100  0  0 2021-07-25 19:49:52
 0  0      0 57873776   2088 4468736    0    0     0     0  421  781  0  0 100  0  0 2021-07-25 19:49:53
 0  0      0 57873776   2088 4468736    0    0     0     0  445  807  0  0 100  0  0 2021-07-25 19:49:54
 0  0      0 57873776   2088 4468736    0    0     0     0  433  796  0  0 100  0  0 2021-07-25 19:49:55
 0  0      0 57873776   2088 4468736    0    0     0     0  397  724  0  0 100  0  0 2021-07-25 19:49:56
 0  0      0 57873776   2088 4468736    0    0     0     0  412  760  0  0 100  0  0 2021-07-25 19:49:57
 0  0      0 57873776   2088 4468736    0    0     0     0  418  763  0  0 100  0  0 2021-07-25 19:49:58
 0  0      0 57873776   2088 4468736    0    0     0     0  439  801  0  0 100  0  0 2021-07-25 19:49:59
 0  0      0 57873776   2088 4468736    0    0     0     0  430  780  0  0 100  0  0 2021-07-25 19:50:00
 0  0      0 57873776   2088 4468736    0    0     0     0  429  787  0  0 100  0  0 2021-07-25 19:50:01
 0  0      0 57872380   2088 4468832    0    0     0     0  859 1165  0  0 100  0  0 2021-07-25 19:50:02
 0  0      0 57872380   2088 4468832    0    0     0     0  461  827  0  0 100  0  0 2021-07-25 19:50:03
 0  0      0 57872380   2088 4468832    0    0     0     0  458  824  0  0 100  0  0 2021-07-25 19:50:04
 1  0      0 57872380   2088 4468832    0    0     0     0  450  811  0  0 100  0  0 2021-07-25 19:50:05
 0  0      0 57872380   2088 4468832    0    0     0     0  416  762  0  0 100  0  0 2021-07-25 19:50:06
 0  0      0 57872380   2088 4468832    0    0     0     8  436  796  0  0 100  0  0 2021-07-25 19:50:07
 0  0      0 57872380   2088 4468832    0    0     0     0  412  752  0  0 100  0  0 2021-07-25 19:50:08
 0  0      0 57872380   2088 4468832    0    0     0     0  428  784  0  0 100  0  0 2021-07-25 19:50:09
 0  0      0 57872380   2088 4468836    0    0     0    31  447  785  0  0 100  0  0 2021-07-25 19:50:10
 0  0      0 57872380   2088 4468836    0    0     0     0  436  788  0  0 100  0  0 2021-07-25 19:50:11
 1  0      0 57872380   2088 4468836    0    0     0     0  482  846  0  0 100  0  0 2021-07-25 19:50:12
 0  0      0 57872380   2088 4468836    0    0     0     0  437  820  0  0 100  0  0 2021-07-25 19:50:13
 0  0      0 57872380   2088 4468836    0    0     0     0  461  819  0  0 100  0  0 2021-07-25 19:50:14
 0  0      0 57872380   2088 4468836    0    0     0     0  494  862  0  0 100  0  0 2021-07-25 19:50:15
 0  0      0 57872380   2088 4468836    0    0     0     0  435  789  0  0 100  0  0 2021-07-25 19:50:16
 0  0      0 57872380   2088 4468836    0    0     0     0  418  755  0  0 100  0  0 2021-07-25 19:50:17
 1  0      0 57872380   2088 4468836    0    0     0     0  433  790  0  0 100  0  0 2021-07-25 19:50:18
 0  0      0 57872380   2088 4468836    0    0     0     0  434  794  0  0 100  0  0 2021-07-25 19:50:19
 0  0      0 57872380   2088 4468836    0    0     0     0  444  803  0  0 100  0  0 2021-07-25 19:50:20
 0  0      0 57872380   2088 4468836    0    0     0     0  413  746  0  0 100  0  0 2021-07-25 19:50:21
 0  0      0 57872364   2088 4468840    0    0     0   320  456  774  0  0 100  0  0 2021-07-25 19:50:22
 0  0      0 57872364   2088 4468840    0    0     0     0  440  808  0  0 100  0  0 2021-07-25 19:50:23
 0  0      0 57872364   2088 4468840    0    0     0     0  463  818  0  0 100  0  0 2021-07-25 19:50:24
 0  0      0 57872364   2088 4468840    0    0     0     0  434  795  0  0 100  0  0 2021-07-25 19:50:25
 0  0      0 57872364   2088 4468840    0    0     0     0  448  794  0  0 100  0  0 2021-07-25 19:50:26
 0  0      0 57872364   2088 4468840    0    0     0     0  416  765  0  0 100  0  0 2021-07-25 19:50:27
 0  0      0 57872364   2088 4468844    0    0     0     0  437  788  0  0 100  0  0 2021-07-25 19:50:28
 0  0      0 57870468   2088 4468860    0    0     0     0  907 1121  1  1 99  0  0 2021-07-25 19:50:29
 0  0      0 57870468   2088 4468860    0    0     0     0  429  778  0  0 100  0  0 2021-07-25 19:50:30
 0  0      0 57871180   2088 4468864    0    0     0     0  444  797  0  0 100  0  0 2021-07-25 19:50:31
 0  0      0 57871180   2088 4468864    0    0     0    20  432  787  0  0 100  0  0 2021-07-25 19:50:32
 0  0      0 57871188   2088 4468864    0    0     0     0  417  777  0  0 100  0  0 2021-07-25 19:50:33
 0  0      0 57871188   2088 4468864    0    0     0     0  448  805  0  0 100  0  0 2021-07-25 19:50:34
 0  0      0 57871188   2088 4468864    0    0     0     0  449  817  0  0 100  0  0 2021-07-25 19:50:35
 0  0      0 57871188   2088 4468864    0    0     0     0  417  767  0  0 100  0  0 2021-07-25 19:50:36
 0  0      0 57871188   2088 4468864    0    0     0     0  428  778  0  0 100  0  0 2021-07-25 19:50:37
 0  0      0 57871188   2088 4468864    0    0     0     0  422  773  0  0 100  0  0 2021-07-25 19:50:38
 0  0      0 57871188   2088 4468864    0    0     0     0  447  806  0  0 100  0  0 2021-07-25 19:50:39
 0  0      0 57871188   2088 4468864    0    0     0     0  413  758  0  0 100  0  0 2021-07-25 19:50:40
 0  0      0 57871188   2088 4468864    0    0     0    77  436  796  0  0 100  0  0 2021-07-25 19:50:41
 0  0      0 57871188   2088 4468864    0    0     0     8  408  748  0  0 100  0  0 2021-07-25 19:50:42
 0  0      0 57871188   2088 4468864    0    0     0     0  433  799  0  0 100  0  0 2021-07-25 19:50:43
 0  0      0 57871188   2088 4468864    0    0     0     0  447  826  0  0 100  0  0 2021-07-25 19:50:44
 0  0      0 57871188   2088 4468868    0    0     0     0  451  813  0  0 100  0  0 2021-07-25 19:50:45
 0  0      0 57871188   2088 4468868    0    0     0     0  416  764  0  0 100  0  0 2021-07-25 19:50:46
 0  0      0 57871188   2088 4468868    0    0     0     0  430  791  0  0 100  0  0 2021-07-25 19:50:47
 1  0      0 57798640   2088 4468868    0    0     0     0 1759 1227 11  7 82  0  0 2021-07-25 19:50:48
 0  0      0 57871064   2088 4468868    0    0     0     0  848 1082  3  0 97  0  0 2021-07-25 19:50:49
 0  0      0 57871064   2088 4468868    0    0     0     0  558  948  0  0 100  0  0 2021-07-25 19:50:50
 0  0      0 57871064   2088 4468868    0    0     0     0  434  788  0  0 100  0  0 2021-07-25 19:50:51
 0  0      0 57871064   2088 4468868    0    0     0     0  429  778  0  0 100  0  0 2021-07-25 19:50:52
 0  0      0 57871064   2088 4468868    0    0     0     4  423  777  0  0 100  0  0 2021-07-25 19:50:53
 0  0      0 57871064   2088 4468868    0    0     0     0  430  794  0  0 100  0  0 2021-07-25 19:50:54
 0  0      0 57871064   2088 4468868    0    0     0     0  465  824  0  0 100  0  0 2021-07-25 19:50:55
 0  0      0 57871064   2088 4468868    0    0     0     0  426  778  0  0 100  0  0 2021-07-25 19:50:56
 0  0      0 57871064   2088 4468872    0    0     0     0  421  773  0  0 100  0  0 2021-07-25 19:50:57
 0  0      0 57871064   2088 4468872    0    0     0    12  434  790  0  0 100  0  0 2021-07-25 19:50:58
 0  0      0 57871064   2088 4468872    0    0     0     0  439  796  0  0 100  0  0 2021-07-25 19:50:59
 1  0      0 57871064   2088 4468872    0    0     0     0  433  785  0  0 100  0  0 2021-07-25 19:51:00
 0  0      0 57871064   2088 4468872    0    0     0     0  453  805  0  0 100  0  0 2021-07-25 19:51:01
 0  0      0 57871064   2088 4468872    0    0     0     0  426  778  0  0 100  0  0 2021-07-25 19:51:02
 0  0      0 57870928   2088 4468872    0    0     0   204  448  777  0  0 100  0  0 2021-07-25 19:51:03
 0  0      0 57870928   2088 4468872    0    0     0     0  445  812  0  0 100  0  0 2021-07-25 19:51:04
 0  0      0 57870928   2088 4468872    0    0     0     0  422  772  0  0 100  0  0 2021-07-25 19:51:05
 0  0      0 57870928   2088 4468872    0    0     0     0  443  819  0  0 100  0  0 2021-07-25 19:51:06
 0  0      0 57870928   2088 4468872    0    0     0     0  428  789  0  0 100  0  0 2021-07-25 19:51:07
 0  0      0 57870928   2088 4468872    0    0     0     0  413  764  0  0 100  0  0 2021-07-25 19:51:08
 0  0      0 57870928   2088 4468872    0    0     0     0  433  784  0  0 100  0  0 2021-07-25 19:51:09
 0  0      0 57870928   2088 4468872    0    0     0     0  472  814  0  0 100  0  0 2021-07-25 19:51:10
 0  0      0 57870928   2088 4468872    0    0     0     0  472  828  0  0 100  0  0 2021-07-25 19:51:11
 0  0      0 57870928   2088 4468876    0    0     0   125  459  823  0  0 100  0  0 2021-07-25 19:51:12
 0  0      0 57870928   2088 4468876    0    0     0     4  467  823  0  0 100  0  0 2021-07-25 19:51:13
 0  0      0 57870928   2088 4468876    0    0     0     0  460  822  0  0 100  0  0 2021-07-25 19:51:14
 0  0      0 57870928   2088 4468880    0    0     0     0  497  842  0  0 100  0  0 2021-07-25 19:51:15
 0  0      0 57870928   2088 4468880    0    0     0     0  461  801  0  0 100  0  0 2021-07-25 19:51:16
 0  0      0 57870928   2088 4468880    0    0     0     0  447  793  0  0 100  0  0 2021-07-25 19:51:17
 0  0      0 57870928   2088 4468888    0    0     0     0  484  824  0  0 100  0  0 2021-07-25 19:51:18
 0  0      0 57870928   2088 4468892    0    0     0     0  496  837  0  0 100  0  0 2021-07-25 19:51:19
 0  0      0 57870928   2088 4468892    0    0     0     0  655 1020  0  0 100  0  0 2021-07-25 19:51:20
 0  0      0 57870928   2088 4468892    0    0     0     0  478  819  0  0 100  0  0 2021-07-25 19:51:21
 0  0      0 57870928   2088 4468896    0    0     0     0  462  797  0  0 100  0  0 2021-07-25 19:51:22
 0  0      0 57870928   2088 4468904    0    0     0     0  483  836  0  0 100  0  0 2021-07-25 19:51:23
 0  0      0 57870928   2088 4468904    0    0     0     0  540  925  0  0 100  0  0 2021-07-25 19:51:24
 0  0      0 57870928   2088 4468908    0    0     0     0  518  862  0  0 100  0  0 2021-07-25 19:51:25
 0  0      0 57870928   2088 4468908    0    0     0     0  506  848  0  0 100  0  0 2021-07-25 19:51:26
 0  0      0 57870928   2088 4468916    0    0     0     0  515  868  0  0 100  0  0 2021-07-25 19:51:27
 0  0      0 57870928   2088 4468920    0    0     0     0  499  832  0  0 100  0  0 2021-07-25 19:51:28
 0  0      0 57870928   2088 4468924    0    0     0     0  521  860  0  0 100  0  0 2021-07-25 19:51:29
 0  0      0 57870928   2088 4468924    0    0     0     0  506  830  0  0 100  0  0 2021-07-25 19:51:30
 0  0      0 57870928   2088 4468936    0    0     0     0  524  851  0  0 100  0  0 2021-07-25 19:51:31
 1  0      0 57831976   2088 4468940    0    0     0     0  802 1101  3  1 96  0  0 2021-07-25 19:51:32
11  0      0 57565048   2088 4468988    0    0     0     0 3728 253615 32 16 53  0  0 2021-07-25 19:51:33
 2  0      0 57415140   2088 4469016    0    0     0    72 8032 205034 23  9 68  0  0 2021-07-25 19:51:34
 1  0      0 57776000   2088 4469164    0    0    76     0 10335 7419 24  6 70  0  0 2021-07-25 19:51:35
 0  0      0 57868552   2088 4469132    0    0     0     0  583  836  2  0 98  0  0 2021-07-25 19:51:36
 0  0      0 57869272   2088 4469132    0    0     0     0  489  827  0  0 100  0  0 2021-07-25 19:51:37
 0  0      0 57869328   2088 4469132    0    0     0     0  419  772  0  0 100  0  0 2021-07-25 19:51:38
 0  0      0 57869328   2088 4469132    0    0     0     0  442  818  0  0 100  0  0 2021-07-25 19:51:39
 0  0      0 57869328   2088 4469132    0    0     0     0  419  765  0  0 100  0  0 2021-07-25 19:51:40
 0  0      0 57869328   2088 4469132    0    0     0     0  425  770  0  0 100  0  0 2021-07-25 19:51:41
 0  0      0 57869328   2088 4469132    0    0     0    57  435  798  0  0 100  0  0 2021-07-25 19:51:42
 1  0      0 57869328   2088 4469132    0    0     0     0  441  799  0  0 100  0  0 2021-07-25 19:51:43
 1  0      0 57869328   2088 4469132    0    0     0     8  452  804  0  0 100  0  0 2021-07-25 19:51:44
 0  0      0 57869328   2088 4469132    0    0     0     0  438  803  0  0 100  0  0 2021-07-25 19:51:45
 0  0      0 57869328   2088 4469132    0    0     0     0  431  773  0  0 100  0  0 2021-07-25 19:51:46
 0  0      0 57869328   2088 4469132    0    0     0     0  426  781  0  0 100  0  0 2021-07-25 19:51:47
 0  0      0 57869328   2088 4469132    0    0     0     0  415  766  0  0 100  0  0 2021-07-25 19:51:48
 0  0      0 57869328   2088 4469132    0    0     0     0  425  771  0  0 100  0  0 2021-07-25 19:51:49
 0  0      0 57869328   2088 4469132    0    0     0     0  488  848  0  0 100  0  0 2021-07-25 19:51:50
 0  0      0 57869320   2088 4469132    0    0     0     0  761 1195  0  0 100  0  0 2021-07-25 19:51:51
 0  0      0 57869328   2088 4469132    0    0     0     0  415  766  0  0 100  0  0 2021-07-25 19:51:52
 0  0      0 57869328   2088 4469132    0    0     0     0  441  806  0  0 100  0  0 2021-07-25 19:51:53
 0  0      0 57869328   2088 4469136    0    0     0     0  437  802  0  0 100  0  0 2021-07-25 19:51:54
 0  0      0 57869328   2088 4469136    0    0     0     0  451  818  0  0 100  0  0 2021-07-25 19:51:55
 0  0      0 57869328   2088 4469136    0    0     0     0  420  769  0  0 100  0  0 2021-07-25 19:51:56
 0  0      0 57869328   2088 4469136    0    0     0     0  423  768  0  0 100  0  0 2021-07-25 19:51:57
 0  0      0 57869328   2088 4469136    0    0     0     0  424  778  0  0 100  0  0 2021-07-25 19:51:58
 0  0      0 57869328   2088 4469136    0    0     0     0  439  794  0  0 100  0  0 2021-07-25 19:51:59
 0  0      0 57869328   2088 4469136    0    0     0     0  460  818  0  0 100  0  0 2021-07-25 19:52:00
 0  0      0 57869328   2088 4469136    0    0     0     0  433  778  0  0 100  0  0 2021-07-25 19:52:01
 0  0      0 57869328   2088 4469136    0    0     0     0  425  767  0  0 100  0  0 2021-07-25 19:52:02
 0  0      0 57869328   2088 4469136    0    0     0     0  475  833  0  0 100  0  0 2021-07-25 19:52:03
 0  0      0 57869328   2088 4469136    0    0     0    36  457  823  0  0 100  0  0 2021-07-25 19:52:04
 0  0      0 57869328   2088 4469136    0    0     0     0  440  813  0  0 100  0  0 2021-07-25 19:52:05
 0  0      0 57869328   2088 4469136    0    0     0     0  435  793  0  0 100  0  0 2021-07-25 19:52:06
 0  0      0 57869328   2088 4469136    0    0     0     0  449  815  0  0 100  0  0 2021-07-25 19:52:07
 0  0      0 57869328   2088 4469136    0    0     0     0  428  766  0  0 100  0  0 2021-07-25 19:52:08
 0  0      0 57869328   2088 4469136    0    0     0     4  452  811  0  0 100  0  0 2021-07-25 19:52:09
 0  0      0 57869328   2088 4469140    0    0     0     0  436  790  0  0 100  0  0 2021-07-25 19:52:10
 0  0      0 57869328   2088 4469140    0    0     0     0  418  761  0  0 100  0  0 2021-07-25 19:52:11
 0  0      0 57869360   2088 4469140    0    0     0     0  438  797  0  0 100  0  0 2021-07-25 19:52:12
 0  0      0 57869360   2088 4469140    0    0     0    36  437  794  0  0 100  0  0 2021-07-25 19:52:13
 0  0      0 57869360   2088 4469140    0    0     0     0  442  799  0  0 100  0  0 2021-07-25 19:52:14
 0  0      0 57869360   2088 4469140    0    0     0     0  441  817  0  0 100  0  0 2021-07-25 19:52:15
 0  0      0 57869360   2088 4469140    0    0     0     0  450  813  0  0 100  0  0 2021-07-25 19:52:16
 0  0      0 57869360   2088 4469140    0    0     0     0  412  751  0  0 100  0  0 2021-07-25 19:52:17
 0  0      0 57869360   2088 4469140    0    0     0     0  412  773  0  0 100  0  0 2021-07-25 19:52:18
 0  0      0 57869360   2088 4469140    0    0     0     0  444  812  0  0 100  0  0 2021-07-25 19:52:19
 0  0      0 57869360   2088 4469140    0    0     0     8  460  808  0  0 100  0  0 2021-07-25 19:52:20
 0  0      0 57869360   2088 4469140    0    0     0     0  402  736  0  0 100  0  0 2021-07-25 19:52:21
 0  0      0 57869360   2088 4469140    0    0     0     0  423  780  0  0 100  0  0 2021-07-25 19:52:22
 0  0      0 57869360   2088 4469140    0    0     0     0  417  775  0  0 100  0  0 2021-07-25 19:52:23
 0  0      0 57869360   2088 4469140    0    0     0     0  476  838  0  0 100  0  0 2021-07-25 19:52:24
 0  0      0 57869360   2088 4469140    0    0     0     0  436  786  0  0 100  0  0 2021-07-25 19:52:25
 0  0      0 57869360   2088 4469140    0    0     0     0  420  770  0  0 100  0  0 2021-07-25 19:52:26
 0  0      0 57869360   2088 4469140    0    0     0     0  424  783  0  0 100  0  0 2021-07-25 19:52:27
 0  0      0 57869360   2088 4469140    0    0     0     0  449  793  0  0 100  0  0 2021-07-25 19:52:28
 0  0      0 57869356   2088 4469148    0    0     0     0  752 1120  0  0 100  0  0 2021-07-25 19:52:29
 0  0      0 57869356   2088 4469148    0    0     0     0  447  798  0  0 100  0  0 2021-07-25 19:52:30
 0  0      0 57869356   2088 4469148    0    0     0     0  439  804  0  0 100  0  0 2021-07-25 19:52:31
 0  0      0 57869356   2088 4469148    0    0     0     0  453  806  0  0 100  0  0 2021-07-25 19:52:32
 0  0      0 57869356   2088 4469148    0    0     0     0  435  791  0  0 100  0  0 2021-07-25 19:52:33
 0  0      0 57869356   2088 4469148    0    0     0     0  441  789  0  0 100  0  0 2021-07-25 19:52:34
 0  0      0 57869232   2088 4469148    0    0     0     0  480  857  0  0 100  0  0 2021-07-25 19:52:35
 0  0      0 57869232   2088 4469152    0    0     0     0  439  775  0  0 100  0  0 2021-07-25 19:52:36
 0  0      0 57869232   2088 4469156    0    0     0     0  445  795  0  0 100  0  0 2021-07-25 19:52:37
 0  0      0 57869232   2088 4469156    0    0     0     0  481  826  0  0 100  0  0 2021-07-25 19:52:38
 0  0      0 57869232   2088 4469156    0    0     0     0  445  797  0  0 100  0  0 2021-07-25 19:52:39
 0  0      0 57869108   2088 4469160    0    0     0    16  437  788  0  0 100  0  0 2021-07-25 19:52:40
 0  0      0 57869108   2088 4469160    0    0     0     0  438  780  0  0 100  0  0 2021-07-25 19:52:41
 0  0      0 57869108   2088 4469160    0    0     0     0  444  802  0  0 100  0  0 2021-07-25 19:52:42
 0  0      0 57869108   2088 4469160    0    0     0     0  464  824  0  0 100  0  0 2021-07-25 19:52:43
 0  0      0 57869108   2088 4469160    0    0     0    37  482  850  0  0 100  0  0 2021-07-25 19:52:44
 0  0      0 57869108   2088 4469160    0    0     0     0  470  820  0  0 100  0  0 2021-07-25 19:52:45
 0  0      0 57869108   2088 4469164    0    0     0     0  442  782  0  0 100  0  0 2021-07-25 19:52:46
 0  0      0 57869108   2088 4469164    0    0     0     0  465  846  0  0 100  0  0 2021-07-25 19:52:47
 2  0      0 57780052   2088 4469164    0    0     0     0 2124 1329 13  7 80  0  0 2021-07-25 19:52:48
 0  0      0 57694288   2088 4469160    0    0     0     0 2408 1754 13  7 80  0  0 2021-07-25 19:52:49
 1  0      0 57565512   2088 4469172    0    0     0   112 3831 3377  3  1 96  0  0 2021-07-25 19:52:50
 1  0      0 57012964   2088 4479428    0    0     0     0  882 1014  8  5 87  0  0 2021-07-25 19:52:51
 1  0      0 56406060   2088 4479428    0    0     0     0  823  990  8  4 87  0  0 2021-07-25 19:52:52
 1  0      0 55759292   2088 4479448    0    0     0     0  745  873  8  4 87  0  0 2021-07-25 19:52:53
 2  0      0 55199716   2088 4523084    0    0     0     0 1658 1350 10  3 87  0  0 2021-07-25 19:52:54
 1  0      0 55099508   2088 4547476    0    0     0     8 4900 2295 17  4 79  0  0 2021-07-25 19:52:55
 1  0      0 55016248   2088 4628056    0    0     0     0 1808 1748 19  2 80  0  0 2021-07-25 19:52:56
 2  0      0 54924200   2088 4703496    0    0     0     0 2053 1766 22  4 74  0  0 2021-07-25 19:52:57
 4  0      0 54859856   2088 4703496    0    0     0     0 2193 1854 23  4 73  0  0 2021-07-25 19:52:58
 2  0      0 54917104   2088 4703496    0    0     0     0 2288 1962 23  4 74  0  0 2021-07-25 19:52:59
 1  0      0 54917292   2088 4703496    0    0     0     0 1969 1689 22  3 75  0  0 2021-07-25 19:53:00
 4  0      0 54918152   2088 4703496    0    0     0     0 1885 1753 21  1 78  0  0 2021-07-25 19:53:01
 2  0      0 54902820   2088 4703496    0    0     0     0 2511 2238 24  2 74  0  0 2021-07-25 19:53:02
 1  0      0 54853716   2088 4703508    0    0     0     0 2035 1869 21  2 78  0  0 2021-07-25 19:53:03
 1  0      0 54870828   2088 4703508    0    0     0     0 1461 1389 17  1 82  0  0 2021-07-25 19:53:04
 1  0      0 54870704   2088 4703512    0    0     0     0 1404 1417 17  0 83  0  0 2021-07-25 19:53:05
 2  0      0 54870220   2088 4703512    0    0     0     0 2496 2170 25  2 73  0  0 2021-07-25 19:53:06
 1  0      0 54870356   2088 4703512    0    0     0     0 1930 1392 19  6 75  0  0 2021-07-25 19:53:07
 4  0      0 54870368   2088 4703512    0    0     0     0 2425 2002 24  4 73  0  0 2021-07-25 19:53:08
 1  0      0 54870256   2088 4703512    0    0     0     0 2168 1739 21  5 74  0  0 2021-07-25 19:53:09
 1  0      0 54870392   2088 4703512    0    0     0     0 2299 2023 24  1 75  0  0 2021-07-25 19:53:10
 4  0      0 54917164   2088 4703512    0    0     0    64 2277 1988 21  2 77  0  0 2021-07-25 19:53:11
 4  0      0 54863720   2088 4703520    0    0     0     0 2215 1951 24  1 75  0  0 2021-07-25 19:53:12
 1  0      0 54917412   2088 4703520    0    0     0     0 1817 1720 19  2 80  0  0 2021-07-25 19:53:13
 1  0      0 54868804   2088 4703520    0    0     0    20 1238 1292 16  0 84  0  0 2021-07-25 19:53:14
 1  0      0 54868196   2088 4703520    0    0     0     0 2232 1987 24  1 75  0  0 2021-07-25 19:53:15
 4  0      0 54868320   2088 4703520    0    0     0     0 1991 1415 20  6 73  0  0 2021-07-25 19:53:16
 4  0      0 54868344   2088 4703520    0    0     0     0 2353 1923 24  3 72  0  0 2021-07-25 19:53:17
 4  0      0 54868476   2088 4703520    0    0     0     0 2227 1746 23  4 73  0  0 2021-07-25 19:53:18
 4  0      0 54868492   2088 4703520    0    0     0     0 2385 2084 24  1 74  0  0 2021-07-25 19:53:19
 1  0      0 54918860   2088 4703528    0    0     0     0 2297 1978 22  2 76  0  0 2021-07-25 19:53:20
 1  0      0 54865044   2088 4703528    0    0     0     0 2183 1891 24  2 75  0  0 2021-07-25 19:53:21
 4  0      0 54918732   2088 4703528    0    0     0     0 1907 1757 21  1 78  0  0 2021-07-25 19:53:22
 1  0      0 54870128   2088 4703528    0    0     0     0 1329 1330 17  1 83  0  0 2021-07-25 19:53:23
 1  0      0 54869644   2088 4703528    0    0     0     0 1993 1829 21  1 77  0  0 2021-07-25 19:53:24
 2  0      0 54869892   2088 4703528    0    0     0     0 2029 1534 21  6 73  0  0 2021-07-25 19:53:25
 2  0      0 54869776   2088 4703528    0    0     0     8 2316 1894 23  4 73  0  0 2021-07-25 19:53:26
 2  0      0 54870164   2088 4703528    0    0     0     0 2375 1872 24  4 72  0  0 2021-07-25 19:53:27
 2  0      0 54870668   2088 4703528    0    0     0     0 2174 1891 23  2 75  0  0 2021-07-25 19:53:28
 2  0      0 54919292   2088 4703536    0    0     0     0 2038 1894 20  1 78  0  0 2021-07-25 19:53:29
 1  0      0 54866740   2088 4703536    0    0     0     0 2243 2001 22  1 77  0  0 2021-07-25 19:53:30
 1  0      0 54828300   2088 4703536    0    0     0     0 1949 1798 21  1 78  0  0 2021-07-25 19:53:31
 1  0      0 54870460   2088 4703536    0    0     0     0 1568 1447 18  1 80  0  0 2021-07-25 19:53:32
 4  0      0 54870084   2088 4703536    0    0     0     0 1880 1710 20  1 79  0  0 2021-07-25 19:53:33
 2  0      0 54870100   2088 4703536    0    0     0     0 2076 1691 21  4 75  0  0 2021-07-25 19:53:34
 2  0      0 54869860   2088 4703536    0    0     0     0 2317 1901 23  4 73  0  0 2021-07-25 19:53:35
 2  0      0 54869876   2088 4703536    0    0     0    36 2354 1900 22  4 73  0  0 2021-07-25 19:53:36
 1  0      0 54869888   2088 4703536    0    0     0     0 2038 1708 21  3 76  0  0 2021-07-25 19:53:37
 4  0      0 54852664   2088 4703544    0    0     0     0 2052 1807 22  1 77  0  0 2021-07-25 19:53:38
 1  0      0 54889268   2088 4703544    0    0     0     0 2658 2343 24  2 74  0  0 2021-07-25 19:53:39
 1  0      0 54866576   2088 4703544    0    0     0     0 1973 1849 21  1 78  0  0 2021-07-25 19:53:40
 1  0      0 54876496   2088 4703544    0    0     0     0 1459 1404 16  2 82  0  0 2021-07-25 19:53:41
 4  0      0 54876496   2088 4703548    0    0     0     0 1489 1479 18  0 82  0  0 2021-07-25 19:53:42
 2  0      0 54875764   2088 4703548    0    0     0     0 2413 1999 24  3 73  0  0 2021-07-25 19:53:43
 1  0      0 54876024   2088 4703548    0    0     0     0 2064 1600 21  6 74  0  0 2021-07-25 19:53:44
 1  0      0 54876284   2088 4703552    0    0     0    44 2415 2030 24  3 73  0  0 2021-07-25 19:53:45
 1  0      0 54876048   2088 4703560    0    0     0     0 2020 1614 21  4 75  0  0 2021-07-25 19:53:46
 1  0      0 54845060   2088 4703560    0    0     0     0 2111 1889 22  1 76  0  0 2021-07-25 19:53:47
 4  0      0 54906836   2088 4703560    0    0     0     0 2535 2170 24  1 74  0  0 2021-07-25 19:53:48
 1  0      0 54857480   2088 4703560    0    0     0     0 2110 1961 22  1 77  0  0 2021-07-25 19:53:49
 1  0      0 54903116   2088 4703560    0    0     0     0 1557 1462 17  2 81  0  0 2021-07-25 19:53:50
 1  0      0 54874348   2088 4703560    0    0     0     0 1431 1449 17  0 82  0  0 2021-07-25 19:53:51
 1  0      0 54873976   2088 4703560    0    0     0     4 2514 2161 25  2 73  0  0 2021-07-25 19:53:52
 1  0      0 54873256   2088 4703560    0    0     0     0 2023 1482 18  8 74  0  0 2021-07-25 19:53:53
 1  0      0 54873764   2088 4703568    0    0     0     0 2459 2022 24  3 72  0  0 2021-07-25 19:53:54
 4  0      0 54873652   2088 4703568    0    0     0     0 2263 1738 22  4 74  0  0 2021-07-25 19:53:55
 1  0      0 54873788   2088 4703568    0    0     0     0 2325 2062 23  1 76  0  0 2021-07-25 19:53:56
 1  0      0 54913220   2088 4703568    0    0     0     8 2228 1920 21  2 77  0  0 2021-07-25 19:53:57
 1  0      0 54863768   2088 4703568    0    0     0     0 2145 1896 23  1 75  0  0 2021-07-25 19:53:58
 1  0      0 54910888   2088 4703568    0    0     0     0 1982 1819 21  1 78  0  0 2021-07-25 19:53:59
 1  0      0 54873812   2088 4703568    0    0     0     0 1182 1227 16  0 84  0  0 2021-07-25 19:54:00
 4  0      0 54873204   2088 4703572    0    0     0     0 2199 1922 22  2 76  0  0 2021-07-25 19:54:01
 1  0      0 54873216   2088 4703572    0    0     0     0 1971 1376 19  7 74  0  0 2021-07-25 19:54:02
 1  0      0 54872940   2088 4703592    0    0     0     0 2458 2018 24  3 73  0  0 2021-07-25 19:54:03
 1  0      0 54873076   2088 4703600    0    0     0     0 2326 1809 23  5 72  0  0 2021-07-25 19:54:04
 1  0      0 54872964   2088 4703600    0    0     0     0 2296 2002 24  1 75  0  0 2021-07-25 19:54:05
 1  0      0 54912768   2088 4703600    0    0     0     0 2360 2021 23  1 76  0  0 2021-07-25 19:54:06
 1  0      0 54858728   2088 4703600    0    0     0     0 2108 1863 23  1 75  0  0 2021-07-25 19:54:07
 2  0      0 54912172   2088 4703600    0    0     0     0 2006 1841 22  1 77  0  0 2021-07-25 19:54:08
 1  0      0 54873360   2088 4703600    0    0     0     0 1391 1402 16  1 84  0  0 2021-07-25 19:54:09
 1  0      0 54872876   2088 4703600    0    0     0     0 1956 1817 20  2 79  0  0 2021-07-25 19:54:10
 2  0      0 54872752   2088 4703600    0    0     0     0 2052 1558 21  5 73  0  0 2021-07-25 19:54:11
 2  0      0 54873260   2088 4703608    0    0     0    44 2310 1889 23  4 73  0  0 2021-07-25 19:54:12
 2  0      0 54872900   2088 4703608    0    0     0     0 2425 1903 24  4 72  0  0 2021-07-25 19:54:13
 1  0      0 54873036   2088 4703608    0    0     0     0 2197 1881 23  2 75  0  0 2021-07-25 19:54:14
 4  0      0 54912840   2088 4703608    0    0     0     8 2137 1892 22  1 77  0  0 2021-07-25 19:54:15
 1  0      0 54864020   2088 4703608    0    0     0    42 2339 2030 22  1 76  0  0 2021-07-25 19:54:16
 1  0      0 54863224   2088 4703608    0    0     0     4 1991 1799 22  1 77  0  0 2021-07-25 19:54:17
 1  0      0 54873816   2088 4703612    0    0     0     0 1462 1377 17  1 82  0  0 2021-07-25 19:54:18
 4  0      0 54872700   2088 4703612    0    0     0     0 1898 1718 21  1 78  0  0 2021-07-25 19:54:19
 2  0      0 54873208   2088 4703620    0    0     0     7 2291 1853 24  3 73  0  0 2021-07-25 19:54:20
 1  0      0 54873220   2088 4703620    0    0     0     0 2234 1771 23  3 73  0  0 2021-07-25 19:54:21
 4  0      0 54815312   2088 4703620    0    0     0     0 2406 1944 23  4 73  0  0 2021-07-25 19:54:22
 1  0      0 54872848   2088 4703620    0    0     0     0 1992 1579 20  5 75  0  0 2021-07-25 19:54:23
 1  0      0 54912916   2088 4703620    0    0     0     0 2207 1854 23  1 75  0  0 2021-07-25 19:54:24
 1  0      0 54912588   2088 4703620    0    0     0     0 2573 2263 23  2 75  0  0 2021-07-25 19:54:25
 1  0      0 54879976   2088 4703620    0    0     0     0 2027 1860 21  2 78  0  0 2021-07-25 19:54:26
 1  0      0 54873652   2088 4703620    0    0     0     0 1460 1394 16  2 82  0  0 2021-07-25 19:54:27
 1  0      0 54873652   2088 4703620    0    0     0    16 1396 1365 18  0 82  0  0 2021-07-25 19:54:28
 2  0      0 54873292   2088 4703628    0    0     0     0 2558 2173 27  2 72  0  0 2021-07-25 19:54:29
 4  0      0 54873056   2088 4703628    0    0     0     0 1882 1320 19  7 74  0  0 2021-07-25 19:54:30
 1  0      0 54873068   2088 4703628    0    0     0     0 2469 2000 25  4 71  0  0 2021-07-25 19:54:31
 1  0      0 54873328   2088 4703628    0    0     0     0 2158 1732 21  4 74  0  0 2021-07-25 19:54:32
 1  0      0 54873088   2088 4703628    0    0     0     0 2280 2029 22  2 76  0  0 2021-07-25 19:54:33
 1  0      0 54913272   2088 4703628    0    0     0     0 2193 1929 21  2 77  0  0 2021-07-25 19:54:34
 4  0      0 54879936   2088 4703628    0    0     0     0 2200 1954 24  1 75  0  0 2021-07-25 19:54:35
 1  0      0 54912548   2088 4703628    0    0     0     0 1904 1750 20  2 78  0  0 2021-07-25 19:54:36
 1  0      0 54873860   2088 4703628    0    0     0     0 1164 1237 15  0 85  0  0 2021-07-25 19:54:37
 4  0      0 54873364   2088 4703636    0    0     0     0 2244 1967 24  1 75  0  0 2021-07-25 19:54:38
 4  0      0 54873260   2088 4703636    0    0     0     0 2003 1402 19  8 73  0  0 2021-07-25 19:54:39
 1  0      0 54873152   2088 4703636    0    0     0     0 2371 1932 24  3 73  0  0 2021-07-25 19:54:40
 1  0      0 54873288   2088 4703636    0    0     0     0 2289 1809 22  5 73  0  0 2021-07-25 19:54:41
 4  0      0 54873052   2088 4703636    0    0     0     0 2244 2026 22  2 76  0  0 2021-07-25 19:54:42
 1  0      0 54912752   2088 4703636    0    0     0     0 2425 2088 23  2 76  0  0 2021-07-25 19:54:43
 1  0      0 54880268   2088 4703636    0    0     0     0 1939 1851 19  2 79  0  0 2021-07-25 19:54:44
 2  0      0 54913124   2088 4703644    0    0     0     0 1958 1875 21  1 79  0  0 2021-07-25 19:54:45
 1  0      0 54873820   2088 4703644    0    0     0    22 1387 1393 16  1 83  0  0 2021-07-25 19:54:46
 1  0      0 54873328   2088 4703644    0    0     0     1 2033 1865 21  1 78  0  0 2021-07-25 19:54:47
 2  0      0 54872828   2088 4703644    0    0     0   112 2066 1553 22  5 73  0  0 2021-07-25 19:54:48
 2  0      0 54872964   2088 4703644    0    0     0     0 2396 1945 23  4 73  0  0 2021-07-25 19:54:49
 2  0      0 54872852   2088 4703644    0    0     0     0 2396 1904 24  4 72  0  0 2021-07-25 19:54:50
 1  0      0 54872988   2088 4703644    0    0     0     0 2086 1784 22  2 76  0  0 2021-07-25 19:54:51
 1  0      0 54912432   2088 4703644    0    0     0     0 2104 1921 21  2 78  0  0 2021-07-25 19:54:52
 4  0      0 54912128   2088 4703652    0    0     0    44 2750 2469 23  2 76  0  0 2021-07-25 19:54:53
 1  0      0 54875132   2088 4703652    0    0     0     0 2148 1946 22  1 76  0  0 2021-07-25 19:54:54
 1  0      0 54873520   2088 4703660    0    0     0     0 1453 1414 15  2 83  0  0 2021-07-25 19:54:55
 2  0      0 54872900   2088 4703660    0    0     0     0 1722 1623 20  1 79  0  0 2021-07-25 19:54:56
 2  0      0 54873780   2088 4703660    0    0     0     0 2263 1874 24  3 73  0  0 2021-07-25 19:54:57
 4  0      0 54873544   2088 4703664    0    0     0     0 2123 1697 23  4 73  0  0 2021-07-25 19:54:58
 1  0      0 54873680   2088 4703664    0    0     0     0 2379 2043 24  4 72  0  0 2021-07-25 19:54:59
 4  0      0 54873568   2088 4703664    0    0     0     0 1949 1574 21  4 75  0  0 2021-07-25 19:55:00
 4  0      0 54912868   2088 4703664    0    0     0     0 2064 1891 23  1 76  0  0 2021-07-25 19:55:01
 4  0      0 54912540   2088 4703672    0    0     0     0 2452 2218 24  2 75  0  0 2021-07-25 19:55:02
 1  0      0 54880176   2088 4703672    0    0     0     8 2016 1871 22  2 76  0  0 2021-07-25 19:55:03
 1  0      0 54893196   2088 4703672    0    0     0     0 1496 1470 17  2 82  0  0 2021-07-25 19:55:04
 1  0      0 54873852   2088 4703672    0    0     0     0 1389 1457 17  0 82  0  0 2021-07-25 19:55:05
 4  0      0 54873492   2088 4703672    0    0     0     0 2319 2130 24  2 74  0  0 2021-07-25 19:55:06
 1  0      0 54873380   2088 4703672    0    0     0     0 1873 1340 18  8 74  0  0 2021-07-25 19:55:07
 1  0      0 54873640   2088 4703672    0    0     0     0 2327 1958 25  3 72  0  0 2021-07-25 19:55:08
 4  0      0 54873652   2088 4703672    0    0     0     0 2127 1725 23  4 73  0  0 2021-07-25 19:55:09
 1  0      0 54873664   2088 4703680    0    0     0     0 2314 2111 26  1 73  0  0 2021-07-25 19:55:10
 1  0      0 54909524   2088 4703680    0    0     0     0 2136 1957 21  2 77  0  0 2021-07-25 19:55:11
 1  0      0 54856080   2088 4703680    0    0     0     0 1973 1843 22  1 77  0  0 2021-07-25 19:55:12
 1  0      0 54909844   2088 4703680    0    0     0     0 1996 1881 22  1 76  0  0 2021-07-25 19:55:13
 1  0      0 54870588   2088 4703680    0    0     0     8 1203 1244 17  0 83  0  0 2021-07-25 19:55:14
 1  0      0 54870104   2088 4703680    0    0     0     0 2094 1933 22  2 76  0  0 2021-07-25 19:55:15
 2  0      0 54869980   2088 4703680    0    0     0     0 1875 1343 20  7 73  0  0 2021-07-25 19:55:16
 4  0      0 54870128   2088 4703680    0    0     0    50 2385 2023 24  4 73  0  0 2021-07-25 19:55:17
 2  0      0 54870128   2088 4703680    0    0     0     0 2147 1787 24  4 73  0  0 2021-07-25 19:55:18
 1  0      0 54870012   2088 4703680    0    0     0     0 2262 2097 23  2 76  0  0 2021-07-25 19:55:19
 2  0      0 54912692   2088 4703688    0    0     0     0 2107 1929 21  2 77  0  0 2021-07-25 19:55:20
 2  0      0 54879968   2088 4703688    0    0     0     0 2052 1874 23  2 76  0  0 2021-07-25 19:55:21
 1  0      0 54913032   2088 4703688    0    0     0     0 1825 1788 20  1 80  0  0 2021-07-25 19:55:22
 1  0      0 54874020   2088 4703688    0    0     0     0 1479 1453 17  1 82  0  0 2021-07-25 19:55:23
 1  0      0 54873412   2088 4703688    0    0     0    40 2003 1838 23  1 76  0  0 2021-07-25 19:55:24
 2  0      0 54873660   2088 4703688    0    0     0     0 1946 1566 21  5 74  0  0 2021-07-25 19:55:25
 2  0      0 54873668   2088 4703688    0    0     0     0 2276 1883 23  4 73  0  0 2021-07-25 19:55:26
 2  0      0 54873312   2088 4703688    0    0     0     0 2309 1902 25  3 72  0  0 2021-07-25 19:55:27
 1  0      0 54873572   2088 4703700    0    0     0     0 1935 1750 20  3 77  0  0 2021-07-25 19:55:28
 4  0      0 54911880   2088 4703704    0    0     0     0 2065 1971 20  2 78  0  0 2021-07-25 19:55:29
 1  0      0 54850296   2088 4703704    0    0     0     0 2506 2186 23  2 75  0  0 2021-07-25 19:55:30
 1  0      0 54879312   2088 4703704    0    0     0     0 1971 1830 21  1 77  0  0 2021-07-25 19:55:31
 1  0      0 54872988   2088 4703704    0    0     0     0 1443 1392 16  2 83  0  0 2021-07-25 19:55:32
 4  0      0 54807888   2088 4703708    0    0     0     0 1601 1598 19  1 81  0  0 2021-07-25 19:55:33
 2  0      0 54872380   2088 4703708    0    0     0     8 2356 1962 23  3 73  0  0 2021-07-25 19:55:34
 4  0      0 54872516   2088 4703708    0    0     0     0 2093 1656 21  5 74  0  0 2021-07-25 19:55:35
 4  0      0 54872528   2088 4703716    0    0     0     0 2356 1964 23  3 74  0  0 2021-07-25 19:55:36
 1  0      0 54872540   2088 4703716    0    0     0     0 2012 1585 20  5 75  0  0 2021-07-25 19:55:37
 1  0      0 54842296   2088 4703716    0    0     0     0 2003 1870 20  2 78  0  0 2021-07-25 19:55:38
 4  0      0 54903452   2088 4703716    0    0     0     0 2501 2237 23  1 76  0  0 2021-07-25 19:55:39
 1  0      0 54880264   2088 4703716    0    0     0     0 2160 1946 23  1 76  0  0 2021-07-25 19:55:40
 1  0      0 54913744   2088 4703716    0    0     0     0 1630 1499 18  2 80  0  0 2021-07-25 19:55:41
 1  0      0 54865012   2088 4703716    0    0     0     0 1377 1410 18  0 82  0  0 2021-07-25 19:55:42
 1  0      0 54864280   2088 4703716    0    0     0     0 2233 2047 25  1 74  0  0 2021-07-25 19:55:43
 1  0      0 54864416   2088 4703716    0    0     0     8 1925 1392 19  7 74  0  0 2021-07-25 19:55:44
 1  0      0 54864552   2088 4703724    0    0     0     0 2268 1930 24  3 73  0  0 2021-07-25 19:55:45
 4  0      0 54864564   2088 4703724    0    0     0     0 2179 1742 23  4 72  0  0 2021-07-25 19:55:46
 1  0      0 54864328   2088 4703724    0    0     0     0 2317 2103 25  2 73  0  0 2021-07-25 19:55:47
 1  0      0 54911220   2088 4703724    0    0     0    80 2224 2016 22  1 76  0  0 2021-07-25 19:55:48
 4  0      0 54878612   2088 4703724    0    0     0     0 2040 1901 23  1 75  0  0 2021-07-25 19:55:49
 1  0      0 54911224   2088 4703724    0    0     0     0 2028 1911 23  1 76  0  0 2021-07-25 19:55:50
 1  0      0 54862616   2088 4703724    0    0     0     0 1168 1218 16  0 83  0  0 2021-07-25 19:55:51
 4  0      0 54862008   2088 4703724    0    0     0     0 2018 1858 23  1 76  0  0 2021-07-25 19:55:52
 2  0      0 54862132   2088 4703724    0    0     0     0 1921 1405 20  7 73  0  0 2021-07-25 19:55:53
 2  0      0 54862264   2088 4703732    0    0     0     0 2323 1967 24  4 72  0  0 2021-07-25 19:55:54
 2  0      0 54861628   2088 4703732    0    0     0     0 2779 2440 25  4 71  0  0 2021-07-25 19:55:55
 1  0      0 54861888   2088 4703732    0    0     0     0 2245 2002 23  2 75  0  0 2021-07-25 19:55:56
 1  0      0 54912996   2088 4703732    0    0     0     0 2020 1903 21  1 77  0  0 2021-07-25 19:55:57
 4  0      0 54881020   2088 4703732    0    0     0     0 2042 1934 22  1 77  0  0 2021-07-25 19:55:58
 1  0      0 54913320   2088 4703736    0    0     0     0 1904 1814 22  1 77  0  0 2021-07-25 19:55:59
 0  0      0 57823920   2088 4514724    0    0     0    40 2018 1550  9  4 87  0  0 2021-07-25 19:56:00
 0  0      0 57823968   2088 4514740    0    0     0     0  425  768  0  0 100  0  0 2021-07-25 19:56:01
 0  0      0 57823968   2088 4514740    0    0     0     0  423  768  0  0 100  0  0 2021-07-25 19:56:02
 0  0      0 57823968   2088 4514740    0    0     0     0  574  937  0  0 100  0  0 2021-07-25 19:56:03
