#Date       Time        gpu rxpci txpci    sm   mem   enc   dec
#YYYYMMDD   HH:MM:SS    Idx  MB/s  MB/s     %     %     %     %
 20210724   07:17:02      0     0     0     0     0     0     0
 20210724   07:17:03      0     0     0     0     0     0     0
 20210724   07:17:04      0     0     0     0     0     0     0
 20210724   07:17:05      0     0     0     0     0     0     0
 20210724   07:17:06      0     0     0     0     0     0     0
 20210724   07:17:07      0     0     0     0     0     0     0
 20210724   07:17:08      0     0     0     0     0     0     0
 20210724   07:17:10      0     0     0     0     0     0     0
 20210724   07:17:11      0     0     0     0     0     0     0
 20210724   07:17:12      0     0     0     0     0     0     0
 20210724   07:17:13      0     0     0     0     0     0     0
 20210724   07:17:14      0     0     0     0     0     0     0
 20210724   07:17:15      0     0     0     0     0     0     0
 20210724   07:17:16      0     0     0     0     0     0     0
 20210724   07:17:17      0     0     0     0     0     0     0
 20210724   07:17:18      0     0     0     0     0     0     0
 20210724   07:17:19      0     0     0     0     0     0     0
 20210724   07:17:21      0     0     0     0     0     0     0
 20210724   07:17:22      0     0     0     0     0     0     0
 20210724   07:17:23      0     0     0     0     0     0     0
 20210724   07:17:24      0     0     0     0     0     0     0
 20210724   07:17:25      0     0     0     0     0     0     0
 20210724   07:17:26      0     0     0     0     0     0     0
 20210724   07:17:27      0     0     0     0     0     0     0
 20210724   07:17:28      0     0     0     0     0     0     0
 20210724   07:17:29      0     0     0     0     0     0     0
 20210724   07:17:31      0     0     0     0     0     0     0
 20210724   07:17:32      0     0     0     0     0     0     0
 20210724   07:17:33      0     0     0     0     0     0     0
 20210724   07:17:34      0     0     0     0     0     0     0
 20210724   07:17:35      0     0     0     0     0     0     0
 20210724   07:17:36      0     0     0     0     0     0     0
 20210724   07:17:37      0     0     0     0     0     0     0
 20210724   07:17:38      0     0     0     0     0     0     0
 20210724   07:17:39      0     0     0     0     0     0     0
 20210724   07:17:40      0     0     0     0     0     0     0
 20210724   07:17:41      0     0     0     0     0     0     0
 20210724   07:17:42      0     0     0     0     0     0     0
 20210724   07:17:44      0     0     0     0     0     0     0
 20210724   07:17:45      0     0     0     0     0     0     0
 20210724   07:17:46      0     0     0     0     0     0     0
 20210724   07:17:47      0     0     0     0     0     0     0
 20210724   07:17:48      0     0     0     0     0     0     0
 20210724   07:17:49      0     0     0     0     0     0     0
#Date       Time        gpu rxpci txpci    sm   mem   enc   dec
#YYYYMMDD   HH:MM:SS    Idx  MB/s  MB/s     %     %     %     %
 20210724   07:17:50      0     0     0     0     0     0     0
 20210724   07:17:51      0     0     0     0     0     0     0
 20210724   07:17:53      0     0     0     0     0     0     0
 20210724   07:17:54      0     0     0     0     0     0     0
 20210724   07:17:55      0     0     0     0     0     0     0
 20210724   07:17:56      0     0     0     0     0     0     0
 20210724   07:17:57      0     0     0     0     0     0     0
 20210724   07:17:58      0     0     0     0     0     0     0
 20210724   07:17:59      0     0     0     0     0     0     0
 20210724   07:18:00      0     0     0     0     0     0     0
 20210724   07:18:02      0     0     0     0     0     0     0
 20210724   07:18:03      0     0     0     0     0     0     0
 20210724   07:18:04      0     0     0     0     0     0     0
 20210724   07:18:05      0     0     0     0     0     0     0
 20210724   07:18:06      0     0     0     0     0     0     0
 20210724   07:18:07      0     0     0     0     0     0     0
 20210724   07:18:08      0     0     0     0     0     0     0
 20210724   07:18:09      0     0     0     0     0     0     0
 20210724   07:18:11      0     0     0     0     0     0     0
 20210724   07:18:12      0     0     0     0     0     0     0
 20210724   07:18:13      0     0     0     0     0     0     0
 20210724   07:18:14      0     0     0     0     0     0     0
 20210724   07:18:15      0     0     0     0     0     0     0
 20210724   07:18:16      0     0     0     0     0     0     0
 20210724   07:18:17      0     0     0     0     0     0     0
 20210724   07:18:18      0     0     0     0     0     0     0
 20210724   07:18:19      0     0     0     0     0     0     0
 20210724   07:18:21      0     0     0     0     0     0     0
 20210724   07:18:22      0     0     0     0     0     0     0
 20210724   07:18:23      0     0     0     0     0     0     0
 20210724   07:18:24      0     0     0     0     0     0     0
 20210724   07:18:25      0     0     0     0     0     0     0
 20210724   07:18:26      0     0     0     0     0     0     0
 20210724   07:18:27      0     0     0     0     0     0     0
 20210724   07:18:28      0     0     0     0     0     0     0
 20210724   07:18:30      0     0     0     0     0     0     0
 20210724   07:18:31      0     0     0     0     0     0     0
 20210724   07:18:32      0     0     0     0     0     0     0
 20210724   07:18:33      0     0     0     0     0     0     0
 20210724   07:18:34      0     0     0     0     0     0     0
 20210724   07:18:35      0     0     0     0     0     0     0
 20210724   07:18:36      0     0     0     0     0     0     0
 20210724   07:18:37      0     0     0     0     0     0     0
 20210724   07:18:39      0     0     0     0     0     0     0
#Date       Time        gpu rxpci txpci    sm   mem   enc   dec
#YYYYMMDD   HH:MM:SS    Idx  MB/s  MB/s     %     %     %     %
 20210724   07:18:40      0     0     0     0     0     0     0
 20210724   07:18:41      0     0     0     0     0     0     0
 20210724   07:18:42      0     0     0     0     0     0     0
 20210724   07:18:43      0     0     0     0     0     0     0
 20210724   07:18:44      0     0     0     0     0     0     0
 20210724   07:18:45      0     0     0     0     0     0     0
 20210724   07:18:47      0     0     0     0     0     0     0
 20210724   07:18:48      0     0     0     0     0     0     0
 20210724   07:18:49      0     0     0     0     0     0     0
 20210724   07:18:50      0     0     0     0     0     0     0
 20210724   07:18:51      0     0     0     0     0     0     0
 20210724   07:18:52      0     0     0     0     0     0     0
 20210724   07:18:53      0  2549    17     2     0     0     0
 20210724   07:18:54      0     0     0     3     0     0     0
 20210724   07:18:55      0   374    45     4     0     0     0
 20210724   07:18:56      0    94     0     4     0     0     0
 20210724   07:18:57      0     0     0     0     0     0     0
 20210724   07:18:59      0     0     0     0     0     0     0
 20210724   07:19:00      0     0     0     0     0     0     0
 20210724   07:19:01      0     0     0    10     7     0     0
 20210724   07:19:02      0     0     0     0     0     0     0
 20210724   07:19:03      0   715   747     7     2     0     0
 20210724   07:19:04      0     0     0     0     0     0     0
 20210724   07:19:05      0     0     0     0     0     0     0
 20210724   07:19:06      0     0     0     0     0     0     0
 20210724   07:19:07      0     0   374     0     0     0     0
 20210724   07:19:08      0  3620   400    30    20     0     0
 20210724   07:19:10      0   792     7     5     0     0     0
 20210724   07:19:11      0     0     0     0     0     0     0
 20210724   07:19:12      0     0     0     0     0     0     0
 20210724   07:19:13      0     0     0     0     0     0     0
 20210724   07:19:14      0     0   151     0     0     0     0
 20210724   07:19:15      0     0     0    40    27     0     0
 20210724   07:19:16      0     0     0     0     0     0     0
 20210724   07:19:17      0  2896     1     4     0     0     0
 20210724   07:19:18      0     0     0    87     0     0     0
 20210724   07:19:19      0     0     0     0     0     0     0
 20210724   07:19:20      0     0     0     0     0     0     0
 20210724   07:19:21      0     0   404     0     0     0     0
 20210724   07:19:22      0     0     0    49     0     0     0
 20210724   07:19:24      0     0     0     0     0     0     0
 20210724   07:19:25      0     0     0     0     0     0     0
 20210724   07:19:26      0     0     0     0     0     0     0
 20210724   07:19:27      0     0     0    39    25     0     0
#Date       Time        gpu rxpci txpci    sm   mem   enc   dec
#YYYYMMDD   HH:MM:SS    Idx  MB/s  MB/s     %     %     %     %
 20210724   07:19:28      0  3101   116     0     0     0     0
 20210724   07:19:29      0     0     0     0     0     0     0
 20210724   07:19:30      0     0     0     0     0     0     0
 20210724   07:19:31      0     0     0     0     0     0     0
 20210724   07:19:32      0     0     0     0     0     0     0
 20210724   07:19:33      0  3361   387     0     0     0     0
 20210724   07:19:34      0     0     0    42     0     0     0
 20210724   07:19:36      0     0     0    41    28     0     0
 20210724   07:19:37      0     0     0     0     0     0     0
 20210724   07:19:38      0     0   709     0     0     0     0
 20210724   07:19:39      0  3407   387    55    28     0     0
 20210724   07:19:40      0     0   119    42    28     0     0
 20210724   07:19:41      0     0     0    21    14     0     0
 20210724   07:19:42      0     0     0     0     0     0     0
 20210724   07:19:43      0     0     0     0     0     0     0
 20210724   07:19:44      0     0     0     0     0     0     0
 20210724   07:19:45      0     0     0     0     0     0     0
 20210724   07:19:47      0     0     0     0     0     0     0
 20210724   07:19:48      0     0     0     0     0     0     0
 20210724   07:19:49      0     0   537     0     0     0     0
 20210724   07:19:50      0  3396   213    97    27     0     0
 20210724   07:19:51      0   777     0    33    23     0     0
 20210724   07:19:52      0     0     0     0     0     0     0
 20210724   07:19:53      0     0     0     0     0     0     0
 20210724   07:19:54      0     0   536     0     0     0     0
 20210724   07:19:55      0  3493   468    10     5     0     0
 20210724   07:19:56      0  2285     9     0     0     0     0
 20210724   07:19:57      0     0     0    39    25     0     0
 20210724   07:19:59      0     0     0     0     0     0     0
 20210724   07:20:00      0     0     0     0     0     0     0
 20210724   07:20:01      0     0     0     0     0     0     0
 20210724   07:20:02      0  1455     0    38    26     0     0
 20210724   07:20:03      0     0     0     0     0     0     0
 20210724   07:20:04      0     0     0    16     9     0     0
 20210724   07:20:05      0     0     0     0     0     0     0
 20210724   07:20:06      0     0     0     0     0     0     0
 20210724   07:20:07      0  4603   475     0     0     0     0
 20210724   07:20:08      0     0     0    40    28     0     0
 20210724   07:20:09      0     0     0     0     0     0     0
 20210724   07:20:11      0     0     0     0     0     0     0
 20210724   07:20:12      0     0     0     0     0     0     0
 20210724   07:20:13      0  3125    19     1     0     0     0
 20210724   07:20:14      0     0     0     0     0     0     0
 20210724   07:20:15      0     0     0     4     1     0     0
#Date       Time        gpu rxpci txpci    sm   mem   enc   dec
#YYYYMMDD   HH:MM:SS    Idx  MB/s  MB/s     %     %     %     %
 20210724   07:20:16      0     0     0     0     0     0     0
 20210724   07:20:17      0     2     0    19    12     0     0
 20210724   07:20:18      0     0     0     0     0     0     0
 20210724   07:20:20      0     0     0    42    28     0     0
 20210724   07:20:21      0     0     0    12     0     0     0
 20210724   07:20:22      0     0     0     0     0     0     0
 20210724   07:20:23      0  1615   676     0     0     0     0
 20210724   07:20:24      0     0     0    42    28     0     0
 20210724   07:20:25      0     0     0     0     0     0     0
 20210724   07:20:26      0     0     0     0     0     0     0
 20210724   07:20:27      0     0     0     0     0     0     0
 20210724   07:20:29      0  4120   426     0     0     0     0
 20210724   07:20:30      0     0     0     0     0     0     0
 20210724   07:20:31      0     0     0     0     0     0     0
 20210724   07:20:32      0     0     1     0     0     0     0
 20210724   07:20:33      0     0     0    42    29     0     0
 20210724   07:20:34      0     0     0     0     0     0     0
 20210724   07:20:35      0     0     0    40    27     0     0
 20210724   07:20:36      0     0     0     0     0     0     0
 20210724   07:20:38      0     0     0     0     0     0     0
 20210724   07:20:39      0  3592   431     0     0     0     0
 20210724   07:20:40      0     0     0     2     1     0     0
 20210724   07:20:41      0     0     0     0     0     0     0
 20210724   07:20:42      0     0     0     0     0     0     0
 20210724   07:20:43      0     0     0     0     0     0     0
 20210724   07:20:44      0     0   749     0     0     0     0
 20210724   07:20:45      0     0     0     0     0     0     0
 20210724   07:20:47      0     0     0    18    12     0     0
 20210724   07:20:48      0     0     0     0     0     0     0
 20210724   07:20:49      0     0     0    42    28     0     0
 20210724   07:20:50      0     0     0     0     0     0     0
 20210724   07:20:51      0   738     0    41    28     0     0
 20210724   07:20:52      0     0     0     0     0     0     0
 20210724   07:20:53      0     0     0     0     0     0     0
 20210724   07:20:54      0  3186   395     0     0     0     0
 20210724   07:20:55      0     0     0     9     6     0     0
 20210724   07:20:57      0     0     0     0     0     0     0
 20210724   07:20:58      0     0     0     0     0     0     0
 20210724   07:20:59      0     0     0     0     0     0     0
 20210724   07:21:00      0     0   120     0     0     0     0
 20210724   07:21:01      0     0     0     0     0     0     0
 20210724   07:21:02      0     0     0     4     1     0     0
 20210724   07:21:03      0     0     0     0     0     0     0
 20210724   07:21:04      0     0     0     0     0     0     0
#Date       Time        gpu rxpci txpci    sm   mem   enc   dec
#YYYYMMDD   HH:MM:SS    Idx  MB/s  MB/s     %     %     %     %
 20210724   07:21:05      0     0     0     0     0     0     0
 20210724   07:21:06      0     0   631     0     0     0     0
 20210724   07:21:08      0     0     0    45     0     0     0
 20210724   07:21:09      0     0     0     0     0     0     0
 20210724   07:21:10      0     0     0     0     0     0     0
 20210724   07:21:11      0   290   803     0     0     0     0
 20210724   07:21:12      0     0     0    17     0     0     0
 20210724   07:21:13      0     0     0     0     0     0     0
 20210724   07:21:14      0     0     0     0     0     0     0
 20210724   07:21:15      0     0     0     0     0     0     0
 20210724   07:21:16      0  5761   271     0     0     0     0
 20210724   07:21:17      0     0     0     0     0     0     0
 20210724   07:21:19      0     0     0     0     0     0     0
 20210724   07:21:20      0     0     0     0     0     0     0
 20210724   07:21:21      0     0     0     0     0     0     0
 20210724   07:21:22      0     0     0     0     0     0     0
 20210724   07:21:23      0  3402   388    42    28     0     0
 20210724   07:21:24      0     0     0     0     0     0     0
 20210724   07:21:25      0     0     0     0     0     0     0
 20210724   07:21:26      0     0     0     0     0     0     0
 20210724   07:21:28      0  3655   394     0     0     0     0
 20210724   07:21:29      0     0     0    55    20     0     0
 20210724   07:21:30      0  2346     0    47    30     0     0
 20210724   07:21:31      0     0     0     0     0     0     0
 20210724   07:21:32      0     0     0     0     0     0     0
 20210724   07:21:33      0     0     0     0     0     0     0
 20210724   07:21:34      0     0     0     0     0     0     0
 20210724   07:21:35      0     0     0     0     0     0     0
 20210724   07:21:36      0     0     0     0     0     0     0
 20210724   07:21:38      0     0     0     0     0     0     0
 20210724   07:21:39      0  6786   454     0     0     0     0
 20210724   07:21:40      0     0     0    64    11     0     0
 20210724   07:21:41      0     0     0    41    28     0     0
 20210724   07:21:42      0     0     0     0     0     0     0
 20210724   07:21:43      0     0     0     0     0     0     0
 20210724   07:21:44      0  3814   460     0     0     0     0
 20210724   07:21:45      0  2395     0    42    28     0     0
 20210724   07:21:46      0     0     0     0     0     0     0
 20210724   07:21:47      0     0     0     0     0     0     0
 20210724   07:21:49      0     0     0     0     0     0     0
 20210724   07:21:50      0     0     0     0     0     0     0
 20210724   07:21:51      0     0     0     0     0     0     0
 20210724   07:21:52      0     0     0     0     0     0     0
 20210724   07:21:53      0     0     0     0     0     0     0
#Date       Time        gpu rxpci txpci    sm   mem   enc   dec
#YYYYMMDD   HH:MM:SS    Idx  MB/s  MB/s     %     %     %     %
 20210724   07:21:54      0  3526   466    38    26     0     0
 20210724   07:21:55      0     0     0    80    20     0     0
 20210724   07:21:57      0     0     0     0     0     0     0
 20210724   07:21:58      0     0     0     0     0     0     0
 20210724   07:21:59      0  3484   420    18    11     0     0
 20210724   07:22:00      0   535     0    35     0     0     0
 20210724   07:22:01      0     0     0    41    10     0     0
 20210724   07:22:02      0     0     0     0     0     0     0
 20210724   07:22:03      0     0     0     0     0     0     0
 20210724   07:22:04      0     0     0     0     0     0     0
 20210724   07:22:05      0     0     0     0     0     0     0
 20210724   07:22:07      0     0     0     0     0     0     0
 20210724   07:22:08      0     0     0     0     0     0     0
 20210724   07:22:09      0     0     0     0     0     0     0
 20210724   07:22:10      0  3355   387     0     0     0     0
 20210724   07:22:11      0     0     0    29     0     0     0
 20210724   07:22:12      0     0     0     0     0     0     0
 20210724   07:22:13      0     0     0     0     0     0     0
 20210724   07:22:14      0  3260   370    69    28     0     0
 20210724   07:22:16      0     0     0    80    28     0     0
 20210724   07:22:17      0     0     0    35     5     0     0
 20210724   07:22:18      0     0     0     0     0     0     0
 20210724   07:22:19      0     0     0     0     0     0     0
 20210724   07:22:20      0     0     0     0     0     0     0
 20210724   07:22:21      0     0     0     0     0     0     0
 20210724   07:22:22      0     0     0     0     0     0     0
 20210724   07:22:23      0     0     0     0     0     0     0
 20210724   07:22:24      0     0     0     0     0     0     0
 20210724   07:22:26      0     0   621     0     0     0     0
 20210724   07:22:27      0  3402   117    98    28     0     0
 20210724   07:22:28      0     0     0    35    24     0     0
 20210724   07:22:29      0     0     0     0     0     0     0
 20210724   07:22:30      0     0     0     0     0     0     0
 20210724   07:22:31      0  3686   430     6     1     0     0
 20210724   07:22:32      0  1958    26     0     0     0     0
 20210724   07:22:33      0     0     0    39    25     0     0
 20210724   07:22:34      0     0     0     0     0     0     0
 20210724   07:22:35      0     0     0     0     0     0     0
 20210724   07:22:37      0     0     0     0     0     0     0
 20210724   07:22:38      0     0     0    41    28     0     0
 20210724   07:22:39      0     0     0     0     0     0     0
 20210724   07:22:40      0     0     0    42    28     0     0
 20210724   07:22:41      0     0     0     0     0     0     0
 20210724   07:22:42      0     0   647     0     0     0     0
#Date       Time        gpu rxpci txpci    sm   mem   enc   dec
#YYYYMMDD   HH:MM:SS    Idx  MB/s  MB/s     %     %     %     %
 20210724   07:22:43      0     0    59     0     0     0     0
 20210724   07:22:44      0     0     0    57     6     0     0
 20210724   07:22:45      0     0     0     0     0     0     0
 20210724   07:22:47      0     0     0     0     0     0     0
 20210724   07:22:48      0     0     0     0     0     0     0
 20210724   07:22:49      0     0     0     0     0     0     0
 20210724   07:22:50      0     0     0    38    25     0     0
 20210724   07:22:51      0     0     0     0     0     0     0
 20210724   07:22:52      0     0     0     0     0     0     0
 20210724   07:22:53      0  6101   448     0     0     0     0
 20210724   07:22:54      0     0     0     0     0     0     0
 20210724   07:22:55      0     0   301     0     0     0     0
 20210724   07:22:57      0     0     0    36    27     0     0
 20210724   07:22:58      0     0     0     0     0     0     0
 20210724   07:22:59      0     0     0     0     0     0     0
 20210724   07:23:00      0  3545   438     0     0     0     0
 20210724   07:23:01      0     0     0    42    28     0     0
 20210724   07:23:02      0     0     0     0     0     0     0
 20210724   07:23:03      0     0     0     0     0     0     0
 20210724   07:23:04      0     0     0     0     0     0     0
 20210724   07:23:05      0     0     0     0     0     0     0
 20210724   07:23:06      0     0     0     0     0     0     0
 20210724   07:23:07      0   245     0    17    10     0     0
 20210724   07:23:09      0     0     0     0     0     0     0
 20210724   07:23:10      0     0     0     0     0     0     0
 20210724   07:23:11      0     0     0     0     0     0     0
 20210724   07:23:12      0     0   684     0     0     0     0
 20210724   07:23:13      0     0     0    66     0     0     0
 20210724   07:23:14      0     0     0     0     0     0     0
 20210724   07:23:15      0     0     0     0     0     0     0
 20210724   07:23:16      0  3392     2    19    12     0     0
 20210724   07:23:18      0     0     0    27     0     0     0
 20210724   07:23:19      0     0     0     0     0     0     0
 20210724   07:23:20      0     0     0     0     0     0     0
 20210724   07:23:21      0     0     0     0     0     0     0
 20210724   07:23:22      0  6391   308     0     0     0     0
 20210724   07:23:23      0     0     0     0     0     0     0
 20210724   07:23:24      0     0     0     0     0     0     0
 20210724   07:23:25      0     0     0     0     0     0     0
 20210724   07:23:26      0     0     0     0     0     0     0
 20210724   07:23:27      0     0     0     0     0     0     0
 20210724   07:23:29      0  3393   387    64    28     0     0
 20210724   07:23:30      0     0     0     0     0     0     0
 20210724   07:23:31      0     0     0     0     0     0     0
#Date       Time        gpu rxpci txpci    sm   mem   enc   dec
#YYYYMMDD   HH:MM:SS    Idx  MB/s  MB/s     %     %     %     %
 20210724   07:23:32      0     0     0     0     0     0     0
 20210724   07:23:33      0     2     0    56     3     0     0
 20210724   07:23:34      0     0     0     0     0     0     0
 20210724   07:23:35      0     0     0     0     0     0     0
 20210724   07:23:36      0     0     0     0     0     0     0
 20210724   07:23:37      0  4609   394     0     0     0     0
 20210724   07:23:38      0     0     0     0     0     0     0
 20210724   07:23:40      0     0     0     0     0     0     0
 20210724   07:23:41      0     0     0     0     0     0     0
 20210724   07:23:42      0     0     0     0     0     0     0
 20210724   07:23:43      0     0     0     0     0     0     0
 20210724   07:23:44      0  3648   448     0     0     0     0
 20210724   07:23:45      0     0     0    56     0     0     0
 20210724   07:23:46      0     0     0    41    28     0     0
 20210724   07:23:47      0     0     0     0     0     0     0
 20210724   07:23:48      0     0   660     0     0     0     0
 20210724   07:23:50      0  3403   386     0     0     0     0
 20210724   07:23:51      0   649   263    42    28     0     0
 20210724   07:23:52      0     0     0     7     4     0     0
 20210724   07:23:53      0     0     0     0     0     0     0
 20210724   07:23:54      0     0     0     0     0     0     0
 20210724   07:23:55      0     0     0     0     0     0     0
 20210724   07:23:56      0     0     0     0     0     0     0
 20210724   07:23:57      0     0     0     0     0     0     0
 20210724   07:23:58      0     0     0     0     0     0     0
 20210724   07:24:00      0     0   444     0     0     0     0
 20210724   07:24:01      0  3405   249    42    28     0     0
 20210724   07:24:02      0     0     0    42    28     0     0
 20210724   07:24:03      0     0     0     0     0     0     0
 20210724   07:24:04      0     0     0     0     0     0     0
 20210724   07:24:05      0  4272   457     0     0     0     0
 20210724   07:24:06      0  3697   206    42    28     0     0
 20210724   07:24:07      0    22     0    27    16     0     0
 20210724   07:24:08      0     0     0    39    25     0     0
 20210724   07:24:09      0     0     0     0     0     0     0
 20210724   07:24:10      0    13     0     0     0     0     0
 20210724   07:24:11      0     0     0     0     0     0     0
 20210724   07:24:13      0     0     0     0     0     0     0
 20210724   07:24:14      0     0     0     0     0     0     0
 20210724   07:24:15      0     0     0     0     0     0     0
 20210724   07:24:16      0     0     0     0     0     0     0
 20210724   07:24:17      0     0     0     0     0     0     0
 20210724   07:24:18      0     0     0     0     0     0     0
 20210724   07:24:19      0     0     0     0     0     0     0
#Date       Time        gpu rxpci txpci    sm   mem   enc   dec
#YYYYMMDD   HH:MM:SS    Idx  MB/s  MB/s     %     %     %     %
 20210724   07:24:20      0     0     0     0     0     0     0
 20210724   07:24:21      0     0     0     0     0     0     0
 20210724   07:24:22      0     0     0     0     0     0     0
 20210724   07:24:24      0     0     0     0     0     0     0
 20210724   07:24:25      0     0     0     0     0     0     0
 20210724   07:24:26      0     0     0     0     0     0     0
 20210724   07:24:27      0     0     0     0     0     0     0
 20210724   07:24:28      0     0     0     0     0     0     0
 20210724   07:24:29      0     0     0     0     0     0     0
 20210724   07:24:30      0     0     0     0     0     0     0
 20210724   07:24:31      0     0     0     0     0     0     0
 20210724   07:24:33      0     0     0     0     0     0     0
 20210724   07:24:34      0     0     0     0     0     0     0
 20210724   07:24:35      0     0     0     0     0     0     0
 20210724   07:24:36      0     0     0     0     0     0     0
 20210724   07:24:37      0     0     0     0     0     0     0
 20210724   07:24:38      0     0     0     0     0     0     0
 20210724   07:24:39      0     0     0     0     0     0     0
 20210724   07:24:40      0     0     0     0     0     0     0
 20210724   07:24:41      0     0     0     0     0     0     0
 20210724   07:24:43      0     0     0     0     0     0     0
 20210724   07:24:44      0     0     0     0     0     0     0
 20210724   07:24:45      0     0     0     0     0     0     0
 20210724   07:24:46      0     0     0     0     0     0     0
 20210724   07:24:47      0     0     0     0     0     0     0
 20210724   07:24:48      0     0     0     0     0     0     0
 20210724   07:24:49      0     0     0     0     0     0     0
 20210724   07:24:50      0     0     0     0     0     0     0
 20210724   07:24:51      0     0     0     0     0     0     0
 20210724   07:24:53      0     0     0     0     0     0     0
 20210724   07:24:54      0     0     0     0     0     0     0
