 0  0      0 59330608   2088 2335008    0    0    21    18  172  167 10  1 89  0  0 2021-07-24 07:17:10
 0  0      0 59330104   2088 2335012    0    0     0     0  845  874  0  0 100  0  0 2021-07-24 07:17:11
 0  0      0 59330104   2088 2335012    0    0     0     0  482  852  0  0 100  0  0 2021-07-24 07:17:12
 0  0      0 59330104   2088 2335012    0    0     0     0  518  888  0  0 100  0  0 2021-07-24 07:17:13
 0  0      0 59330104   2088 2335012    0    0     0     0  599 1012  0  0 100  0  0 2021-07-24 07:17:14
 0  0      0 59330104   2088 2335012    0    0     0     0  479  835  0  0 100  0  0 2021-07-24 07:17:15
 0  0      0 59330104   2088 2335012    0    0     0     0  488  863  0  0 100  0  0 2021-07-24 07:17:16
 0  0      0 59329952   2088 2335012    0    0     0     0  824 1185  0  0 100  0  0 2021-07-24 07:17:17
 0  0      0 59329476   2088 2335024    0    0     0     0  526  925  0  0 100  0  0 2021-07-24 07:17:18
 0  0      0 59329476   2088 2335024    0    0     0     0  500  897  0  0 100  0  0 2021-07-24 07:17:19
 0  0      0 59329476   2088 2335024    0    0     0     0  498  890  0  0 100  0  0 2021-07-24 07:17:20
 0  0      0 59329476   2088 2335024    0    0     0     0  478  848  0  0 100  0  0 2021-07-24 07:17:21
 0  0      0 59329476   2088 2335024    0    0     0     0  524  922  0  0 100  0  0 2021-07-24 07:17:22
 0  0      0 59329476   2088 2335024    0    0     0     0  509  909  0  0 100  0  0 2021-07-24 07:17:23
 0  0      0 59329476   2088 2335024    0    0     0     4  498  879  0  0 100  0  0 2021-07-24 07:17:24
 0  0      0 59329476   2088 2335024    0    0     0     0  477  860  0  0 100  0  0 2021-07-24 07:17:25
 0  0      0 59329476   2088 2335024    0    0     0    89  525  924  0  0 100  0  0 2021-07-24 07:17:26
 0  0      0 59329476   2088 2335024    0    0     0     0  868  925  0  0 100  0  0 2021-07-24 07:17:27
 0  0      0 59329476   2088 2335024    0    0     0     0  516  902  0  0 100  0  0 2021-07-24 07:17:28
 0  0      0 59329476   2088 2335024    0    0     0     0  504  904  0  0 100  0  0 2021-07-24 07:17:29
 0  0      0 59329476   2088 2335024    0    0     0     0  571  970  0  0 100  0  0 2021-07-24 07:17:30
 0  0      0 59329476   2088 2335024    0    0     0     0  547  947  0  0 100  0  0 2021-07-24 07:17:31
 0  0      0 59329476   2088 2335024    0    0     0     0  516  926  0  0 100  0  0 2021-07-24 07:17:32
 0  0      0 59329476   2088 2335024    0    0     0     0  477  856  0  0 100  0  0 2021-07-24 07:17:33
 0  0      0 59329476   2088 2335024    0    0     0   212  513  889  0  0 100  0  0 2021-07-24 07:17:34
 0  0      0 59329476   2088 2335024    0    0     0     0  518  915  0  0 100  0  0 2021-07-24 07:17:35
 0  0      0 59329532   2088 2335024    0    0     0     0  512  907  0  0 100  0  0 2021-07-24 07:17:36
 0  0      0 59329532   2088 2335024    0    0     0     0  509  914  0  0 100  0  0 2021-07-24 07:17:37
 0  0      0 59329532   2088 2335024    0    0     0     0  504  893  0  0 100  0  0 2021-07-24 07:17:38
 0  0      0 59329532   2088 2335024    0    0     0     0  563  976  0  0 100  0  0 2021-07-24 07:17:39
 0  0      0 59329532   2088 2335024    0    0     0     0  512  905  0  0 100  0  0 2021-07-24 07:17:40
 0  0      0 59329532   2088 2335024    0    0     0     0  501  911  0  0 100  0  0 2021-07-24 07:17:41
 0  0      0 59329532   2088 2335024    0    0     0     0  509  909  0  0 100  0  0 2021-07-24 07:17:42
 0  0      0 59329532   2088 2335024    0    0     0     0  846  916  0  0 100  0  0 2021-07-24 07:17:43
 0  0      0 59329532   2088 2335024    0    0     0     4  503  891  0  0 100  0  0 2021-07-24 07:17:44
 0  0      0 59329532   2088 2335024    0    0     0     0  520  930  0  0 100  0  0 2021-07-24 07:17:45
 0  0      0 59329532   2088 2335028    0    0     0     0  507  894  0  0 100  0  0 2021-07-24 07:17:46
 0  0      0 59329532   2088 2335028    0    0     0     0  484  854  0  0 100  0  0 2021-07-24 07:17:47
 0  0      0 59329532   2088 2335028    0    0     0     0  490  861  0  0 100  0  0 2021-07-24 07:17:48
 0  0      0 59329532   2088 2335028    0    0     0     0  514  902  0  0 100  0  0 2021-07-24 07:17:49
 0  0      0 59329532   2088 2335028    0    0     0     4  502  900  0  0 100  0  0 2021-07-24 07:17:50
 0  0      0 59329532   2088 2335028    0    0     0     0  515  911  0  0 100  0  0 2021-07-24 07:17:51
 0  0      0 59329532   2088 2335028    0    0     0     0  474  840  0  0 100  0  0 2021-07-24 07:17:52
 0  0      0 59329532   2088 2335028    0    0     0     0  506  878  0  0 100  0  0 2021-07-24 07:17:53
 0  0      0 59329532   2088 2335028    0    0     0     0  501  890  0  0 100  0  0 2021-07-24 07:17:54
 0  0      0 59329532   2088 2335028    0    0     0     0  505  900  0  0 100  0  0 2021-07-24 07:17:55
 0  0      0 59329532   2088 2335028    0    0     0     0  498  888  0  0 100  0  0 2021-07-24 07:17:56
 0  0      0 59329532   2088 2335028    0    0     0   102  537  952  0  0 100  0  0 2021-07-24 07:17:57
 0  0      0 59329532   2088 2335028    0    0     0     0  512  902  0  0 100  0  0 2021-07-24 07:17:58
 0  0      0 59329532   2088 2335028    0    0     0     0  862  922  0  0 100  0  0 2021-07-24 07:17:59
 0  0      0 59329532   2088 2335028    0    0     0     0  501  893  0  0 100  0  0 2021-07-24 07:18:00
 0  0      0 59329532   2088 2335028    0    0     0     0  518  915  0  0 100  0  0 2021-07-24 07:18:01
 0  0      0 59329532   2088 2335028    0    0     0     0  501  885  0  0 100  0  0 2021-07-24 07:18:02
 0  0      0 59329532   2088 2335028    0    0     0     0  847  907  0  0 100  0  0 2021-07-24 07:18:03
 0  0      0 59329532   2088 2335028    0    0     0     0  521  910  0  0 100  0  0 2021-07-24 07:18:04
 0  0      0 59329532   2088 2335028    0    0     0     0  492  880  0  0 100  0  0 2021-07-24 07:18:05
 0  0      0 59329532   2088 2335028    0    0     0     0  467  832  0  0 100  0  0 2021-07-24 07:18:06
 0  0      0 59329532   2088 2335028    0    0     0     0  503  886  0  0 100  0  0 2021-07-24 07:18:07
 0  0      0 59329532   2088 2335028    0    0     0     0  500  888  0  0 100  0  0 2021-07-24 07:18:08
 0  0      0 59329532   2088 2335028    0    0     0     0  529  944  0  0 100  0  0 2021-07-24 07:18:09
 0  0      0 59329532   2088 2335032    0    0     0     0  499  883  0  0 100  0  0 2021-07-24 07:18:10
 0  0      0 59329532   2088 2335032    0    0     0     0  524  924  0  0 100  0  0 2021-07-24 07:18:11
 0  0      0 59329532   2088 2335036    0    0     0     0  485  858  0  0 100  0  0 2021-07-24 07:18:12
 0  0      0 59329532   2088 2335036    0    0     0     0  551  945  0  0 100  0  0 2021-07-24 07:18:13
 0  0      0 59329532   2088 2335036    0    0     0     0  580  980  0  0 100  0  0 2021-07-24 07:18:14
 0  0      0 59329408   2088 2335036    0    0     0     8  603 1013  0  0 100  0  0 2021-07-24 07:18:15
 0  0      0 59329408   2088 2335036    0    0     0     0  883  940  0  0 100  0  0 2021-07-24 07:18:16
 0  0      0 59329408   2088 2335036    0    0     0     0  519  921  0  0 100  0  0 2021-07-24 07:18:17
 0  0      0 59329408   2088 2335036    0    0     0     0  508  907  0  0 100  0  0 2021-07-24 07:18:18
 0  0      0 59329408   2088 2335036    0    0     0     0  510  916  0  0 100  0  0 2021-07-24 07:18:19
 0  0      0 59329408   2088 2335036    0    0     0     0  518  913  0  0 100  0  0 2021-07-24 07:18:20
 0  0      0 59329284   2088 2335040    0    0     0     0  508  906  0  0 100  0  0 2021-07-24 07:18:21
 0  0      0 59329284   2088 2335040    0    0     0     0  511  912  0  0 100  0  0 2021-07-24 07:18:22
 0  0      0 59329284   2088 2335040    0    0     0     0  469  827  0  0 100  0  0 2021-07-24 07:18:23
 0  0      0 59329284   2088 2335040    0    0     0     0  496  884  0  0 100  0  0 2021-07-24 07:18:24
 0  0      0 59329284   2088 2335040    0    0     0     0  518  920  0  0 100  0  0 2021-07-24 07:18:25
 0  0      0 59329284   2088 2335040    0    0     0     0  522  910  0  0 100  0  0 2021-07-24 07:18:26
 0  0      0 59329284   2088 2335040    0    0     0    79  521  909  0  0 100  0  0 2021-07-24 07:18:27
 0  0      0 59329284   2088 2335040    0    0     0     0  500  894  0  0 100  0  0 2021-07-24 07:18:28
 0  0      0 59329284   2088 2335040    0    0     0     0  520  937  0  0 100  0  0 2021-07-24 07:18:29
 0  0      0 59329284   2088 2335040    0    0     0     8  510  922  0  0 100  0  0 2021-07-24 07:18:30
 0  0      0 59329284   2088 2335040    0    0     0     0  495  878  0  0 100  0  0 2021-07-24 07:18:31
 0  0      0 59329284   2088 2335040    0    0     0     0  840  890  0  0 100  0  0 2021-07-24 07:18:32
 0  0      0 59329284   2088 2335040    0    0     0     0  523  928  0  0 100  0  0 2021-07-24 07:18:33
 0  0      0 59329284   2088 2335040    0    0     0     0  495  878  0  0 100  0  0 2021-07-24 07:18:34
 0  0      0 59329284   2088 2335040    0    0     0     0  499  884  0  0 100  0  0 2021-07-24 07:18:35
 0  0      0 59329284   2088 2335040    0    0     0     0  501  889  0  0 100  0  0 2021-07-24 07:18:36
 0  0      0 59329284   2088 2335040    0    0     0     0  530  938  0  0 100  0  0 2021-07-24 07:18:37
 0  0      0 59329284   2088 2335040    0    0     0     0  503  893  0  0 100  0  0 2021-07-24 07:18:38
 0  0      0 59329284   2088 2335040    0    0     0     0  500  884  0  0 100  0  0 2021-07-24 07:18:39
 0  0      0 59329284   2088 2335040    0    0     0     0  468  827  0  0 100  0  0 2021-07-24 07:18:40
 0  0      0 59329284   2088 2335040    0    0     0     4  519  912  0  0 100  0  0 2021-07-24 07:18:41
 0  0      0 59329284   2088 2335040    0    0     0     0  515  918  0  0 100  0  0 2021-07-24 07:18:42
 0  0      0 59329284   2088 2335040    0    0     0     0  512  904  0  0 100  0  0 2021-07-24 07:18:43
 0  0      0 59329284   2088 2335040    0    0     0     0  463  821  0  0 100  0  0 2021-07-24 07:18:44
 0  0      0 59329284   2088 2335040    0    0     0     0  516  919  0  0 100  0  0 2021-07-24 07:18:45
 0  0      0 59329284   2088 2335040    0    0     0     8  522  918  0  0 100  0  0 2021-07-24 07:18:46
 0  0      0 59329284   2088 2335040    0    0     0     0  522  914  0  0 100  0  0 2021-07-24 07:18:47
 0  0      0 59329284   2088 2335040    0    0     0     0  893  939  0  0 100  0  0 2021-07-24 07:18:48
 0  0      0 59329284   2088 2335044    0    0     0     0  526  923  0  0 100  0  0 2021-07-24 07:18:49
 0  0      0 59329284   2088 2335044    0    0     0     0  528  942  0  0 100  0  0 2021-07-24 07:18:50
 1  0      0 59232036   2088 2335052    0    0     0     0 2246 1407 13  7 80  0  0 2021-07-24 07:18:51
 0  0      0 59153248   2088 2335052    0    0     0     0 2828 2042 12  7 81  0  0 2021-07-24 07:18:52
 1  0      0 58699704   2088 2345292    0    0     0     0 1665 1547  8  4 88  0  0 2021-07-24 07:18:53
 1  0      0 58062412   2088 2345292    0    0     0     0  788  938  9  4 87  0  0 2021-07-24 07:18:54
 1  0      0 57378040   2088 2345292    0    0     0     0  775  933  9  4 87  0  0 2021-07-24 07:18:55
 1  0      0 56728628   2088 2345296    0    0     0     0  875 1013  9  4 87  0  0 2021-07-24 07:18:56
 1  0      0 56598100   2088 2384992    0    0     0     0 5526 2592 17  3 80  0  0 2021-07-24 07:18:57
 4  0      0 56456060   2088 2465468    0    0     0     5 1849 1783 18  2 80  0  0 2021-07-24 07:18:58
 1  0      0 56379128   2088 2540908    0    0     0     0 2431 2224 23  2 75  0  0 2021-07-24 07:18:59
 3  0      0 56390360   2088 2540908    0    0     0     0 1358 1407 16  0 84  0  0 2021-07-24 07:19:00
 2  0      0 56391044   2088 2540908    0    0     0     0 2571 2254 26  2 73  0  0 2021-07-24 07:19:01
 1  0      0 56390176   2088 2540908    0    0     0     0 2530 2177 24  3 73  0  0 2021-07-24 07:19:02
 1  0      0 56390432   2088 2540908    0    0     0     0 2602 2284 26  2 72  0  0 2021-07-24 07:19:03
 1  0      0 56374564   2088 2540908    0    0     0     0 2641 2152 23  1 76  0  0 2021-07-24 07:19:04
 1  0      0 56373456   2088 2540908    0    0     0     0 2343 2076 24  2 74  0  0 2021-07-24 07:19:05
 1  0      0 56373580   2088 2540920    0    0     0    32 2549 2285 26  1 73  0  0 2021-07-24 07:19:06
 4  0      0 56299436   2088 2540920    0    0     0     0 2336 2048 24  2 74  0  0 2021-07-24 07:19:07
 2  0      0 56343336   2088 2540920    0    0     0     0 2300 2070 23  2 75  0  0 2021-07-24 07:19:08
 4  0      0 56343588   2088 2540920    0    0     0     0 2470 2278 23  1 76  0  0 2021-07-24 07:19:09
 1  0      0 56341480   2088 2540920    0    0     0     0 2359 2188 23  2 76  0  0 2021-07-24 07:19:10
 1  0      0 56341852   2088 2540920    0    0     0     0 2532 2287 26  1 73  0  0 2021-07-24 07:19:11
 1  0      0 56369504   2088 2540928    0    0     0     0 1904 1808 20  1 79  0  0 2021-07-24 07:19:12
 4  0      0 56375212   2088 2540928    0    0     0     0 1614 1622 19  0 81  0  0 2021-07-24 07:19:13
 1  0      0 56374348   2088 2540928    0    0     0     0 1885 1783 20  1 79  0  0 2021-07-24 07:19:14
 1  0      0 56374476   2088 2540928    0    0     0     0 2422 2151 24  1 74  0  0 2021-07-24 07:19:15
 1  0      0 56390340   2088 2540928    0    0     0     0 1997 1857 20  2 78  0  0 2021-07-24 07:19:16
 4  0      0 56357216   2088 2540936    0    0     0     8 2668 2378 26  1 73  0  0 2021-07-24 07:19:17
 1  0      0 56357836   2088 2540936    0    0     0     0 2535 2175 25  3 72  0  0 2021-07-24 07:19:18
 1  0      0 56357100   2088 2540936    0    0     0     0 2324 2063 22  2 75  0  0 2021-07-24 07:19:19
 2  0      0 56357972   2088 2540944    0    0     0     0 2506 2201 25  2 73  0  0 2021-07-24 07:19:20
 1  0      0 56358224   2088 2540948    0    0     0     0 2774 2140 23  2 75  0  0 2021-07-24 07:19:21
 1  0      0 56357792   2088 2540948    0    0     0   112 2466 2153 25  2 73  0  0 2021-07-24 07:19:22
 1  0      0 56320844   2088 2540948    0    0     0     0 2094 1892 21  2 77  0  0 2021-07-24 07:19:23
 4  0      0 56376276   2088 2540948    0    0     0     0 2755 2322 26  2 72  0  0 2021-07-24 07:19:24
 1  0      0 56359780   2088 2540948    0    0     0     0 2428 2194 24  1 75  0  0 2021-07-24 07:19:25
 4  0      0 56358176   2088 2540948    0    0     0     0 2240 2059 23  1 76  0  0 2021-07-24 07:19:26
 1  0      0 56357800   2088 2540956    0    0     0     0 2244 2050 23  1 76  0  0 2021-07-24 07:19:27
 1  0      0 56358796   2088 2540956    0    0     0     0 1843 1777 19  1 80  0  0 2021-07-24 07:19:28
 1  0      0 56370824   2088 2540956    0    0     0    59 1601 1654 18  0 82  0  0 2021-07-24 07:19:29
 2  0      0 56369712   2088 2540956    0    0     0     0 2425 2088 24  2 74  0  0 2021-07-24 07:19:30
 1  0      0 56364380   2088 2540956    0    0     0     0 1635 1643 18  0 82  0  0 2021-07-24 07:19:31
 4  0      0 56390552   2088 2540956    0    0     0     0 2240 2025 22  2 77  0  0 2021-07-24 07:19:32
 2  0      0 56390556   2088 2540960    0    0     0     0 2680 2306 26  3 72  0  0 2021-07-24 07:19:33
 1  0      0 56390688   2088 2540960    0    0     0     0 2490 2110 24  3 73  0  0 2021-07-24 07:19:34
 1  0      0 56374076   2088 2540968    0    0     0     0 2228 2048 23  1 76  0  0 2021-07-24 07:19:35
 1  0      0 56367752   2088 2540968    0    0     0     0 2486 2187 24  2 74  0  0 2021-07-24 07:19:36
 1  0      0 56367016   2088 2540968    0    0     0    44 2954 2304 26  1 73  0  0 2021-07-24 07:19:37
 4  0      0 56366892   2088 2540968    0    0     0     0 2440 2167 24  2 74  0  0 2021-07-24 07:19:38
 1  0      0 56381720   2088 2540968    0    0     0     0 2033 1839 21  2 78  0  0 2021-07-24 07:19:39
 4  0      0 56381912   2088 2540968    0    0     0     0 2674 2330 25  2 73  0  0 2021-07-24 07:19:40
 1  0      0 56348432   2088 2540968    0    0     0     0 2348 2124 24  1 75  0  0 2021-07-24 07:19:41
 1  0      0 56347688   2088 2540976    0    0     0     8 2453 2186 24  2 74  0  0 2021-07-24 07:19:42
 1  0      0 56350664   2088 2540976    0    0     0     0 1809 1742 20  1 80  0  0 2021-07-24 07:19:43
 1  0      0 56381520   2088 2540976    0    0     0     0 1796 1724 18  1 81  0  0 2021-07-24 07:19:44
 1  0      0 56366040   2088 2540976    0    0     0     0 2072 1912 22  1 77  0  0 2021-07-24 07:19:45
 1  0      0 56365796   2088 2540976    0    0     0     0 2226 2030 22  2 76  0  0 2021-07-24 07:19:46
 2  0      0 56379936   2088 2540976    0    0     0     4 1572 1571 18  1 82  0  0 2021-07-24 07:19:47
 4  0      0 56380184   2088 2540976    0    0     0     0 2610 2278 25  2 74  0  0 2021-07-24 07:19:48
 4  0      0 56379824   2088 2540976    0    0     0     0 2520 2204 23  3 73  0  0 2021-07-24 07:19:49
 1  0      0 56379824   2088 2540984    0    0     0     0 2625 2246 26  2 72  0  0 2021-07-24 07:19:50
 1  0      0 56352544   2088 2540984    0    0     0     0 2079 1959 21  1 78  0  0 2021-07-24 07:19:51
 4  0      0 56352432   2088 2540984    0    0     0     8 2482 2185 24  2 74  0  0 2021-07-24 07:19:52
 2  0      0 56352312   2088 2540984    0    0     0     0 2874 2283 24  2 74  0  0 2021-07-24 07:19:53
 2  0      0 56352564   2088 2540984    0    0     0     0 2250 2001 22  2 76  0  0 2021-07-24 07:19:54
 1  0      0 56381832   2088 2540984    0    0     0     0 2347 2115 23  2 75  0  0 2021-07-24 07:19:55
 1  0      0 56368324   2088 2540992    0    0     0     0 2378 2187 22  2 76  0  0 2021-07-24 07:19:56
 1  0      0 56350588   2088 2540992    0    0     0     0 2243 2139 22  1 77  0  0 2021-07-24 07:19:57
 1  0      0 56350592   2088 2540992    0    0     0     0 2649 2381 26  1 72  0  0 2021-07-24 07:19:58
 4  0      0 56345508   2088 2540992    0    0     0     0 1951 1834 20  1 79  0  0 2021-07-24 07:19:59
 1  0      0 56341912   2088 2540992    0    0     0    21 1466 1520 17  1 83  0  0 2021-07-24 07:20:00
 4  0      0 56340648   2088 2541012    0    0     0     0 2470 2259 23  1 76  0  0 2021-07-24 07:20:01
 4  0      0 56340672   2088 2540996    0    0     0     0 2093 1960 21  1 78  0  0 2021-07-24 07:20:02
 1  0      0 56382960   2088 2541000    0    0     0     0 1985 1786 21  2 78  0  0 2021-07-24 07:20:03
 1  0      0 56366868   2088 2541000    0    0     0     0 2533 2319 24  1 74  0  0 2021-07-24 07:20:04
 4  0      0 56353976   2088 2541008    0    0     0     0 2573 2120 25  3 71  0  0 2021-07-24 07:20:05
 2  0      0 56367124   2088 2541008    0    0     0     0 2116 1855 23  2 76  0  0 2021-07-24 07:20:06
 2  0      0 56367248   2088 2541008    0    0     0     0 2609 2220 25  3 72  0  0 2021-07-24 07:20:07
 4  0      0 56367012   2088 2541008    0    0     0     0 2469 2220 24  1 75  0  0 2021-07-24 07:20:08
 1  0      0 56367384   2088 2541012    0    0     0     0 2837 2261 24  2 74  0  0 2021-07-24 07:20:09
 2  0      0 56383432   2088 2541012    0    0     0     0 2050 1877 20  2 78  0  0 2021-07-24 07:20:10
 1  0      0 56368764   2088 2541020    0    0     0     0 2728 2346 26  2 72  0  0 2021-07-24 07:20:11
 1  0      0 56352272   2088 2541020    0    0     0     0 2433 2231 24  1 75  0  0 2021-07-24 07:20:12
 4  0      0 56335160   2088 2541020    0    0     0    52 2168 2111 21  1 78  0  0 2021-07-24 07:20:13
 1  0      0 56303168   2088 2541020    0    0     0     0 2075 1917 22  1 77  0  0 2021-07-24 07:20:14
 1  0      0 56303168   2088 2541020    0    0     0     0 1948 1888 18  1 81  0  0 2021-07-24 07:20:15
 4  0      0 56342476   2088 2541020    0    0     0     0 1967 1907 19  1 80  0  0 2021-07-24 07:20:16
 1  0      0 56341728   2088 2541020    0    0     0     0 2781 2590 24  2 74  0  0 2021-07-24 07:20:17
 1  0      0 56286176   2088 2541020    0    0     0     0 1388 1430 17  0 83  0  0 2021-07-24 07:20:18
 4  0      0 56327100   2088 2541024    0    0     0     0 2503 2276 24  2 74  0  0 2021-07-24 07:20:19
 2  0      0 56351660   2088 2541032    0    0     0     0 2449 2040 22  4 73  0  0 2021-07-24 07:20:20
 4  0      0 56351792   2088 2541032    0    0     0     0 2631 2269 26  2 72  0  0 2021-07-24 07:20:21
 4  0      0 56351548   2088 2541032    0    0     0     0 2309 2121 23  1 76  0  0 2021-07-24 07:20:22
 4  0      0 56349812   2088 2541032    0    0     0     8 2474 2164 25  2 73  0  0 2021-07-24 07:20:23
 1  0      0 56349940   2088 2541036    0    0     0     0 2433 2207 24  1 74  0  0 2021-07-24 07:20:24
 1  0      0 56349452   2088 2541036    0    0     0     0 2662 2022 24  2 74  0  0 2021-07-24 07:20:25
 4  0      0 56369668   2088 2541036    0    0     0     0 2159 1925 22  2 76  0  0 2021-07-24 07:20:26
 1  0      0 56369296   2088 2541044    0    0     0     0 2558 2317 23  2 75  0  0 2021-07-24 07:20:27
 1  0      0 56335948   2088 2541044    0    0     0     0 2134 2031 21  1 78  0  0 2021-07-24 07:20:28
 1  0      0 56335076   2088 2541044    0    0     0     0 2548 2314 24  2 74  0  0 2021-07-24 07:20:29
 4  0      0 56283124   2088 2541044    0    0     0     6 1870 1758 21  1 78  0  0 2021-07-24 07:20:30
 1  0      0 56339048   2088 2541044    0    0     0     0 1534 1547 16  1 83  0  0 2021-07-24 07:20:31
 1  0      0 56338428   2088 2541044    0    0     0     0 2169 1946 23  1 76  0  0 2021-07-24 07:20:32
 1  0      0 56338184   2088 2541044    0    0     0   280 2277 2010 24  1 75  0  0 2021-07-24 07:20:33
 4  0      0 56380676   2088 2541052    0    0     0     0 1800 1700 19  2 80  0  0 2021-07-24 07:20:34
 4  0      0 56351292   2088 2541052    0    0     0     0 2577 2323 25  1 74  0  0 2021-07-24 07:20:35
 1  0      0 56351416   2088 2541052    0    0     0     0 2467 2076 25  3 72  0  0 2021-07-24 07:20:36
 1  0      0 56351176   2088 2541052    0    0     0     0 2596 2233 26  2 72  0  0 2021-07-24 07:20:37
 4  0      0 56345224   2088 2541052    0    0     0     0 2276 2084 23  2 76  0  0 2021-07-24 07:20:38
 4  0      0 56343000   2088 2541052    0    0     0     0 2395 2111 24  2 74  0  0 2021-07-24 07:20:39
 1  0      0 56342388   2088 2541052    0    0     0     0 2524 2135 24  3 73  0  0 2021-07-24 07:20:40
 1  0      0 56342884   2088 2541060    0    0     0     0 2294 2043 23  2 75  0  0 2021-07-24 07:20:41
 1  0      0 56364832   2088 2541060    0    0     0     0 2667 2113 23  2 75  0  0 2021-07-24 07:20:42
 1  0      0 56344136   2088 2541060    0    0     0     0 2339 2108 22  2 76  0  0 2021-07-24 07:20:43
 1  0      0 56326652   2088 2541060    0    0     0     0 2255 2042 24  1 75  0  0 2021-07-24 07:20:44
 1  0      0 56326404   2088 2541064    0    0     0     0 2510 2300 25  1 74  0  0 2021-07-24 07:20:45
 4  0      0 56324544   2088 2541064    0    0     0     0 1910 1814 19  2 79  0  0 2021-07-24 07:20:46
 1  0      0 56314996   2088 2541064    0    0     0     0 1487 1505 18  1 82  0  0 2021-07-24 07:20:47
 1  0      0 56314132   2088 2541064    0    0     0     0 2044 1886 21  1 78  0  0 2021-07-24 07:20:48
 1  0      0 56314260   2088 2541072    0    0     0     4 2123 1966 21  1 78  0  0 2021-07-24 07:20:49
 1  0      0 56367708   2088 2541072    0    0     0     0 1975 1817 20  1 78  0  0 2021-07-24 07:20:50
 1  0      0 56340060   2088 2541072    0    0     0     0 2499 2311 23  2 75  0  0 2021-07-24 07:20:51
 4  0      0 56265664   2088 2541072    0    0     0     0 2523 2121 24  4 72  0  0 2021-07-24 07:20:52
 1  0      0 56340192   2088 2541072    0    0     0     0 2051 1870 20  2 78  0  0 2021-07-24 07:20:53
 1  0      0 56340076   2088 2541072    0    0     0    56 2604 2196 24  3 73  0  0 2021-07-24 07:20:54
 1  0      0 56340572   2088 2541072    0    0     0     0 2368 2123 24  1 75  0  0 2021-07-24 07:20:55
 1  0      0 56340084   2088 2541080    0    0     0     0 2491 2157 24  2 74  0  0 2021-07-24 07:20:56
 1  0      0 56372292   2088 2541084    0    0     0     0 2149 1940 22  2 76  0  0 2021-07-24 07:20:57
 1  0      0 56342948   2088 2541084    0    0     0     0 2982 2366 24  2 74  0  0 2021-07-24 07:20:58
 1  0      0 56341832   2088 2541084    0    0     0     0 2506 2259 25  1 74  0  0 2021-07-24 07:20:59
 4  0      0 56337988   2088 2541084    0    0     0     0 2181 2043 22  1 77  0  0 2021-07-24 07:21:00
 2  0      0 56315508   2088 2541084    0    0     0   121 2138 2011 22  1 77  0  0 2021-07-24 07:21:02
 1  0      0 56310300   2088 2541084    0    0     0     0 1865 1770 19  2 79  0  0 2021-07-24 07:21:03
 4  0      0 56239992   2088 2541092    0    0     0     0 1708 1612 20  1 79  0  0 2021-07-24 07:21:04
 1  0      0 56314648   2088 2541092    0    0     0     0 2369 2152 22  2 76  0  0 2021-07-24 07:21:05
 1  0      0 56314524   2088 2541092    0    0     0     0 1582 1583 19  0 81  0  0 2021-07-24 07:21:06
 1  0      0 56341060   2088 2541092    0    0     0     0 2300 2112 22  2 76  0  0 2021-07-24 07:21:07
 2  0      0 56340448   2088 2541092    0    0     0     0 2661 2209 25  3 71  0  0 2021-07-24 07:21:08
 4  0      0 56340456   2088 2541092    0    0     0     0 2600 2160 25  3 72  0  0 2021-07-24 07:21:09
 1  0      0 56339220   2088 2541092    0    0     0     4 2312 2112 23  1 76  0  0 2021-07-24 07:21:10
 1  0      0 56339348   2088 2541092    0    0     0     0 2527 2209 24  2 74  0  0 2021-07-24 07:21:11
 1  0      0 56339228   2088 2541104    0    0     0     0 2481 2212 25  1 74  0  0 2021-07-24 07:21:12
 2  0      0 56337744   2088 2541104    0    0     0     0 2488 2205 24  2 74  0  0 2021-07-24 07:21:13
 4  0      0 56350768   2088 2541104    0    0     0     0 2001 1832 20  3 78  0  0 2021-07-24 07:21:14
 1  0      0 56341600   2088 2541104    0    0     0     0 2951 2313 24  2 74  0  0 2021-07-24 07:21:15
 1  0      0 56367516   2088 2541104    0    0     0     0 2316 2124 22  1 76  0  0 2021-07-24 07:21:16
 1  0      0 56338000   2088 2541104    0    0     0     0 2435 2217 24  2 74  0  0 2021-07-24 07:21:17
 1  0      0 56324364   2088 2541104    0    0     0     0 1777 1788 19  1 80  0  0 2021-07-24 07:21:18
 1  0      0 56344428   2088 2541104    0    0     0     0 1993 1926 20  2 79  0  0 2021-07-24 07:21:19
 1  0      0 56312936   2088 2541112    0    0     0     0 2005 1871 20  1 78  0  0 2021-07-24 07:21:20
 1  0      0 56313064   2088 2541112    0    0     0     0 2259 2002 23  1 75  0  0 2021-07-24 07:21:21
 2  0      0 56364400   2088 2541112    0    0     0     0 1642 1564 19  1 80  0  0 2021-07-24 07:21:22
 1  0      0 56331672   2088 2541116    0    0     0     0 2600 2285 24  2 74  0  0 2021-07-24 07:21:23
 2  0      0 56331800   2088 2541116    0    0     0     0 2445 2091 24  3 73  0  0 2021-07-24 07:21:24
 1  0      0 56331676   2088 2541116    0    0     0     0 2561 2274 24  2 73  0  0 2021-07-24 07:21:25
 1  0      0 56331436   2088 2541116    0    0     0     8 2223 1977 23  1 76  0  0 2021-07-24 07:21:26
 1  0      0 56331564   2088 2541124    0    0     0     0 2466 2192 24  2 74  0  0 2021-07-24 07:21:27
 2  0      0 56332312   2088 2541124    0    0     0     0 2638 2292 26  2 72  0  0 2021-07-24 07:21:28
 2  0      0 56331572   2088 2541124    0    0     0     0 2305 2028 24  1 75  0  0 2021-07-24 07:21:29
 1  0      0 56344720   2088 2541124    0    0     0     0 2254 2051 21  2 77  0  0 2021-07-24 07:21:30
 2  0      0 56335172   2088 2541124    0    0     0    56 2851 2236 25  2 74  0  0 2021-07-24 07:21:31
 4  0      0 56333316   2088 2541124    0    0     0     0 2281 2042 23  1 75  0  0 2021-07-24 07:21:32
 4  0      0 56333692   2088 2541124    0    0     0   106 2516 2334 24  1 74  0  0 2021-07-24 07:21:33
 1  0      0 56317944   2088 2541136    0    0     0     0 1909 1818 19  2 79  0  0 2021-07-24 07:21:34
 4  0      0 56308396   2088 2541136    0    0     0     0 1628 1595 19  1 80  0  0 2021-07-24 07:21:35
 1  0      0 56308024   2088 2541136    0    0     0     0 2011 1840 21  1 77  0  0 2021-07-24 07:21:36
 1  0      0 56307412   2088 2541136    0    0     0     0 2174 2034 22  1 77  0  0 2021-07-24 07:21:37
 4  0      0 56353912   2088 2541136    0    0     0     0 1896 1784 19  2 79  0  0 2021-07-24 07:21:38
 1  0      0 56320812   2088 2541136    0    0     0     0 2540 2296 25  2 74  0  0 2021-07-24 07:21:39
 1  0      0 56320692   2088 2541136    0    0     0     0 2597 2193 25  3 72  0  0 2021-07-24 07:21:40
 1  0      0 56320940   2088 2541136    0    0     0     0 2164 1975 21  2 77  0  0 2021-07-24 07:21:41
 2  0      0 56320700   2088 2541144    0    0     0     0 2587 2270 25  2 73  0  0 2021-07-24 07:21:42
 1  0      0 56321200   2088 2541144    0    0     0     0 2448 2188 23  2 75  0  0 2021-07-24 07:21:43
 1  0      0 56320836   2088 2541144    0    0     0     0 2383 2131 23  2 75  0  0 2021-07-24 07:21:44
 1  0      0 56363536   2088 2541144    0    0     0     0 2110 1909 21  2 77  0  0 2021-07-24 07:21:45
 4  0      0 56335604   2088 2541144    0    0     0     0 2617 2396 22  2 75  0  0 2021-07-24 07:21:46
 4  0      0 56335104   2088 2541144    0    0     0     0 2868 2235 26  1 73  0  0 2021-07-24 07:21:47
 1  0      0 56333244   2088 2541144    0    0     0     0 2128 2008 21  1 78  0  0 2021-07-24 07:21:48
 1  0      0 56319236   2088 2541152    0    0     0     0 2170 2018 22  1 76  0  0 2021-07-24 07:21:49
 1  0      0 56317744   2088 2541152    0    0     0     0 1831 1738 18  2 80  0  0 2021-07-24 07:21:50
 4  0      0 56270752   2088 2541152    0    0     0     0 1647 1624 19  1 81  0  0 2021-07-24 07:21:51
 4  0      0 56307464   2088 2541152    0    0     0     0 2402 2086 23  2 75  0  0 2021-07-24 07:21:52
 1  0      0 56307588   2088 2541152    0    0     0     0 1551 1579 18  0 82  0  0 2021-07-24 07:21:53
 1  0      0 56328048   2088 2541152    0    0     0     0 2284 2072 22  2 76  0  0 2021-07-24 07:21:54
 2  0      0 56327064   2088 2541152    0    0     0     0 2667 2250 25  3 72  0  0 2021-07-24 07:21:55
 1  0      0 56327192   2088 2541160    0    0     0     0 2553 2180 24  3 73  0  0 2021-07-24 07:21:56
 4  0      0 56327196   2088 2541160    0    0     0     0 2277 2093 23  1 76  0  0 2021-07-24 07:21:57
 1  0      0 56326956   2088 2541164    0    0     0     0 2426 2180 23  2 75  0  0 2021-07-24 07:21:58
 1  0      0 56327084   2088 2541164    0    0     0     0 2538 2198 27  1 72  0  0 2021-07-24 07:21:59
 1  0      0 56327208   2088 2541164    0    0     0     0 2546 2281 25  2 73  0  0 2021-07-24 07:22:00
 4  0      0 56342220   2088 2541164    0    0     0    12 2050 1842 20  3 78  0  0 2021-07-24 07:22:01
 1  0      0 56333424   2088 2541164    0    0     0     0 2646 2349 24  2 74  0  0 2021-07-24 07:22:02
 1  0      0 56352272   2088 2541164    0    0     0    22 2625 2080 23  2 75  0  0 2021-07-24 07:22:03
 1  0      0 56330076   2088 2541172    0    0     0     0 2463 2252 23  2 75  0  0 2021-07-24 07:22:04
 3  0      0 56316436   2088 2541172    0    0     0     0 1744 1702 20  1 80  0  0 2021-07-24 07:22:05
 1  0      0 56333548   2088 2541172    0    0     0    48 1821 1740 19  2 80  0  0 2021-07-24 07:22:06
 4  0      0 56301808   2088 2541172    0    0     0     0 2097 1957 22  1 77  0  0 2021-07-24 07:22:07
 1  0      0 56301932   2088 2541172    0    0     0     0 2099 1938 21  1 77  0  0 2021-07-24 07:22:08
 2  0      0 56360588   2088 2541172    0    0     0     0 2073 1622 19  2 80  0  0 2021-07-24 07:22:09
 3  0      0 56331576   2088 2541172    0    0     0     0 2547 2310 24  2 74  0  0 2021-07-24 07:22:10
 4  0      0 56331328   2088 2541180    0    0     0     0 2502 2119 24  3 73  0  0 2021-07-24 07:22:11
 1  0      0 56331216   2088 2541180    0    0     0     0 2546 2240 25  2 73  0  0 2021-07-24 07:22:12
 1  0      0 56331964   2088 2541180    0    0     0     0 2269 2032 23  1 75  0  0 2021-07-24 07:22:13
 1  0      0 56330848   2088 2541180    0    0     0     0 2382 2146 23  2 75  0  0 2021-07-24 07:22:14
 2  0      0 56330236   2088 2541180    0    0     0     0 2638 2227 26  3 71  0  0 2021-07-24 07:22:15
 1  0      0 56330612   2088 2541180    0    0     0     0 2356 2117 22  3 75  0  0 2021-07-24 07:22:16
 1  0      0 56339296   2088 2541180    0    0     0     0 2334 2095 23  2 76  0  0 2021-07-24 07:22:17
 4  0      0 56332852   2088 2541188    0    0     0     0 2354 2244 20  2 79  0  0 2021-07-24 07:22:18
 1  0      0 56330620   2088 2541188    0    0     0     0 2696 2158 24  1 75  0  0 2021-07-24 07:22:19
 4  0      0 56330236   2088 2541188    0    0     0     0 2604 2490 23  1 76  0  0 2021-07-24 07:22:20
 4  0      0 56311212   2088 2541188    0    0     0     0 1827 1782 18  2 81  0  0 2021-07-24 07:22:21
 1  0      0 56305932   2088 2541188    0    0     0     0 1377 1461 16  0 84  0  0 2021-07-24 07:22:22
 4  0      0 56304820   2088 2541188    0    0     0     0 2091 1953 21  1 78  0  0 2021-07-24 07:22:23
 4  0      0 56304080   2088 2541188    0    0     0     0 2186 1933 24  1 75  0  0 2021-07-24 07:22:24
 1  0      0 56345744   2088 2541188    0    0     0     0 2325 1811 20  2 78  0  0 2021-07-24 07:22:25
 1  0      0 56313384   2088 2541196    0    0     0     0 2549 2301 25  1 74  0  0 2021-07-24 07:22:26
 4  0      0 56292560   2088 2541196    0    0     0     0 2603 2185 25  3 72  0  0 2021-07-24 07:22:27
 1  0      0 56313148   2088 2541196    0    0     0     0 2003 1874 20  2 78  0  0 2021-07-24 07:22:28
 2  0      0 56313152   2088 2541196    0    0     0     0 2597 2251 24  3 73  0  0 2021-07-24 07:22:29
 1  0      0 56313280   2088 2541196    0    0     0     0 2387 2199 23  1 76  0  0 2021-07-24 07:22:30
 1  0      0 56313032   2088 2541196    0    0     0     0 2454 2146 24  2 74  0  0 2021-07-24 07:22:31
 1  0      0 56363556   2088 2541196    0    0     0     4 2166 1910 22  2 76  0  0 2021-07-24 07:22:32
 1  0      0 56330908   2088 2541204    0    0     0     0 2619 2343 25  1 74  0  0 2021-07-24 07:22:33
 1  0      0 56330164   2088 2541208    0    0     0     5 2501 2302 25  1 74  0  0 2021-07-24 07:22:34
 3  0      0 56331280   2088 2541208    0    0     0     0 2098 2015 20  1 79  0  0 2021-07-24 07:22:35
 1  0      0 56290608   2088 2541208    0    0     0     0 2434 1966 22  1 77  0  0 2021-07-24 07:22:36
 1  0      0 56248572   2088 2541208    0    0     0     4 1846 1764 19  2 79  0  0 2021-07-24 07:22:37
 2  0      0 56301024   2088 2541208    0    0     0     0 1728 1691 19  1 80  0  0 2021-07-24 07:22:38
 1  0      0 56300908   2088 2541208    0    0     0     0 2432 2220 23  2 76  0  0 2021-07-24 07:22:39
 1  0      0 56279456   2088 2541216    0    0     0     0 1421 1439 17  0 83  0  0 2021-07-24 07:22:40
 4  0      0 56321496   2088 2541216    0    0     0     0 2402 2153 23  2 75  0  0 2021-07-24 07:22:41
 2  0      0 56320880   2088 2541220    0    0     0    50 2552 2188 23  4 73  0  0 2021-07-24 07:22:42
 1  0      0 56320516   2088 2541224    0    0     0     0 2511 2206 24  3 74  0  0 2021-07-24 07:22:43
 1  0      0 56321012   2088 2541224    0    0     0     0 2234 2092 22  1 77  0  0 2021-07-24 07:22:44
 1  0      0 56320764   2088 2541224    0    0     0     0 2416 2150 24  1 74  0  0 2021-07-24 07:22:45
 1  0      0 56320528   2088 2541224    0    0     0     0 2464 2244 24  1 74  0  0 2021-07-24 07:22:46
 1  0      0 56321024   2088 2541224    0    0     0     0 2434 2171 24  2 74  0  0 2021-07-24 07:22:47
 1  0      0 56334796   2088 2541232    0    0     0     0 2142 1870 22  2 76  0  0 2021-07-24 07:22:48
 1  0      0 56328600   2088 2541232    0    0     0     0 2696 2391 25  2 73  0  0 2021-07-24 07:22:49
 1  0      0 56349932   2088 2541232    0    0     0     0 2220 2101 21  1 77  0  0 2021-07-24 07:22:50
 4  0      0 56325008   2088 2541232    0    0     0     0 2485 2211 24  2 74  0  0 2021-07-24 07:22:51
 1  0      0 56310748   2088 2541232    0    0     0     0 2083 1739 19  1 80  0  0 2021-07-24 07:22:52
 1  0      0 56332076   2088 2541232    0    0     0     0 1871 1754 19  2 79  0  0 2021-07-24 07:22:53
 3  0      0 56300704   2088 2541232    0    0     0     0 2061 1953 20  2 78  0  0 2021-07-24 07:22:54
 1  0      0 56300828   2088 2541240    0    0     0     0 2215 2005 23  1 76  0  0 2021-07-24 07:22:55
 2  0      0 56352668   2088 2541240    0    0     0     0 1618 1555 19  1 80  0  0 2021-07-24 07:22:56
 4  0      0 56308156   2088 2541240    0    0     0     0 2568 2291 24  2 74  0  0 2021-07-24 07:22:57
 1  0      0 56308036   2088 2541240    0    0     0     0 2424 2134 23  3 74  0  0 2021-07-24 07:22:58
 1  0      0 56308540   2088 2541240    0    0     0     0 2545 2313 24  2 74  0  0 2021-07-24 07:22:59
 1  0      0 56308420   2088 2541240    0    0     0     0 2247 2016 23  1 76  0  0 2021-07-24 07:23:00
 1  0      0 56308544   2088 2541240    0    0     0     0 2434 2180 23  2 74  0  0 2021-07-24 07:23:01
 2  0      0 56308180   2088 2541248    0    0     0     0 2648 2311 25  2 73  0  0 2021-07-24 07:23:02
 2  0      0 56308804   2088 2541248    0    0     0     8 2295 2020 23  2 75  0  0 2021-07-24 07:23:03
 2  0      0 56337080   2088 2541248    0    0     0     0 2251 2019 23  2 76  0  0 2021-07-24 07:23:04
 2  0      0 56326548   2088 2541248    0    0     0    24 2500 2271 23  2 75  0  0 2021-07-24 07:23:05
 1  0      0 56321584   2088 2541248    0    0     0     0 2303 2024 23  2 75  0  0 2021-07-24 07:23:06
 1  0      0 56321536   2088 2541248    0    0     0     0 2510 2273 25  1 74  0  0 2021-07-24 07:23:07
 1  0      0 56307576   2088 2541248    0    0     0     0 2276 1845 20  1 79  0  0 2021-07-24 07:23:08
 1  0      0 56299764   2088 2541260    0    0     0     0 1551 1620 17  1 83  0  0 2021-07-24 07:23:09
 4  0      0 56299144   2088 2541260    0    0     0     0 1988 1791 22  1 77  0  0 2021-07-24 07:23:10
 1  0      0 56299396   2088 2541260    0    0     0     0 2264 2105 22  1 76  0  0 2021-07-24 07:23:11
 4  0      0 56342804   2088 2541260    0    0     0     0 1924 1801 20  1 79  0  0 2021-07-24 07:23:12
 4  0      0 56310068   2088 2541260    0    0     0   132 2635 2279 26  2 72  0  0 2021-07-24 07:23:13
 1  0      0 56309796   2088 2541260    0    0     0     0 2605 2196 25  3 72  0  0 2021-07-24 07:23:14
 1  0      0 56309800   2088 2541260    0    0     0     0 2232 1940 23  2 75  0  0 2021-07-24 07:23:15
 2  0      0 56310668   2088 2541260    0    0     0     0 2636 2244 26  2 72  0  0 2021-07-24 07:23:16
 1  0      0 56310432   2088 2541268    0    0     0     0 2478 2166 24  2 74  0  0 2021-07-24 07:23:17
 1  0      0 56310556   2088 2541268    0    0     0    44 2441 2194 24  2 74  0  0 2021-07-24 07:23:18
 1  0      0 56355916   2088 2541268    0    0     0     0 2123 1951 21  2 77  0  0 2021-07-24 07:23:19
 1  0      0 56325444   2088 2541268    0    0     0     0 2712 2395 25  2 73  0  0 2021-07-24 07:23:20
 4  0      0 56324320   2088 2541268    0    0     0     0 2557 2434 23  1 76  0  0 2021-07-24 07:23:21
 4  0      0 56323200   2088 2541272    0    0     0     0 2335 2092 24  1 74  0  0 2021-07-24 07:23:22
 1  0      0 56311796   2088 2541272    0    0     0     0 2261 2067 24  1 75  0  0 2021-07-24 07:23:23
 1  0      0 56302248   2088 2541272    0    0     0     0 2234 1772 19  2 79  0  0 2021-07-24 07:23:24
 4  0      0 56296916   2088 2541284    0    0     0     0 1682 1607 19  1 80  0  0 2021-07-24 07:23:25
 4  0      0 56296552   2088 2541284    0    0     0     0 2402 2103 23  3 75  0  0 2021-07-24 07:23:26
 1  0      0 56296304   2088 2541284    0    0     0     0 1552 1593 18  0 82  0  0 2021-07-24 07:23:27
 1  0      0 56309324   2088 2541284    0    0     0     0 2385 2138 23  2 75  0  0 2021-07-24 07:23:28
 2  0      0 56308216   2088 2541284    0    0     0     0 2607 2226 24  3 72  0  0 2021-07-24 07:23:29
 1  0      0 56308716   2088 2541284    0    0     0     0 2559 2204 24  3 73  0  0 2021-07-24 07:23:30
 1  0      0 56308844   2088 2541284    0    0     0     0 2325 2030 25  1 74  0  0 2021-07-24 07:23:31
 1  0      0 56308232   2088 2541292    0    0     0     0 2534 2158 25  2 73  0  0 2021-07-24 07:23:32
 1  0      0 56308728   2088 2541292    0    0     0     0 2557 2267 26  1 73  0  0 2021-07-24 07:23:33
 1  0      0 56308112   2088 2541292    0    0     0     0 2448 2166 23  3 74  0  0 2021-07-24 07:23:34
 4  0      0 56334528   2088 2541292    0    0     0     0 2145 1885 22  2 76  0  0 2021-07-24 07:23:35
 1  0      0 56324868   2088 2541292    0    0     0    63 2667 2359 25  1 73  0  0 2021-07-24 07:23:36
 1  0      0 56342600   2088 2541292    0    0     0     0 2128 2030 21  1 78  0  0 2021-07-24 07:23:37
 1  0      0 56323128   2088 2541292    0    0     0     0 2595 2303 25  2 73  0  0 2021-07-24 07:23:38
 4  0      0 56303664   2088 2541300    0    0     0     8 1673 1685 18  1 81  0  0 2021-07-24 07:23:39
 1  0      0 56328960   2088 2541300    0    0     0     0 2122 1799 16  2 82  0  0 2021-07-24 07:23:40
 1  0      0 56336404   2088 2541300    0    0     0     0 1992 1893 19  2 79  0  0 2021-07-24 07:23:41
 1  0      0 56335908   2088 2541300    0    0     0     0 2195 2015 22  1 77  0  0 2021-07-24 07:23:42
 2  0      0 56348556   2088 2541300    0    0     0     0 1601 1550 19  1 80  0  0 2021-07-24 07:23:43
 4  0      0 56303800   2088 2541300    0    0     0     8 2617 2305 24  2 74  0  0 2021-07-24 07:23:44
 1  0      0 56304052   2088 2541300    0    0     0     0 2441 2119 23  3 74  0  0 2021-07-24 07:23:45
 1  0      0 56303808   2088 2541300    0    0     0     0 2671 2317 26  2 72  0  0 2021-07-24 07:23:46
 4  0      0 56304064   2088 2541312    0    0     0     0 2139 2016 21  1 78  0  0 2021-07-24 07:23:47
 4  0      0 56303816   2088 2541316    0    0     0     0 2465 2171 24  2 74  0  0 2021-07-24 07:23:48
 2  0      0 56303824   2088 2541316    0    0     0     0 2643 2271 26  3 72  0  0 2021-07-24 07:23:49
 2  0      0 56303704   2088 2541316    0    0     0     0 2603 2035 22  3 76  0  0 2021-07-24 07:23:50
 1  0      0 56327268   2088 2541316    0    0     0     0 2344 2082 23  2 75  0  0 2021-07-24 07:23:51
 1  0      0 56320580   2088 2541316    0    0     0     0 2398 2162 23  2 75  0  0 2021-07-24 07:23:52
 1  0      0 56322316   2088 2541316    0    0     0     0 2258 2089 23  1 76  0  0 2021-07-24 07:23:53
 1  0      0 56322188   2088 2541324    0    0     0     0 2584 2338 26  1 73  0  0 2021-07-24 07:23:54
 4  0      0 56297884   2088 2541324    0    0     0     0 1919 1765 19  2 79  0  0 2021-07-24 07:23:55
 1  0      0 56294044   2088 2541324    0    0     0     0 1911 1549 19  1 81  0  0 2021-07-24 07:23:56
 4  0      0 56293428   2088 2541324    0    0     0     0 1965 1861 19  2 79  0  0 2021-07-24 07:23:57
 4  0      0 56293060   2088 2541324    0    0     0     0 2158 2000 22  1 77  0  0 2021-07-24 07:23:58
 1  0      0 56339808   2088 2541324    0    0     0    48 2036 1869 22  1 77  0  0 2021-07-24 07:23:59
 1  0      0 56307324   2088 2541324    0    0     0     0 2538 2316 25  1 74  0  0 2021-07-24 07:24:00
 4  0      0 56254136   2088 2541324    0    0     0     0 2601 2179 26  3 71  0  0 2021-07-24 07:24:01
 1  0      0 56306592   2088 2541332    0    0     0     0 2099 1907 21  2 77  0  0 2021-07-24 07:24:02
 2  0      0 56306592   2088 2541332    0    0     0     0 2604 2199 25  3 72  0  0 2021-07-24 07:24:03
 1  0      0 56307096   2088 2541332    0    0     0     0 2413 2210 24  1 76  0  0 2021-07-24 07:24:04
 1  0      0 56306728   2088 2541332    0    0     0     0 2417 2136 24  2 74  0  0 2021-07-24 07:24:05
 1  0      0 56349360   2088 2541332    0    0     0    45 2124 1940 21  2 77  0  0 2021-07-24 07:24:06
 1  0      0 56318888   2088 2541332    0    0     0     0 2746 2385 26  2 72  0  0 2021-07-24 07:24:07
 1  0      0 56317284   2088 2541332    0    0     0     0 2523 2291 25  1 74  0  0 2021-07-24 07:24:08
 4  0      0 56315920   2088 2541340    0    0     0     0 2352 2057 25  2 73  0  0 2021-07-24 07:24:09
 1  0      0 56241768   2088 2541340    0    0     0     0 2116 2064 20  1 78  0  0 2021-07-24 07:24:10
 1  0      0 59192272   2088 2380544    0    0     0     0 2260 1835 14  4 82  0  0 2021-07-24 07:24:11
 0  0      0 59282844   2088 2380448    0    0     0     0  592  940  0  0 99  0  0 2021-07-24 07:24:12
 0  0      0 59283224   2088 2380460    0    0     0     0  860  930  0  0 100  0  0 2021-07-24 07:24:13
 0  0      0 59283224   2088 2380460    0    0     0     8  486  878  0  0 100  0  0 2021-07-24 07:24:14
 0  0      0 59283224   2088 2380460    0    0     0     0  493  885  0  0 100  0  0 2021-07-24 07:24:15
 0  0      0 59283224   2088 2380460    0    0     0     0  531  918  0  0 100  0  0 2021-07-24 07:24:16
 0  0      0 59283224   2088 2380460    0    0     0     0  495  878  0  0 100  0  0 2021-07-24 07:24:17
 0  0      0 59283224   2088 2380460    0    0     0     0  520  926  0  0 100  0  0 2021-07-24 07:24:18
 0  0      0 59283224   2088 2380460    0    0     0     0  513  910  0  0 100  0  0 2021-07-24 07:24:19
 0  0      0 59283224   2088 2380460    0    0     0    48  556  959  0  0 100  0  0 2021-07-24 07:24:20
 0  0      0 59283224   2088 2380460    0    0     0     0  575  971  0  0 100  0  0 2021-07-24 07:24:21
 0  0      0 59283168   2088 2380460    0    0     0     0  616 1040  0  0 100  0  0 2021-07-24 07:24:22
 0  0      0 59283224   2088 2380464    0    0     0     0  501  898  0  0 100  0  0 2021-07-24 07:24:23
 0  0      0 59283224   2088 2380464    0    0     0     0  483  875  0  0 100  0  0 2021-07-24 07:24:24
 0  0      0 59283224   2088 2380464    0    0     0     0  495  882  0  0 100  0  0 2021-07-24 07:24:25
 0  0      0 59283224   2088 2380464    0    0     0     0  516  915  0  0 100  0  0 2021-07-24 07:24:26
 0  0      0 59283224   2088 2380464    0    0     0     0  483  855  0  0 100  0  0 2021-07-24 07:24:27
 0  0      0 59283224   2088 2380464    0    0     0     0  529  931  0  0 100  0  0 2021-07-24 07:24:28
 0  0      0 59283224   2088 2380464    0    0     0     0  851  910  0  0 100  0  0 2021-07-24 07:24:29
 0  0      0 59283224   2088 2380464    0    0     0     0  532  930  0  0 100  0  0 2021-07-24 07:24:30
 0  0      0 59283224   2088 2380464    0    0     0     0  522  911  0  0 100  0  0 2021-07-24 07:24:31
 0  0      0 59283224   2088 2380464    0    0     0     0  484  873  0  0 100  0  0 2021-07-24 07:24:32
 0  0      0 59283224   2088 2380464    0    0     0     0  534  926  0  0 100  0  0 2021-07-24 07:24:33
 0  0      0 59283224   2088 2380464    0    0     0     0  506  902  0  0 100  0  0 2021-07-24 07:24:34
 0  0      0 59283224   2088 2380464    0    0     0    24  494  872  0  0 100  0  0 2021-07-24 07:24:35
 0  0      0 59283224   2088 2380464    0    0     0     0  500  896  0  0 100  0  0 2021-07-24 07:24:36
 0  0      0 59283224   2088 2380464    0    0     0     7  519  920  0  0 100  0  0 2021-07-24 07:24:37
 0  0      0 59283232   2088 2380464    0    0     0     0  505  895  0  0 100  0  0 2021-07-24 07:24:38
 0  0      0 59283232   2088 2380464    0    0     0     0  499  885  0  0 100  0  0 2021-07-24 07:24:39
 0  0      0 59283232   2088 2380464    0    0     0     0  858  926  0  0 100  0  0 2021-07-24 07:24:40
 0  0      0 59283232   2088 2380464    0    0     0     0  482  861  0  0 100  0  0 2021-07-24 07:24:41
 0  0      0 59283232   2088 2380464    0    0     0     0  506  901  0  0 100  0  0 2021-07-24 07:24:42
 0  0      0 59283232   2088 2380464    0    0     0     0  513  922  0  0 100  0  0 2021-07-24 07:24:43
 0  0      0 59283232   2088 2380464    0    0     0     0  498  879  0  0 100  0  0 2021-07-24 07:24:44
 0  0      0 59283232   2088 2380464    0    0     0 43768 1199  930  0  0 99  0  0 2021-07-24 07:24:45
