#Date       Time        gpu rxpci txpci    sm   mem   enc   dec
#YYYYMMDD   HH:MM:SS    Idx  MB/s  MB/s     %     %     %     %
 20210724   05:42:04      0     0     0     0     0     0     0
 20210724   05:42:05      0     0     0     0     0     0     0
 20210724   05:42:06      0     0     0     0     0     0     0
 20210724   05:42:07      0     0     0     0     0     0     0
 20210724   05:42:08      0     0     0     0     0     0     0
 20210724   05:42:09      0     0     0     0     0     0     0
 20210724   05:42:11      0     0     0     0     0     0     0
 20210724   05:42:12      0     0     0     0     0     0     0
 20210724   05:42:13      0     0     0     0     0     0     0
 20210724   05:42:14      0     0     0     0     0     0     0
 20210724   05:42:15      0     0     0     0     0     0     0
 20210724   05:42:16      0     0     0     0     0     0     0
 20210724   05:42:17      0     0     0     0     0     0     0
 20210724   05:42:18      0     0     0     0     0     0     0
 20210724   05:42:19      0     0     0     0     0     0     0
 20210724   05:42:21      0     0     0     0     0     0     0
 20210724   05:42:22      0     0     0     0     0     0     0
 20210724   05:42:23      0     0     0     0     0     0     0
 20210724   05:42:24      0     0     0     0     0     0     0
 20210724   05:42:25      0     0     0     0     0     0     0
 20210724   05:42:26      0     0     0     0     0     0     0
 20210724   05:42:27      0     0     0     0     0     0     0
 20210724   05:42:28      0     0     0     0     0     0     0
 20210724   05:42:29      0     0     0     0     0     0     0
 20210724   05:42:30      0     0     0     0     0     0     0
 20210724   05:42:32      0     0     0     0     0     0     0
 20210724   05:42:33      0     0     0     0     0     0     0
 20210724   05:42:34      0     0     0     0     0     0     0
 20210724   05:42:35      0     0     0     0     0     0     0
 20210724   05:42:36      0     0     0     0     0     0     0
 20210724   05:42:37      0     0     0     0     0     0     0
 20210724   05:42:38      0     0     0     0     0     0     0
 20210724   05:42:40      0     0     0     0     0     0     0
 20210724   05:42:41      0     0     0     0     0     0     0
 20210724   05:42:42      0     0     0     0     0     0     0
 20210724   05:42:43      0     0     0     0     0     0     0
 20210724   05:42:44      0     0     0     0     0     0     0
 20210724   05:42:45      0     0     0     0     0     0     0
 20210724   05:42:46      0     0     0     0     0     0     0
 20210724   05:42:47      0     0     0     0     0     0     0
 20210724   05:42:48      0     0     0     0     0     0     0
 20210724   05:42:49      0     0     0     0     0     0     0
 20210724   05:42:50      0     0     0     0     0     0     0
 20210724   05:42:52      0     0     0     0     0     0     0
#Date       Time        gpu rxpci txpci    sm   mem   enc   dec
#YYYYMMDD   HH:MM:SS    Idx  MB/s  MB/s     %     %     %     %
 20210724   05:42:53      0     0     0     0     0     0     0
 20210724   05:42:54      0   237    22     8     1     0     0
 20210724   05:42:55      0   772    19     3     0     0     0
 20210724   05:42:56      0     0     1     2     0     0     0
 20210724   05:42:57      0  2395     1     4     0     0     0
 20210724   05:42:58      0     0     0     0     0     0     0
 20210724   05:42:59      0     0     0     0     0     0     0
 20210724   05:43:00      0     0     0     0     0     0     0
 20210724   05:43:01      0     0     3    42    28     0     0
 20210724   05:43:02      0     0     0     0     0     0     0
 20210724   05:43:03      0     0     0     0     0     0     0
 20210724   05:43:04      0     0     0     0     0     0     0
 20210724   05:43:05      0     0     0    19     0     0     0
 20210724   05:43:07      0     0     0     0     0     0     0
 20210724   05:43:08      0     0     0     0     0     0     0
 20210724   05:43:09      0     0     0     0     0     0     0
 20210724   05:43:10      0     0   456     0     0     0     0
 20210724   05:43:11      0     0     0     0     0     0     0
 20210724   05:43:12      0     0     0     0     0     0     0
 20210724   05:43:13      0     0     0     0     0     0     0
 20210724   05:43:14      0     0     0    41    28     0     0
 20210724   05:43:15      0     0     0     0     0     0     0
 20210724   05:43:17      0  2999     1    30    20     0     0
 20210724   05:43:18      0     0     0     0     0     0     0
 20210724   05:43:19      0     0     0     0     0     0     0
 20210724   05:43:20      0     0     0     0     0     0     0
 20210724   05:43:21      0     0     0    87    27     0     0
 20210724   05:43:22      0     0     0     0     0     0     0
 20210724   05:43:23      0     0     0     0     0     0     0
 20210724   05:43:24      0     0     0     0     0     0     0
 20210724   05:43:25      0     0     0     0     0     0     0
 20210724   05:43:26      0    21     0    39    25     0     0
 20210724   05:43:27      0     0     0     0     0     0     0
 20210724   05:43:29      0     0     0    43    27     0     0
 20210724   05:43:30      0     0     0     0     0     0     0
 20210724   05:43:31      0     0     0    42    28     0     0
 20210724   05:43:32      0     0     0     0     0     0     0
 20210724   05:43:33      0     0     0    42    28     0     0
 20210724   05:43:34      0     0     0    21     0     0     0
 20210724   05:43:35      0     0     0     0     0     0     0
 20210724   05:43:36      0     0   634     0     0     0     0
 20210724   05:43:37      0     0     0    41    27     0     0
 20210724   05:43:38      0     0     0     0     0     0     0
 20210724   05:43:39      0     0     0     0     0     0     0
#Date       Time        gpu rxpci txpci    sm   mem   enc   dec
#YYYYMMDD   HH:MM:SS    Idx  MB/s  MB/s     %     %     %     %
 20210724   05:43:40      0     0     0     0     0     0     0
 20210724   05:43:42      0     0     0     0     0     0     0
 20210724   05:43:43      0    22     3     0     0     0     0
 20210724   05:43:44      0     0   238     0     0     0     0
 20210724   05:43:45      0     0     0     0     0     0     0
 20210724   05:43:46      0     0     0     0     0     0     0
 20210724   05:43:47      0     0     0     0     0     0     0
 20210724   05:43:48      0     0     0     0     0     0     0
 20210724   05:43:49      0  1893   216     4     0     0     0
 20210724   05:43:50      0     0     0    21     0     0     0
 20210724   05:43:52      0     0     0     0     0     0     0
 20210724   05:43:53      0     0     0     0     0     0     0
 20210724   05:43:54      0  2741   324     0     0     0     0
 20210724   05:43:55      0   828     0    72    28     0     0
 20210724   05:43:56      0  1904   112    46    29     0     0
 20210724   05:43:57      0     0     0     0     0     0     0
 20210724   05:43:58      0     0     0     0     0     0     0
 20210724   05:43:59      0     0     0     0     0     0     0
 20210724   05:44:00      0     0     0     0     0     0     0
 20210724   05:44:01      0     0     0    46    28     0     0
 20210724   05:44:02      0     0     0     0     0     0     0
 20210724   05:44:03      0  2635   327     0     0     0     0
 20210724   05:44:04      0     0     0    47    28     0     0
 20210724   05:44:05      0     0     0     0     0     0     0
 20210724   05:44:07      0     0     0     0     0     0     0
 20210724   05:44:08      0     0     0    65    14     0     0
 20210724   05:44:09      0     0     0     0     0     0     0
 20210724   05:44:10      0     0     0     0     0     0     0
 20210724   05:44:11      0  4577   344     0     0     0     0
 20210724   05:44:12      0  3134   407     7     0     0     0
 20210724   05:44:13      0     0     0    44    26     0     0
 20210724   05:44:14      0     0     0     0     0     0     0
 20210724   05:44:16      0     0     0     0     0     0     0
 20210724   05:44:17      0     0     0     0     0     0     0
 20210724   05:44:18      0     0     0    47    28     0     0
 20210724   05:44:19      0     0     0     0     0     0     0
 20210724   05:44:20      0     0     0     7     4     0     0
 20210724   05:44:21      0     0     0     0     0     0     0
 20210724   05:44:22      0     0     0     0     0     0     0
 20210724   05:44:23      0  1898    35    81    28     0     0
 20210724   05:44:24      0     0     0     0     0     0     0
 20210724   05:44:26      0     0     0     0     0     0     0
 20210724   05:44:27      0     0     0     0     0     0     0
 20210724   05:44:28      0     0     0     0     0     0     0
#Date       Time        gpu rxpci txpci    sm   mem   enc   dec
#YYYYMMDD   HH:MM:SS    Idx  MB/s  MB/s     %     %     %     %
 20210724   05:44:29      0  2440    82    13     3     0     0
 20210724   05:44:30      0     0     0     0     0     0     0
 20210724   05:44:31      0     0     0     4     1     0     0
 20210724   05:44:32      0     0     0     0     0     0     0
 20210724   05:44:33      0     0     0     0     0     0     0
 20210724   05:44:34      0     0     0     0     0     0     0
 20210724   05:44:35      0     0   570     0     0     0     0
 20210724   05:44:37      0     0     0    40     0     0     0
 20210724   05:44:38      0     0     0     0     0     0     0
 20210724   05:44:39      0     0     0     0     0     0     0
 20210724   05:44:40      0  2583   329    40    24     0     0
 20210724   05:44:41      0     0     0    16     0     0     0
 20210724   05:44:42      0     0     0     0     0     0     0
 20210724   05:44:43      0     0     0     0     0     0     0
 20210724   05:44:44      0     0     0     0     0     0     0
 20210724   05:44:45      0  5021   289    15     5     0     0
 20210724   05:44:46      0     0     0     0     0     0     0
 20210724   05:44:47      0     0     0     0     0     0     0
 20210724   05:44:49      0     0     0     0     0     0     0
 20210724   05:44:50      0     0     0     0     0     0     0
 20210724   05:44:51      0     0     0     0     0     0     0
 20210724   05:44:52      0     0     0     0     0     0     0
 20210724   05:44:53      0  1893   216    35    19     0     0
 20210724   05:44:54      0  2518     9     0     0     0     0
 20210724   05:44:55      0     0     0     0     0     0     0
 20210724   05:44:56      0     0     0     0     0     0     0
 20210724   05:44:57      0     0     0     0     0     0     0
 20210724   05:44:58      0   689   562     0     0     0     0
 20210724   05:44:59      0     0   603    10     0     0     0
 20210724   05:45:00      0     0     0    44    26     0     0
 20210724   05:45:02      0     0     0     0     0     0     0
 20210724   05:45:03      0     0     0     0     0     0     0
 20210724   05:45:04      0     0     0     0     0     0     0
 20210724   05:45:05      0     0     0    16    12     0     0
 20210724   05:45:06      0     0     0     0     0     0     0
 20210724   05:45:07      0     0     0    47    28     0     0
 20210724   05:45:08      0     0     0     0     0     0     0
 20210724   05:45:09      0     0     0     0     0     0     0
 20210724   05:45:10      0  2614   327    34    19     0     0
 20210724   05:45:11      0     0     0    47    28     0     0
 20210724   05:45:13      0     0     0     0     0     0     0
 20210724   05:45:14      0     0     0     0     0     0     0
 20210724   05:45:15      0     0     0     0     0     0     0
 20210724   05:45:16      0     0     0     0     0     0     0
#Date       Time        gpu rxpci txpci    sm   mem   enc   dec
#YYYYMMDD   HH:MM:SS    Idx  MB/s  MB/s     %     %     %     %
 20210724   05:45:17      0     0     0     0     0     0     0
 20210724   05:45:18      0     0     0    43    27     0     0
 20210724   05:45:19      0     0     0     0     0     0     0
 20210724   05:45:20      0     0   477     0     0     0     0
 20210724   05:45:21      0     0     0     0     0     0     0
 20210724   05:45:23      0     0     0     0     0     0     0
 20210724   05:45:24      0     0     0    67     0     0     0
 20210724   05:45:25      0     0     0     0     0     0     0
 20210724   05:45:26      0     0     0     0     0     0     0
 20210724   05:45:27      0  2695   336    18     7     0     0
 20210724   05:45:28      0     0     0    36     0     0     0
 20210724   05:45:29      0     0     0     0     0     0     0
 20210724   05:45:30      0     0     0     0     0     0     0
 20210724   05:45:31      0     0     0     0     0     0     0
 20210724   05:45:32      0     0   543     0     0     0     0
 20210724   05:45:33      0     0     0     0     0     0     0
 20210724   05:45:34      0     0     0     0     0     0     0
 20210724   05:45:36      0     0     0     0     0     0     0
 20210724   05:45:37      0     0     0     0     0     0     0
 20210724   05:45:38      0     0     0     8     5     0     0
 20210724   05:45:39      0     0     0     0     0     0     0
 20210724   05:45:40      0  1898   216     0     0     0     0
 20210724   05:45:41      0  3722    94    35    24     0     0
 20210724   05:45:42      0     0     0     0     0     0     0
 20210724   05:45:43      0     0     0     0     0     0     0
 20210724   05:45:44      0  3602   470    21    13     0     0
 20210724   05:45:45      0     2     0    20    13     0     0
 20210724   05:45:47      0     0     0     3     0     0     0
 20210724   05:45:48      0     0     0     0     0     0     0
 20210724   05:45:49      0     0     0     0     0     0     0
 20210724   05:45:50      0     0     0     0     0     0     0
 20210724   05:45:51      0  5062   494     9     3     0     0
 20210724   05:45:52      0     0     0    44    31     0     0
 20210724   05:45:53      0     0     0     0     0     0     0
 20210724   05:45:54      0     0     0     0     0     0     0
 20210724   05:45:55      0     0     0     0     0     0     0
 20210724   05:45:56      0     0     0     0     0     0     0
 20210724   05:45:57      0  3476   395    43    28     0     0
 20210724   05:45:58      0     0     0    42    28     0     0
 20210724   05:45:59      0     0     0     0     0     0     0
 20210724   05:46:01      0     0     0     0     0     0     0
 20210724   05:46:02      0     0     0     0     0     0     0
 20210724   05:46:03      0     0     0     0     0     0     0
 20210724   05:46:04      0     0     0     0     0     0     0
#Date       Time        gpu rxpci txpci    sm   mem   enc   dec
#YYYYMMDD   HH:MM:SS    Idx  MB/s  MB/s     %     %     %     %
 20210724   05:46:05      0     0     0    39    25     0     0
 20210724   05:46:06      0     0     0     0     0     0     0
 20210724   05:46:07      0   766   759     8     3     0     0
 20210724   05:46:08      0     0     0     0     0     0     0
 20210724   05:46:09      0     0   560     0     0     0     0
 20210724   05:46:10      0     0     0   100     0     0     0
 20210724   05:46:11      0     0     0     0     0     0     0
 20210724   05:46:13      0     0     0     0     0     0     0
 20210724   05:46:14      0  4701   475     0     0     0     0
 20210724   05:46:15      0     0     0    54     0     0     0
 20210724   05:46:16      0     0     0     0     0     0     0
 20210724   05:46:17      0     0     0     0     0     0     0
 20210724   05:46:18      0     0     0     0     0     0     0
 20210724   05:46:19      0     0     0     0     0     0     0
 20210724   05:46:20      0     0   601     0     0     0     0
 20210724   05:46:21      0     0     0     0     0     0     0
 20210724   05:46:22      0     0     0     0     0     0     0
 20210724   05:46:24      0     0     0     0     0     0     0
 20210724   05:46:25      0     0     0     0     0     0     0
 20210724   05:46:26      0  3392   386    67    28     0     0
 20210724   05:46:27      0     0     0     0     0     0     0
 20210724   05:46:28      0     0     0     0     0     0     0
 20210724   05:46:29      0     0     0     0     0     0     0
 20210724   05:46:30      0     0     0    83    14     0     0
 20210724   05:46:31      0     0     0     0     0     0     0
 20210724   05:46:33      0     0     0     0     0     0     0
 20210724   05:46:34      0     0     0     0     0     0     0
 20210724   05:46:35      0  1688   627     0     0     0     0
 20210724   05:46:36      0     0     0     0     0     0     0
 20210724   05:46:37      0     0     0     0     0     0     0
 20210724   05:46:38      0     0     0     0     0     0     0
 20210724   05:46:39      0     0     0     0     0     0     0
 20210724   05:46:40      0     0     0     0     0     0     0
 20210724   05:46:41      0     0   611     0     0     0     0
 20210724   05:46:42      0  3399   386    74    28     0     0
 20210724   05:46:43      0     0     0     6    27     0     0
 20210724   05:46:45      0     0     0     0     0     0     0
 20210724   05:46:46      0     0     0     0     0     0     0
 20210724   05:46:47      0     0   585     0     0     0     0
 20210724   05:46:48      0  3719   446     0     0     0     0
 20210724   05:46:49      0   665     7     0     0     0     0
 20210724   05:46:50      0     0     0    27    19     0     0
 20210724   05:46:51      0     0     0     0     0     0     0
 20210724   05:46:52      0     0     0     0     0     0     0
#Date       Time        gpu rxpci txpci    sm   mem   enc   dec
#YYYYMMDD   HH:MM:SS    Idx  MB/s  MB/s     %     %     %     %
 20210724   05:46:53      0     0     0     0     0     0     0
 20210724   05:46:55      0     0     0     0     0     0     0
 20210724   05:46:56      0     0     0     0     0     0     0
 20210724   05:46:57      0     0     0     0     0     0     0
 20210724   05:46:58      0  3543   401    56    28     0     0
 20210724   05:46:59      0  3600   417     0     0     0     0
 20210724   05:47:00      0     0     0     0     0     0     0
 20210724   05:47:01      0     0     0     0     0     0     0
 20210724   05:47:02      0  3574   447     0     0     0     0
 20210724   05:47:03      0  2694     1     0     0     0     0
 20210724   05:47:04      0     9     0    39    25     0     0
 20210724   05:47:06      0     0     0    39    25     0     0
 20210724   05:47:07      0     0     0     0     0     0     0
 20210724   05:47:08      0     0     0     0     0     0     0
 20210724   05:47:09      0     0     0    31    21     0     0
 20210724   05:47:10      0     0     0     0     0     0     0
 20210724   05:47:11      0  6192   468     0     0     0     0
 20210724   05:47:12      0     0     0     0     0     0     0
 20210724   05:47:13      0     0     0     0     0     0     0
 20210724   05:47:14      0     0     0     0     0     0     0
 20210724   05:47:15      0  3405   386    30    19     0     0
 20210724   05:47:16      0     0     0     0     0     0     0
 20210724   05:47:18      0     0     0     0     0     0     0
 20210724   05:47:19      0     0     0     0     0     0     0
 20210724   05:47:20      0     0     0     0     0     0     0
 20210724   05:47:21      0     0     8     0     0     0     0
 20210724   05:47:22      0     0     0     0     0     0     0
 20210724   05:47:23      0     0     0    22    14     0     0
 20210724   05:47:24      0     0     0     0     0     0     0
 20210724   05:47:25      0     0   387     0     0     0     0
 20210724   05:47:26      0     0     0     0     0     0     0
 20210724   05:47:27      0     0    82     0     0     0     0
 20210724   05:47:28      0     0     0    50     0     0     0
 20210724   05:47:30      0     0     0     0     0     0     0
 20210724   05:47:31      0     0     0     0     0     0     0
 20210724   05:47:32      0  3528   471     0     0     0     0
 20210724   05:47:33      0     0     0     4     0     0     0
 20210724   05:47:34      0     0     0     0     0     0     0
 20210724   05:47:35      0     0     0     0     0     0     0
 20210724   05:47:36      0     0     0     0     0     0     0
 20210724   05:47:37      0     0     0    39    25     0     0
 20210724   05:47:38      0  2718     9    14     8     0     0
 20210724   05:47:39      0     0     0     0     0     0     0
 20210724   05:47:41      0     0     0     0     0     0     0
#Date       Time        gpu rxpci txpci    sm   mem   enc   dec
#YYYYMMDD   HH:MM:SS    Idx  MB/s  MB/s     %     %     %     %
 20210724   05:47:42      0     0     0     0     0     0     0
 20210724   05:47:43      0     0     0     0     0     0     0
 20210724   05:47:44      0     0     0    43     0     0     0
 20210724   05:47:45      0     0     0     0     0     0     0
 20210724   05:47:46      0     0     0     0     0     0     0
 20210724   05:47:47      0  5332   452     0     0     0     0
 20210724   05:47:48      0     0     0     0     0     0     0
 20210724   05:47:50      0     0     0     0     0     0     0
 20210724   05:47:51      0     0     0     0     0     0     0
 20210724   05:47:52      0     0     0     0     0     0     0
 20210724   05:47:53      0     0     0     0     0     0     0
 20210724   05:47:54      0     0     0     7     3     0     0
 20210724   05:47:55      0     0     0     0     0     0     0
 20210724   05:47:56      0  3585   186     0     0     0     0
 20210724   05:47:57      0     0     0     0     0     0     0
 20210724   05:47:59      0  1970   661     0     0     0     0
 20210724   05:48:00      0     0     0    15     0     0     0
 20210724   05:48:01      0     0     0     0     0     0     0
 20210724   05:48:02      0     0     0     0     0     0     0
 20210724   05:48:03      0  3380     1     0     0     0     0
 20210724   05:48:04      0     0     0     0     0     0     0
 20210724   05:48:05      0     0     0     0     0     0     0
 20210724   05:48:06      0     0     0     0     0     0     0
 20210724   05:48:07      0     0     0     0     0     0     0
 20210724   05:48:08      0     0     0    18    13     0     0
 20210724   05:48:10      0     0    33     0     0     0     0
 20210724   05:48:11      0     0     0     0     0     0     0
 20210724   05:48:12      0     0     0     0     0     0     0
 20210724   05:48:13      0     0     0     0     0     0     0
 20210724   05:48:14      0     0     0     0     0     0     0
 20210724   05:48:15      0     0     0     0     0     0     0
 20210724   05:48:16      0     0     0     0     0     0     0
 20210724   05:48:17      0     0     0     0     0     0     0
 20210724   05:48:18      0     0     0     0     0     0     0
 20210724   05:48:19      0     0     0     0     0     0     0
 20210724   05:48:20      0     0     0     0     0     0     0
 20210724   05:48:22      0     0     0     0     0     0     0
 20210724   05:48:23      0     0     0     0     0     0     0
 20210724   05:48:24      0     0     0     0     0     0     0
 20210724   05:48:25      0     0     0     0     0     0     0
 20210724   05:48:26      0     0     0     0     0     0     0
 20210724   05:48:27      0     0     0     0     0     0     0
 20210724   05:48:28      0     0     0     0     0     0     0
 20210724   05:48:29      0     0     0     0     0     0     0
#Date       Time        gpu rxpci txpci    sm   mem   enc   dec
#YYYYMMDD   HH:MM:SS    Idx  MB/s  MB/s     %     %     %     %
 20210724   05:48:30      0     0     0     0     0     0     0
 20210724   05:48:31      0     0     0     0     0     0     0
 20210724   05:48:33      0     0     0     0     0     0     0
 20210724   05:48:34      0     0     0     0     0     0     0
 20210724   05:48:35      0     0     0     0     0     0     0
 20210724   05:48:36      0     0     0     0     0     0     0
 20210724   05:48:37      0     0     0     0     0     0     0
 20210724   05:48:38      0     0     0     0     0     0     0
 20210724   05:48:39      0     0     0     0     0     0     0
 20210724   05:48:40      0     0     0     0     0     0     0
 20210724   05:48:41      0     0     0     0     0     0     0
 20210724   05:48:43      0     0     0     0     0     0     0
 20210724   05:48:44      0     0     0     0     0     0     0
 20210724   05:48:45      0     0     0     0     0     0     0
 20210724   05:48:46      0     0     0     0     0     0     0
 20210724   05:48:47      0     0     0     0     0     0     0
 20210724   05:48:48      0     0     0     0     0     0     0
 20210724   05:48:49      0     0     0     0     0     0     0
 20210724   05:48:50      0     0     0     0     0     0     0
 20210724   05:48:51      0     0     0     0     0     0     0
 20210724   05:48:52      0     0     0     0     0     0     0
 20210724   05:48:54      0     0     0     0     0     0     0
 20210724   05:48:55      0     0     0     0     0     0     0
 20210724   05:48:56      0     0     0     0     0     0     0
 20210724   05:48:57      0     0     0     0     0     0     0
