43  0  0      0 59339652   2088 2330828    0    0    43    26  161  159  8  1 91  0  0 2021-07-24 05:42:09
43  0  0      0 59339652   2088 2330828    0    0     0     0  553  919  0  0 100  0  0 2021-07-24 05:42:10
43  0  0      0 59339148   2088 2330832    0    0     0     0  492  860  0  0 100  0  0 2021-07-24 05:42:11
43  0  0      0 59339148   2088 2330832    0    0     0     0  479  852  0  0 100  0  0 2021-07-24 05:42:12
43  0  0      0 59339148   2088 2330832    0    0     0    75  499  896  0  0 100  0  0 2021-07-24 05:42:13
43  0  0      0 59339148   2088 2330832    0    0     0     0  465  837  0  0 100  0  0 2021-07-24 05:42:14
43  0  0      0 59339148   2088 2330832    0    0     0     0  483  848  0  0 100  0  0 2021-07-24 05:42:15
43  0  0      0 59339148   2088 2330832    0    0     0     0  496  870  0  0 100  0  0 2021-07-24 05:42:16
43  0  0      0 59339148   2088 2330832    0    0     0     0  473  830  0  0 100  0  0 2021-07-24 05:42:17
43  0  0      0 59339148   2088 2330832    0    0     0   232  544  888  0  0 100  0  0 2021-07-24 05:42:18
43  0  0      0 59339148   2088 2330832    0    0     0     0  482  862  0  0 100  0  0 2021-07-24 05:42:19
43  0  0      0 59339132   2088 2330832    0    0     0     0  579  971  0  0 100  0  0 2021-07-24 05:42:20
43  0  0      0 59338124   2088 2330844    0    0     0    12 1044 1059  0  0 100  0  0 2021-07-24 05:42:21
43  0  0      0 59338124   2088 2330844    0    0     0     0  516  914  0  0 100  0  0 2021-07-24 05:42:22
43  0  0      0 59338132   2088 2330844    0    0     0    12  513  928  0  0 100  0  0 2021-07-24 05:42:23
43  0  0      0 59338132   2088 2330844    0    0     0     0  508  887  0  0 100  0  0 2021-07-24 05:42:24
43  0  0      0 59338132   2088 2330844    0    0     0     0  503  900  0  0 100  0  0 2021-07-24 05:42:25
43  0  0      0 59338132   2088 2330844    0    0     0     0  487  863  0  0 100  0  0 2021-07-24 05:42:26
43  0  0      0 59338132   2088 2330844    0    0     0     0  501  892  0  0 100  0  0 2021-07-24 05:42:27
43  0  0      0 59338132   2088 2330844    0    0     0     0  599 1007  0  0 100  0  0 2021-07-24 05:42:28
43  0  0      0 59338132   2088 2330844    0    0     0     0  565  946  0  0 100  0  0 2021-07-24 05:42:29
43  0  0      0 59338132   2088 2330844    0    0     0     0  502  884  0  0 100  0  0 2021-07-24 05:42:30
43  0  0      0 59338132   2088 2330844    0    0     0     0  486  868  0  0 100  0  0 2021-07-24 05:42:31
43  0  0      0 59338132   2088 2330844    0    0     0     0  488  876  0  0 100  0  0 2021-07-24 05:42:32
43  0  0      0 59338132   2088 2330844    0    0     0     0  494  872  0  0 100  0  0 2021-07-24 05:42:33
43  0  0      0 59338132   2088 2330844    0    0     0     0  513  910  0  0 100  0  0 2021-07-24 05:42:34
43  0  0      0 59338132   2088 2330844    0    0     0     0  501  889  0  0 100  0  0 2021-07-24 05:42:35
43  0  0      0 59338132   2088 2330844    0    0     0     0  492  871  0  0 100  0  0 2021-07-24 05:42:36
43  0  0      0 59338132   2088 2330844    0    0     0     0  852  914  0  0 100  0  0 2021-07-24 05:42:37
43  0  0      0 59338132   2088 2330844    0    0     0     0  539  946  0  0 100  0  0 2021-07-24 05:42:38
43  0  0      0 59338132   2088 2330844    0    0     0     0  534  931  0  0 100  0  0 2021-07-24 05:42:39
43  0  0      0 59338132   2088 2330844    0    0     0     0  560  965  0  0 100  0  0 2021-07-24 05:42:40
43  0  0      0 59338132   2088 2330844    0    0     0     0  694 1135  0  0 100  0  0 2021-07-24 05:42:41
43  0  0      0 59338132   2088 2330844    0    0     0     0  513  909  0  0 100  0  0 2021-07-24 05:42:42
43  0  0      0 59338132   2088 2330844    0    0     0    88  535  948  0  0 100  0  0 2021-07-24 05:42:43
43  0  0      0 59338132   2088 2330844    0    0     0     5  495  871  0  0 100  0  0 2021-07-24 05:42:44
43  0  0      0 59338132   2088 2330848    0    0     0     0  492  885  0  0 100  0  0 2021-07-24 05:42:45
43  0  0      0 59338132   2088 2330848    0    0     0     0  507  905  0  0 100  0  0 2021-07-24 05:42:46
43  0  0      0 59338132   2088 2330848    0    0     0     0  526  929  0  0 100  0  0 2021-07-24 05:42:47
43  0  0      0 59338132   2088 2330848    0    0     0     0  513  895  0  0 100  0  0 2021-07-24 05:42:48
43  0  0      0 59338132   2088 2330848    0    0     0     0  520  922  0  0 100  0  0 2021-07-24 05:42:49
43  0  0      0 59338132   2088 2330848    0    0     0     0  516  907  0  0 100  0  0 2021-07-24 05:42:50
43  0  0      0 59338132   2088 2330848    0    0     0     0  473  856  0  0 100  0  0 2021-07-24 05:42:51
43  1  0      0 59278216   2088 2330848    0    0     0     0 2165 1304  9  6 84  0  0 2021-07-24 05:42:52
43  0  0      0 59162112   2088 2330848    0    0     0     0 2425 1406 16  7 77  0  0 2021-07-24 05:42:53
43  1  0      0 58756836   2088 2341108    0    0     0   160 2080 1909  6  3 91  0  0 2021-07-24 05:42:54
43  1  0      0 58082240   2088 2341108    0    0     0     0  782  942  9  4 87  0  0 2021-07-24 05:42:55
43  1  0      0 57362124   2088 2341108    0    0     0     0  773  935  9  4 87  0  0 2021-07-24 05:42:56
43  1  0      0 56721524   2088 2341108    0    0     0     0  866  995  8  5 87  0  0 2021-07-24 05:42:57
43  4  0      0 56634496   2088 2380652    0    0     0     0 5467 2325 15  3 82  0  0 2021-07-24 05:42:58
43  1  0      0 56463792   2088 2461208    0    0     0     0 1719 1741 17  2 81  0  0 2021-07-24 05:42:59
43  4  0      0 56386080   2088 2536568    0    0     0     0 2303 2201 22  1 76  0  0 2021-07-24 05:43:00
43  1  0      0 56366364   2088 2536568    0    0     0     0 1433 1507 18  0 82  0  0 2021-07-24 05:43:01
43  4  0      0 56396376   2088 2536568    0    0     0     0 2338 2206 25  1 74  0  0 2021-07-24 05:43:02
43  2  0      0 56396132   2088 2536568    0    0     0     0 2450 2131 25  3 71  0  0 2021-07-24 05:43:03
43  1  0      0 56396388   2088 2536568    0    0     0     0 2414 2215 23  3 74  0  0 2021-07-24 05:43:04
43  1  0      0 56381760   2088 2536568    0    0     0     0 2137 2110 21  1 78  0  0 2021-07-24 05:43:05
43  1  0      0 56381764   2088 2536580    0    0     0     0 2342 2159 24  2 74  0  0 2021-07-24 05:43:06
43  4  0      0 56381892   2088 2536580    0    0     0     0 2339 2255 24  1 75  0  0 2021-07-24 05:43:07
43  1  0      0 56378796   2088 2536580    0    0     0     0 2291 2136 24  2 75  0  0 2021-07-24 05:43:08
43  4  0      0 56378180   2088 2536580    0    0     0     0 2488 2048 22  2 76  0  0 2021-07-24 05:43:09
43  1  0      0 56377940   2088 2536580    0    0     0     0 2949 2377 26  1 73  0  0 2021-07-24 05:43:10
43  4  0      0 56346072   2088 2536584    0    0     0     0 2177 2035 22  1 77  0  0 2021-07-24 05:43:11
43  1  0      0 56345576   2088 2536592    0    0     0     0 2514 2225 26  2 72  0  0 2021-07-24 05:43:12
43  2  0      0 56359212   2088 2536592    0    0     0     0 1819 1746 20  1 79  0  0 2021-07-24 05:43:13
43  1  0      0 56349668   2088 2536592    0    0     0    45 1661 1679 18  0 82  0  0 2021-07-24 05:43:14
43  1  0      0 56349668   2088 2536592    0    0     0     0 2029 1837 23  1 76  0  0 2021-07-24 05:43:15
43  4  0      0 56349056   2088 2536592    0    0     0     0 2286 2111 23  1 76  0  0 2021-07-24 05:43:16
43  2  0      0 56396304   2088 2536592    0    0     0     0 1853 1727 20  1 79  0  0 2021-07-24 05:43:17
43  1  0      0 56396432   2088 2536592    0    0     0     0 2562 2364 26  1 73  0  0 2021-07-24 05:43:18
43  4  0      0 56396312   2088 2536592    0    0     0     0 2427 2146 24  3 73  0  0 2021-07-24 05:43:19
43  1  0      0 56396564   2088 2536596    0    0     0    12 2320 2108 24  2 73  0  0 2021-07-24 05:43:20
43  2  0      0 56381936   2088 2536604    0    0     0     0 2435 2197 24  2 75  0  0 2021-07-24 05:43:21
43  1  0      0 56381692   2088 2536604    0    0     0     0 2388 2070 23  3 75  0  0 2021-07-24 05:43:22
43  1  0      0 56381948   2088 2536604    0    0     0     0 2524 2185 26  2 73  0  0 2021-07-24 05:43:23
43  1  0      0 56335824   2088 2536604    0    0     0     0 2109 1876 21  2 77  0  0 2021-07-24 05:43:24
43  1  0      0 56396592   2088 2536604    0    0     0     0 2616 2303 24  2 74  0  0 2021-07-24 05:43:25
43  4  0      0 56365592   2088 2536604    0    0     0     0 2881 2275 25  1 74  0  0 2021-07-24 05:43:26
43  4  0      0 56346868   2088 2536612    0    0     0     0 2237 2055 23  1 76  0  0 2021-07-24 05:43:27
43  1  0      0 56346868   2088 2536612    0    0     0     0 2256 2143 22  1 77  0  0 2021-07-24 05:43:28
43  2  0      0 56358524   2088 2536612    0    0     0     0 1834 1716 19  1 79  0  0 2021-07-24 05:43:29
43  4  0      0 56296524   2088 2536612    0    0     0    28 1658 1653 19  1 81  0  0 2021-07-24 05:43:30
43  1  0      0 56349108   2088 2536612    0    0     0     0 2499 2157 24  2 73  0  0 2021-07-24 05:43:31
43  1  0      0 56349232   2088 2536612    0    0     0     0 1539 1572 18  0 82  0  0 2021-07-24 05:43:32
43  4  0      0 56393008   2088 2536612    0    0     0     0 2371 2129 23  1 76  0  0 2021-07-24 05:43:33
43  2  0      0 56393012   2088 2536612    0    0     0     0 2558 2150 25  3 72  0  0 2021-07-24 05:43:34
43  1  0      0 56393020   2088 2536620    0    0     0     0 2671 2218 27  2 71  0  0 2021-07-24 05:43:35
43  1  0      0 56365372   2088 2536620    0    0     0     0 2291 2052 24  2 75  0  0 2021-07-24 05:43:36
43  4  0      0 56365748   2088 2536620    0    0     0     0 2459 2115 24  2 74  0  0 2021-07-24 05:43:37
43  1  0      0 56365504   2088 2536620    0    0     0     0 2454 2270 23  2 75  0  0 2021-07-24 05:43:38
43  1  0      0 56366372   2088 2536620    0    0     0     0 2444 2149 24  2 74  0  0 2021-07-24 05:43:39
43  1  0      0 56391800   2088 2536620    0    0     0    44 2207 1956 22  2 76  0  0 2021-07-24 05:43:40
43  1  0      0 56390072   2088 2536620    0    0     0     0 2694 2340 26  1 73  0  0 2021-07-24 05:43:41
43  1  0      0 56342200   2088 2536620    0    0     0     0 2728 2182 24  1 75  0  0 2021-07-24 05:43:42
43  2  0      0 56340692   2088 2536632    0    0     0     0 2587 2301 26  2 73  0  0 2021-07-24 05:43:43
43  4  0      0 56353096   2088 2536632    0    0     0     0 1719 1710 19  1 80  0  0 2021-07-24 05:43:44
43  1  0      0 56376780   2088 2536632    0    0     0    61 1705 1707 17  1 82  0  0 2021-07-24 05:43:45
43  4  0      0 56374056   2088 2536632    0    0     0     0 2156 1982 22  1 77  0  0 2021-07-24 05:43:46
43  1  0      0 56374556   2088 2536632    0    0     0     0 2067 1929 22  2 76  0  0 2021-07-24 05:43:47
43  2  0      0 56398116   2088 2536632    0    0     0     0 1682 1631 19  1 79  0  0 2021-07-24 05:43:48
43  4  0      0 56365636   2088 2536632    0    0     0     0 2471 2323 24  2 74  0  0 2021-07-24 05:43:49
43  4  0      0 56365764   2088 2536640    0    0     0     0 2421 2189 25  3 73  0  0 2021-07-24 05:43:50
43  1  0      0 56365644   2088 2536640    0    0     0     0 2418 2217 25  2 73  0  0 2021-07-24 05:43:51
43  4  0      0 56364408   2088 2536640    0    0     0     0 2163 2010 24  1 75  0  0 2021-07-24 05:43:52
43  1  0      0 56359328   2088 2536640    0    0     0     0 2280 2114 25  2 74  0  0 2021-07-24 05:43:53
43  2  0      0 56358464   2088 2536640    0    0     0     0 2458 2231 23  3 74  0  0 2021-07-24 05:43:54
43  1  0      0 56358592   2088 2536640    0    0     0     4 2227 2074 23  2 75  0  0 2021-07-24 05:43:55
43  1  0      0 56389724   2088 2536644    0    0     0     0 2316 2187 24  1 75  0  0 2021-07-24 05:43:56
43  1  0      0 56361580   2088 2536652    0    0     0     0 2287 2156 24  2 74  0  0 2021-07-24 05:43:57
43  1  0      0 56349304   2088 2536656    0    0     0     0 2551 2095 25  1 74  0  0 2021-07-24 05:43:58
43  1  0      0 56349304   2088 2536656    0    0     0     0 2521 2321 28  1 71  0  0 2021-07-24 05:43:59
43  1  0      0 56360216   2088 2536656    0    0     0     0 1882 1870 20  1 79  0  0 2021-07-24 05:44:00
43  1  0      0 56382660   2088 2536656    0    0     0     0 1310 1415 16  1 84  0  0 2021-07-24 05:44:01
43  4  0      0 56377704   2088 2536656    0    0     0     0 2107 2051 22  1 76  0  0 2021-07-24 05:44:02
43  1  0      0 56359108   2088 2536656    0    0     0     0 2021 1934 21  2 77  0  0 2021-07-24 05:44:03
43  1  0      0 56378332   2088 2536656    0    0     0     0 1848 1811 20  1 79  0  0 2021-07-24 05:44:04
43  1  0      0 56356884   2088 2536664    0    0     0     0 2529 2363 27  1 72  0  0 2021-07-24 05:44:05
43  2  0      0 56356764   2088 2536664    0    0     0     8 2505 2147 26  4 71  0  0 2021-07-24 05:44:06
43  1  0      0 56356892   2088 2536664    0    0     0     0 1935 1874 20  2 79  0  0 2021-07-24 05:44:07
43  1  0      0 56357148   2088 2536664    0    0     0     0 2487 2192 24  3 73  0  0 2021-07-24 05:44:08
43  1  0      0 56357028   2088 2536664    0    0     0     0 2260 2151 23  2 75  0  0 2021-07-24 05:44:09
43  1  0      0 56354692   2088 2536664    0    0     0     0 2425 2172 26  2 72  0  0 2021-07-24 05:44:10
43  1  0      0 56387444   2088 2536664    0    0     0     0 2046 1870 23  2 75  0  0 2021-07-24 05:44:11
43  1  0      0 56376900   2088 2536672    0    0     0     0 2588 2359 24  2 73  0  0 2021-07-24 05:44:12
43  1  0      0 56363508   2088 2536672    0    0     0     0 2431 2268 26  1 73  0  0 2021-07-24 05:44:13
43  1  0      0 56338584   2088 2536672    0    0     0     0 2513 2096 23  2 75  0  0 2021-07-24 05:44:14
43  1  0      0 56289976   2088 2536672    0    0     0     0 1961 1884 22  1 76  0  0 2021-07-24 05:44:15
43  1  0      0 56390864   2088 2536672    0    0     0   207 1905 1802 21  1 78  0  0 2021-07-24 05:44:16
43  1  0      0 56374624   2088 2536672    0    0     0     0 1772 1749 19  1 80  0  0 2021-07-24 05:44:17
43  4  0      0 56374756   2088 2536676    0    0     0     0 2358 2214 25  1 74  0  0 2021-07-24 05:44:18
43  1  0      0 56299860   2088 2536676    0    0     0     0 1314 1421 17  1 83  0  0 2021-07-24 05:44:19
43  4  0      0 56322060   2088 2536684    0    0     0     0 2444 2256 25  2 73  0  0 2021-07-24 05:44:20
43  2  0      0 56355420   2088 2536684    0    0     0     0 2308 1993 22  4 74  0  0 2021-07-24 05:44:21
43  4  0      0 56355428   2088 2536684    0    0     0     0 2517 2256 26  2 72  0  0 2021-07-24 05:44:22
43  4  0      0 56355556   2088 2536684    0    0     0     0 2277 2074 24  2 74  0  0 2021-07-24 05:44:23
43  1  0      0 56355436   2088 2536684    0    0     0     0 2462 2160 24  2 74  0  0 2021-07-24 05:44:24
43  1  0      0 56354820   2088 2536684    0    0     0     0 2464 2160 26  1 73  0  0 2021-07-24 05:44:25
43  1  0      0 56355072   2088 2536684    0    0     0     8 2347 2064 23  2 75  0  0 2021-07-24 05:44:26
43  1  0      0 56376648   2088 2536692    0    0     0     0 2227 2010 22  2 76  0  0 2021-07-24 05:44:27
43  1  0      0 56370336   2088 2536696    0    0     0     0 2579 2319 23  2 75  0  0 2021-07-24 05:44:28
43  1  0      0 56353348   2088 2536696    0    0     0     0 2191 2000 22  2 76  0  0 2021-07-24 05:44:29
43  1  0      0 56352604   2088 2536696    0    0     0     0 2910 2275 25  2 73  0  0 2021-07-24 05:44:30
43  1  0      0 56348636   2088 2536696    0    0     0     0 1742 1744 18  1 81  0  0 2021-07-24 05:44:31
43  1  0      0 56341320   2088 2536696    0    0     0     0 1599 1536 17  2 81  0  0 2021-07-24 05:44:32
43  1  0      0 56340952   2088 2536700    0    0     0     0 2153 1943 23  1 76  0  0 2021-07-24 05:44:33
43  4  0      0 56341076   2088 2536708    0    0     0     0 2135 1959 22  1 77  0  0 2021-07-24 05:44:34
43  4  0      0 56380512   2088 2536708    0    0     0     0 1806 1692 19  2 80  0  0 2021-07-24 05:44:35
43  1  0      0 56349644   2088 2536708    0    0     0     8 2618 2328 26  1 73  0  0 2021-07-24 05:44:36
43  1  0      0 56349648   2088 2536708    0    0     0     0 2466 2117 23  3 74  0  0 2021-07-24 05:44:37
43  1  0      0 56349652   2088 2536708    0    0     0     0 2559 2264 25  2 73  0  0 2021-07-24 05:44:38
43  4  0      0 56349656   2088 2536708    0    0     0     7 2302 2054 24  1 75  0  0 2021-07-24 05:44:39
43  4  0      0 56349040   2088 2536708    0    0     0     0 2404 2107 24  2 74  0  0 2021-07-24 05:44:40
43  2  0      0 56349416   2088 2536708    0    0     0     0 2741 2336 25  3 72  0  0 2021-07-24 05:44:41
43  1  0      0 56346448   2088 2536716    0    0     0     0 2459 2195 24  1 75  0  0 2021-07-24 05:44:42
43  4  0      0 56362068   2088 2536716    0    0     0     0 2414 2255 22  2 76  0  0 2021-07-24 05:44:43
43  1  0      0 56352648   2088 2536716    0    0     0     0 2406 2176 22  2 76  0  0 2021-07-24 05:44:44
43  1  0      0 56336608   2088 2536716    0    0     0     0 2190 2088 22  1 77  0  0 2021-07-24 05:44:45
43  1  0      0 56336652   2088 2536716    0    0     0    58 2940 2393 26  1 73  0  0 2021-07-24 05:44:46
43  4  0      0 56348556   2088 2536716    0    0     0     0 1957 1851 19  2 79  0  0 2021-07-24 05:44:47
43  1  0      0 56328096   2088 2536716    0    0     0     0 1449 1496 17  1 83  0  0 2021-07-24 05:44:48
43  1  0      0 56327600   2088 2536724    0    0     0     0 2002 1847 21  1 78  0  0 2021-07-24 05:44:49
43  1  0      0 56327360   2088 2536724    0    0     0     0 2105 1949 21  2 78  0  0 2021-07-24 05:44:50
43  4  0      0 56380312   2088 2536724    0    0     0     0 2049 1835 21  2 77  0  0 2021-07-24 05:44:51
43  4  0      0 56347952   2088 2536724    0    0     0    48 2558 2266 25  2 73  0  0 2021-07-24 05:44:52
43  4  0      0 56343864   2088 2536724    0    0     0     0 2600 2210 25  3 72  0  0 2021-07-24 05:44:53
43  1  0      0 56347960   2088 2536724    0    0     0     0 2154 1884 23  2 75  0  0 2021-07-24 05:44:54
43  2  0      0 56347716   2088 2536724    0    0     0     0 2593 2254 25  3 72  0  0 2021-07-24 05:44:55
43  1  0      0 56347848   2088 2536724    0    0     0     0 2315 2162 24  1 75  0  0 2021-07-24 05:44:56
43  1  0      0 56347976   2088 2536732    0    0     0     8 2456 2197 25  2 72  0  0 2021-07-24 05:44:57
43  1  0      0 56380636   2088 2536732    0    0     0     0 2134 1971 22  2 76  0  0 2021-07-24 05:44:58
43  1  0      0 56365720   2088 2536732    0    0     0     0 2585 2362 25  2 74  0  0 2021-07-24 05:44:59
43  4  0      0 56349352   2088 2536732    0    0     0     0 2497 2304 26  1 73  0  0 2021-07-24 05:45:00
43  1  0      0 56348112   2088 2536732    0    0     0     0 2048 1978 21  1 78  0  0 2021-07-24 05:45:01
43  1  0      0 56332364   2088 2536732    0    0     0     0 2551 2039 25  1 74  0  0 2021-07-24 05:45:02
43  1  0      0 56330628   2088 2536740    0    0     0     0 1845 1788 19  2 79  0  0 2021-07-24 05:45:03
43  4  0      0 56259080   2088 2536740    0    0     0     0 1637 1657 19  1 80  0  0 2021-07-24 05:45:04
43  4  0      0 56322328   2088 2536740    0    0     0     0 2263 2119 21  2 77  0  0 2021-07-24 05:45:05
43  1  0      0 56322452   2088 2536740    0    0     0     0 1566 1597 19  0 81  0  0 2021-07-24 05:45:06
43  4  0      0 56347252   2088 2536740    0    0     0     0 2259 2088 23  2 75  0  0 2021-07-24 05:45:07
43  2  0      0 56346144   2088 2536740    0    0     0     0 2602 2269 26  3 71  0  0 2021-07-24 05:45:08
43  1  0      0 56346400   2088 2536744    0    0     0     0 2487 2132 24  4 72  0  0 2021-07-24 05:45:09
43  1  0      0 56346276   2088 2536744    0    0     0     0 2308 2177 24  1 75  0  0 2021-07-24 05:45:10
43  4  0      0 56346160   2088 2536756    0    0     0     0 2375 2161 24  2 74  0  0 2021-07-24 05:45:11
43  1  0      0 56346288   2088 2536756    0    0     0     4 2517 2315 26  2 73  0  0 2021-07-24 05:45:12
43  4  0      0 56346168   2088 2536756    0    0     0     0 2349 2142 25  2 73  0  0 2021-07-24 05:45:13
43  4  0      0 56356216   2088 2536756    0    0     0     0 1978 1866 20  2 78  0  0 2021-07-24 05:45:14
43  4  0      0 56350148   2088 2536756    0    0     0     0 2612 2372 26  1 73  0  0 2021-07-24 05:45:15
43  1  0      0 56377800   2088 2536756    0    0     0     0 2287 2132 24  1 75  0  0 2021-07-24 05:45:16
43  1  0      0 56346056   2088 2536756    0    0     0     3 2394 2172 24  2 74  0  0 2021-07-24 05:45:17
43  2  0      0 56330060   2088 2536756    0    0     0     0 2130 1782 20  0 80  0  0 2021-07-24 05:45:18
43  1  0      0 56353744   2088 2536764    0    0     0     0 1836 1777 20  1 79  0  0 2021-07-24 05:45:19
43  1  0      0 56322128   2088 2536764    0    0     0     0 1988 1857 21  2 77  0  0 2021-07-24 05:45:20
43  1  0      0 56322256   2088 2536764    0    0     0     0 2221 2061 23  1 75  0  0 2021-07-24 05:45:21
43  2  0      0 56377184   2088 2536764    0    0     0     0 1606 1598 19  1 80  0  0 2021-07-24 05:45:22
43  4  0      0 56344212   2088 2536764    0    0     0     0 2523 2265 24  2 73  0  0 2021-07-24 05:45:23
43  1  0      0 56344588   2088 2536768    0    0     0     0 2436 2121 25  3 72  0  0 2021-07-24 05:45:24
43  1  0      0 56344468   2088 2536768    0    0     0     0 2457 2266 25  2 73  0  0 2021-07-24 05:45:25
43  4  0      0 56344596   2088 2536776    0    0     0     0 2123 2044 22  1 77  0  0 2021-07-24 05:45:26
43  4  0      0 56342740   2088 2536776    0    0     0     0 2418 2186 25  2 73  0  0 2021-07-24 05:45:27
43  2  0      0 56342248   2088 2536780    0    0     0    56 2550 2276 26  2 72  0  0 2021-07-24 05:45:28
43  2  0      0 56342004   2088 2536780    0    0     0     0 2202 2039 23  2 75  0  0 2021-07-24 05:45:29
43  1  0      0 56353420   2088 2536780    0    0     0     0 2286 2155 23  1 75  0  0 2021-07-24 05:45:30
43  2  0      0 56349084   2088 2536780    0    0     0     0 2367 2209 25  1 74  0  0 2021-07-24 05:45:31
43  1  0      0 56347840   2088 2536780    0    0     0     0 2162 2037 23  2 75  0  0 2021-07-24 05:45:32
43  1  0      0 56348092   2088 2536788    0    0     0     0 2404 2318 24  1 75  0  0 2021-07-24 05:45:33
43  1  0      0 56332220   2088 2536788    0    0     0     0 2016 1811 18  2 80  0  0 2021-07-24 05:45:34
43  1  0      0 56322548   2088 2536788    0    0     0     7 1772 1629 18  1 81  0  0 2021-07-24 05:45:35
43  1  0      0 56322056   2088 2536788    0    0     0     0 1850 1837 20  1 79  0  0 2021-07-24 05:45:36
43  1  0      0 56322060   2088 2536788    0    0     0     0 2108 1998 22  2 76  0  0 2021-07-24 05:45:37
43  1  0      0 56380096   2088 2536788    0    0     0     0 1929 1846 21  2 77  0  0 2021-07-24 05:45:38
43  4  0      0 56347984   2088 2536788    0    0     0     0 2473 2287 26  1 73  0  0 2021-07-24 05:45:39
43  1  0      0 56347988   2088 2536788    0    0     0     0 2553 2198 26  3 70  0  0 2021-07-24 05:45:40
43  1  0      0 56347868   2088 2536796    0    0     0     0 2061 1967 20  2 77  0  0 2021-07-24 05:45:41
43  2  0      0 56339316   2088 2536796    0    0     0     0 2516 2254 26  2 72  0  0 2021-07-24 05:45:42
43  1  0      0 56338328   2088 2536796    0    0     0     0 2368 2184 24  2 74  0  0 2021-07-24 05:45:43
43  4  0      0 56338072   2088 2536800    0    0     0     0 2500 2292 25  2 73  0  0 2021-07-24 05:45:44
43  4  0      0 56370532   2088 2536800    0    0     0     0 2004 1889 20  2 78  0  0 2021-07-24 05:45:45
43  1  0      0 56342672   2088 2536800    0    0     0     0 2555 2366 25  1 73  0  0 2021-07-24 05:45:46
43  1  0      0 56341680   2088 2536800    0    0     0     0 2360 2275 24  1 75  0  0 2021-07-24 05:45:47
43  1  0      0 56347384   2088 2536808    0    0     0    37 2174 2090 24  1 75  0  0 2021-07-24 05:45:48
43  1  0      0 56294312   2088 2536808    0    0     0     0 2015 1951 22  1 77  0  0 2021-07-24 05:45:49
43  1  0      0 56282532   2088 2536808    0    0     0     0 1801 1794 18  2 80  0  0 2021-07-24 05:45:50
43  2  0      0 56321592   2088 2536808    0    0     0     0 2032 1726 18  2 80  0  0 2021-07-24 05:45:51
43  1  0      0 56321476   2088 2536808    0    0     0     0 2429 2248 24  2 74  0  0 2021-07-24 05:45:52
43  1  0      0 56261716   2088 2536808    0    0     0     0 1438 1484 18  0 82  0  0 2021-07-24 05:45:53
43  4  0      0 56342816   2088 2536808    0    0     0     0 2446 2258 26  1 73  0  0 2021-07-24 05:45:54
43  2  0      0 56342072   2088 2536808    0    0     0     0 2361 2054 23  4 73  0  0 2021-07-24 05:45:55
43  4  0      0 56342208   2088 2536816    0    0     0     0 2485 2281 25  2 73  0  0 2021-07-24 05:45:56
43  4  0      0 56338740   2088 2536816    0    0     0     0 2278 2137 24  1 75  0  0 2021-07-24 05:45:57
43  1  0      0 56338620   2088 2536816    0    0     0     4 2396 2230 25  2 73  0  0 2021-07-24 05:45:58
43  1  0      0 56338624   2088 2536816    0    0     0     0 2332 2215 23  2 76  0  0 2021-07-24 05:45:59
43  1  0      0 56338628   2088 2536816    0    0     0     0 2234 2072 23  2 75  0  0 2021-07-24 05:46:00
43  1  0      0 56358720   2088 2536816    0    0     0     0 2151 1995 23  2 75  0  0 2021-07-24 05:46:01
43  1  0      0 56341244   2088 2536816    0    0     0     0 2511 2307 25  2 74  0  0 2021-07-24 05:46:02
43  4  0      0 56339880   2088 2536824    0    0     0    52 2161 2056 23  1 75  0  0 2021-07-24 05:46:03
43  4  0      0 56339136   2088 2536824    0    0     0     0 2466 2282 26  1 73  0  0 2021-07-24 05:46:04
43  2  0      0 56327180   2088 2536824    0    0     0     0 1771 1746 20  1 78  0  0 2021-07-24 05:46:05
43  4  0      0 56322272   2088 2536824    0    0     0     0 1626 1664 17  1 82  0  0 2021-07-24 05:46:06
43  1  0      0 56321656   2088 2536824    0    0     0     0 2311 1873 22  1 77  0  0 2021-07-24 05:46:07
43  4  0      0 56321432   2088 2536824    0    0     0   108 2321 2155 25  1 74  0  0 2021-07-24 05:46:08
43  1  0      0 56373884   2088 2536824    0    0     0     0 1806 1712 20  2 78  0  0 2021-07-24 05:46:09
43  4  0      0 56335452   2088 2536832    0    0     0     0 2510 2392 25  1 74  0  0 2021-07-24 05:46:10
43  1  0      0 56335236   2088 2536836    0    0     0     0 2714 2456 24  4 73  0  0 2021-07-24 05:46:11
43  1  0      0 56335856   2088 2536836    0    0     0     0 2232 2107 23  2 75  0  0 2021-07-24 05:46:12
43  2  0      0 56335284   2088 2536836    0    0     0     0 2447 2200 27  2 72  0  0 2021-07-24 05:46:13
43  1  0      0 56335248   2088 2536836    0    0     0     0 2300 2109 23  2 75  0  0 2021-07-24 05:46:14
43  1  0      0 56335128   2088 2536836    0    0     0     0 2389 2155 26  2 72  0  0 2021-07-24 05:46:15
43  1  0      0 56285784   2088 2536836    0    0     0     0 1968 1845 21  2 77  0  0 2021-07-24 05:46:16
43  1  0      0 56342460   2088 2536844    0    0     0     0 2567 2333 25  2 73  0  0 2021-07-24 05:46:17
43  4  0      0 56341592   2088 2536844    0    0     0    61 2379 2337 23  1 76  0  0 2021-07-24 05:46:18
43  4  0      0 56340228   2088 2536844    0    0     0     1 2112 2041 22  2 77  0  0 2021-07-24 05:46:19
43  1  0      0 56335268   2088 2536844    0    0     0     0 2299 2141 26  1 73  0  0 2021-07-24 05:46:20
43  1  0      0 56324852   2088 2536848    0    0     0     0 1867 1762 21  1 78  0  0 2021-07-24 05:46:21
43  1  0      0 56312452   2088 2536848    0    0     0     0 1541 1597 17  1 82  0  0 2021-07-24 05:46:22
43  1  0      0 56312460   2088 2536848    0    0     0     0 2683 2143 24  2 74  0  0 2021-07-24 05:46:23
43  1  0      0 56312584   2088 2536848    0    0     0     8 1609 1676 18  0 82  0  0 2021-07-24 05:46:24
43  1  0      0 56330068   2088 2536856    0    0     0     0 2153 2026 23  1 76  0  0 2021-07-24 05:46:25
43  2  0      0 56329208   2088 2536856    0    0     0     0 2541 2284 24  4 72  0  0 2021-07-24 05:46:26
43  1  0      0 56329464   2088 2536856    0    0     0     0 2482 2172 23  4 73  0  0 2021-07-24 05:46:27
43  1  0      0 56329092   2088 2536856    0    0     0     0 2209 2095 24  1 75  0  0 2021-07-24 05:46:28
43  1  0      0 56329348   2088 2536856    0    0     0     0 2353 2153 25  2 73  0  0 2021-07-24 05:46:29
43  1  0      0 56329352   2088 2536856    0    0     0     0 2543 2326 27  1 72  0  0 2021-07-24 05:46:30
43  1  0      0 56329480   2088 2536856    0    0     0     0 2332 2138 23  2 74  0  0 2021-07-24 05:46:31
43  1  0      0 56348084   2088 2536868    0    0     0     0 1918 1795 19  2 78  0  0 2021-07-24 05:46:32
43  1  0      0 56338916   2088 2536868    0    0     0     0 2589 2356 26  1 73  0  0 2021-07-24 05:46:33
43  1  0      0 56367684   2088 2536868    0    0     0     8 2320 2195 25  1 74  0  0 2021-07-24 05:46:34
43  1  0      0 56337056   2088 2536868    0    0     0     0 2346 2200 24  2 74  0  0 2021-07-24 05:46:35
43  1  0      0 56321804   2088 2536868    0    0     0     0 1630 1699 18  1 81  0  0 2021-07-24 05:46:36
43  1  0      0 56342512   2088 2536868    0    0     0     0 1728 1706 17  2 81  0  0 2021-07-24 05:46:37
43  4  0      0 56311020   2088 2536868    0    0     0     0 1916 1912 20  1 79  0  0 2021-07-24 05:46:38
43  1  0      0 56310900   2088 2536876    0    0     0     0 2479 2046 23  1 76  0  0 2021-07-24 05:46:39
43  2  0      0 56364220   2088 2536876    0    0     0     0 1578 1589 19  1 80  0  0 2021-07-24 05:46:40
43  1  0      0 56330624   2088 2536876    0    0     0     0 2538 2315 25  2 73  0  0 2021-07-24 05:46:41
43  4  0      0 56330628   2088 2536876    0    0     0     0 2440 2169 25  3 73  0  0 2021-07-24 05:46:42
43  4  0      0 56330632   2088 2536876    0    0     0     0 2514 2277 26  2 72  0  0 2021-07-24 05:46:43
43  1  0      0 56330760   2088 2536876    0    0     0    48 2374 2321 23  1 75  0  0 2021-07-24 05:46:44
43  1  0      0 56330376   2088 2536876    0    0     0     0 2533 2337 24  2 73  0  0 2021-07-24 05:46:45
43  2  0      0 56330132   2088 2536876    0    0     0     0 2524 2272 26  2 72  0  0 2021-07-24 05:46:46
43  2  0      0 56330012   2088 2536884    0    0     0     0 2198 2035 22  3 75  0  0 2021-07-24 05:46:47
43  4  0      0 56343408   2088 2536884    0    0     0     0 2260 2125 22  2 76  0  0 2021-07-24 05:46:48
43  1  0      0 56337464   2088 2536884    0    0     0    44 2290 2167 22  2 77  0  0 2021-07-24 05:46:49
43  1  0      0 56334608   2088 2536884    0    0     0     0 2148 2128 21  1 77  0  0 2021-07-24 05:46:50
43  1  0      0 56334612   2088 2536884    0    0     0     0 2406 2320 24  1 74  0  0 2021-07-24 05:46:51
43  4  0      0 56317620   2088 2536884    0    0     0     0 1781 1730 19  2 79  0  0 2021-07-24 05:46:52
43  1  0      0 56308696   2088 2536884    0    0     0     0 1439 1506 17  1 82  0  0 2021-07-24 05:46:53
43  1  0      0 56308204   2088 2536892    0    0     0     0 2063 1933 23  1 76  0  0 2021-07-24 05:46:54
43  1  0      0 56308208   2088 2536892    0    0     0     0 2408 1961 22  1 77  0  0 2021-07-24 05:46:55
43  1  0      0 56353968   2088 2536892    0    0     0     0 1934 1830 21  2 77  0  0 2021-07-24 05:46:56
43  1  0      0 56321608   2088 2536896    0    0     0     0 2524 2345 25  2 73  0  0 2021-07-24 05:46:57
43  2  0      0 56321612   2088 2536896    0    0     0     0 2546 2213 25  3 72  0  0 2021-07-24 05:46:58
43  4  0      0 56321740   2088 2536896    0    0     0     0 1978 1886 21  1 78  0  0 2021-07-24 05:46:59
43  1  0      0 56321496   2088 2536896    0    0     0     0 2578 2243 26  3 71  0  0 2021-07-24 05:47:00
43  1  0      0 56321380   2088 2536896    0    0     0     0 2355 2189 25  1 74  0  0 2021-07-24 05:47:01
43  1  0      0 56321756   2088 2536904    0    0     0     0 2290 2111 23  2 75  0  0 2021-07-24 05:47:02
43  1  0      0 56366492   2088 2536904    0    0     0     0 2119 1948 22  2 76  0  0 2021-07-24 05:47:03
43  1  0      0 56333424   2088 2536908    0    0     0     0 2569 2352 25  2 73  0  0 2021-07-24 05:47:04
43  4  0      0 56332432   2088 2536908    0    0     0    12 2425 2289 26  1 74  0  0 2021-07-24 05:47:05
43  2  0      0 56331192   2088 2536908    0    0     0     0 2167 2069 23  1 76  0  0 2021-07-24 05:47:06
43  1  0      0 56261504   2088 2536908    0    0     0     0 2004 1912 22  1 77  0  0 2021-07-24 05:47:07
43  1  0      0 56255676   2088 2536916    0    0     0     0 1807 1764 19  1 79  0  0 2021-07-24 05:47:08
43  1  0      0 56308380   2088 2536916    0    0     0     0 1774 1722 20  2 79  0  0 2021-07-24 05:47:09
43  4  0      0 56308008   2088 2536916    0    0     0     8 2458 2322 26  1 73  0  0 2021-07-24 05:47:10
43  1  0      0 56248616   2088 2536916    0    0     0     0 1705 1439 16  1 83  0  0 2021-07-24 05:47:11
43  4  0      0 56319920   2088 2536916    0    0     0     0 2434 2269 24  2 74  0  0 2021-07-24 05:47:12
43  2  0      0 56319180   2088 2536916    0    0     0     0 2422 2084 24  4 72  0  0 2021-07-24 05:47:13
43  1  0      0 56319196   2088 2536916    0    0     0     0 2547 2275 26  3 71  0  0 2021-07-24 05:47:14
43  1  0      0 56319076   2088 2536916    0    0     0     0 2284 2161 24  1 75  0  0 2021-07-24 05:47:15
43  4  0      0 56319204   2088 2536924    0    0     0     0 2405 2215 25  2 73  0  0 2021-07-24 05:47:16
43  4  0      0 56319208   2088 2536924    0    0     0     0 2337 2237 23  1 76  0  0 2021-07-24 05:47:17
43  4  0      0 56319584   2088 2536924    0    0     0     0 2289 2122 23  2 75  0  0 2021-07-24 05:47:18
43  1  0      0 56341784   2088 2536924    0    0     0     0 2138 1978 22  2 76  0  0 2021-07-24 05:47:19
43  1  0      0 56332120   2088 2536924    0    0     0    63 2537 2300 25  1 73  0  0 2021-07-24 05:47:20
43  1  0      0 56329268   2088 2536924    0    0     0     0 2064 2025 20  2 78  0  0 2021-07-24 05:47:21
43  1  0      0 56328892   2088 2536924    0    0     0     0 2436 2323 24  2 74  0  0 2021-07-24 05:47:22
43  2  0      0 56313640   2088 2536924    0    0     0     0 1668 1759 17  1 82  0  0 2021-07-24 05:47:23
43  1  0      0 56303476   2088 2536936    0    0     0     0 1581 1579 17  1 82  0  0 2021-07-24 05:47:24
43  1  0      0 56302860   2088 2536936    0    0     0     0 2058 1989 21  1 77  0  0 2021-07-24 05:47:25
43  1  0      0 56302864   2088 2536936    0    0     0     0 2170 2042 23  1 75  0  0 2021-07-24 05:47:26
43  4  0      0 56358044   2088 2536936    0    0     0     0 1799 1715 20  1 79  0  0 2021-07-24 05:47:27
43  4  0      0 56312296   2088 2536936    0    0     0     0 2832 2340 25  2 74  0  0 2021-07-24 05:47:28
43  1  0      0 56312424   2088 2536936    0    0     0     0 2378 2132 23  4 73  0  0 2021-07-24 05:47:29
43  1  0      0 56312180   2088 2536936    0    0     0     0 2415 2158 25  2 73  0  0 2021-07-24 05:47:30
43  1  0      0 56312308   2088 2536944    0    0     0     0 2245 2180 22  1 77  0  0 2021-07-24 05:47:31
43  2  0      0 56312064   2088 2536948    0    0     0     0 2278 2113 23  3 74  0  0 2021-07-24 05:47:32
43  4  0      0 56312196   2088 2536948    0    0     0     0 2448 2180 23  3 74  0  0 2021-07-24 05:47:33
43  1  0      0 56295584   2088 2536948    0    0     0     0 2064 1919 22  2 76  0  0 2021-07-24 05:47:34
43  1  0      0 56333164   2088 2536952    0    0     0     8 2574 2368 23  2 75  0  0 2021-07-24 05:47:35
43  4  0      0 56328080   2088 2536952    0    0     0     0 2363 2200 25  1 74  0  0 2021-07-24 05:47:36
43  4  0      0 56326964   2088 2536952    0    0     0     0 2449 2066 21  1 78  0  0 2021-07-24 05:47:37
43  1  0      0 56327088   2088 2536960    0    0     0     0 2303 2214 24  1 75  0  0 2021-07-24 05:47:38
43  1  0      0 56311464   2088 2536960    0    0     0     0 1806 1765 19  2 80  0  0 2021-07-24 05:47:39
43  1  0      0 56301668   2088 2536964    0    0     0     0 1529 1560 19  1 80  0  0 2021-07-24 05:47:40
43  2  0      0 56301300   2088 2536964    0    0     0     0 2227 2102 22  1 76  0  0 2021-07-24 05:47:41
43  1  0      0 56301424   2088 2536964    0    0     0     0 1721 1728 19  1 80  0  0 2021-07-24 05:47:42
43  1  0      0 56313708   2088 2536964    0    0     0     0 2055 1944 21  2 77  0  0 2021-07-24 05:47:43
43  2  0      0 56312720   2088 2536964    0    0     0     0 2938 2375 25  3 73  0  0 2021-07-24 05:47:44
43  1  0      0 56312728   2088 2536964    0    0     0     0 2514 2145 24  4 72  0  0 2021-07-24 05:47:45
43  1  0      0 56312720   2088 2536972    0    0     0     4 2237 2172 22  1 77  0  0 2021-07-24 05:47:46
43  1  0      0 56312356   2088 2536972    0    0     0     0 2384 2165 23  2 75  0  0 2021-07-24 05:47:47
43  1  0      0 56312484   2088 2536972    0    0     0     0 2525 2346 26  1 73  0  0 2021-07-24 05:47:48
43  1  0      0 56312488   2088 2536972    0    0     0     0 2420 2186 25  2 73  0  0 2021-07-24 05:47:49
43  4  0      0 56337912   2088 2536972    0    0     0     0 2000 1880 21  2 78  0  0 2021-07-24 05:47:50
43  1  0      0 56328620   2088 2536972    0    0     0     3 2667 2376 27  2 72  0  0 2021-07-24 05:47:51
43  1  0      0 56345236   2088 2536972    0    0     0     0 2151 2047 24  1 75  0  0 2021-07-24 05:47:52
43  4  0      0 56326508   2088 2536980    0    0     0     0 2467 2310 24  2 74  0  0 2021-07-24 05:47:53
43  1  0      0 56305556   2088 2536980    0    0     0     0 1692 1737 19  1 80  0  0 2021-07-24 05:47:54
43  1  0      0 56330728   2088 2536980    0    0     0     0 1732 1665 19  1 80  0  0 2021-07-24 05:47:55
43  1  0      0 56300972   2088 2536980    0    0     0    48 2062 1994 21  1 78  0  0 2021-07-24 05:47:56
43  1  0      0 56301096   2088 2536980    0    0     0     0 2039 1912 22  1 77  0  0 2021-07-24 05:47:57
43  4  0      0 56357400   2088 2536980    0    0     0     0 1805 1753 19  1 79  0  0 2021-07-24 05:47:58
43  4  0      0 56312144   2088 2536980    0    0     0     0 2507 2352 25  2 73  0  0 2021-07-24 05:47:59
43  1  0      0 56312396   2088 2536988    0    0     0     0 2783 2162 24  3 73  0  0 2021-07-24 05:48:00
43  1  0      0 56312276   2088 2536988    0    0     0     0 2409 2237 24  2 74  0  0 2021-07-24 05:48:01
43  4  0      0 56312404   2088 2536988    0    0     0     0 2178 2068 23  1 76  0  0 2021-07-24 05:48:02
43  1  0      0 56312532   2088 2536988    0    0     0     0 2352 2157 25  2 73  0  0 2021-07-24 05:48:03
43  1  0      0 56312412   2088 2536988    0    0     0     0 2472 2203 24  3 74  0  0 2021-07-24 05:48:04
43  1  0      0 56310312   2088 2536988    0    0     0     0 2074 1933 22  2 76  0  0 2021-07-24 05:48:05
43  1  0      0 56333900   2088 2536988    0    0     0   112 2544 2323 25  1 74  0  0 2021-07-24 05:48:06
43  4  0      0 56324108   2088 2536988    0    0     0     0 2351 2200 27  1 72  0  0 2021-07-24 05:48:07
43  1  0      0 56325348   2088 2537000    0    0     0     0 2175 2063 23  2 76  0  0 2021-07-24 05:48:08
43  1  0      0 56325348   2088 2537000    0    0     0     0 2377 2217 27  1 72  0  0 2021-07-24 05:48:09
43  1  0      0 58186468   2088 2544576    0    0   316     0 2078 1781 14  3 83  0  0 2021-07-24 05:48:10
43  0  0      0 59290132   2088 2376412    0    0     0     4  862 1072  1  2 97  0  0 2021-07-24 05:48:11
43  0  0      0 59290140   2088 2376412    0    0     0     0  510  903  0  0 100  0  0 2021-07-24 05:48:12
43  0  0      0 59290140   2088 2376412    0    0     0     0  519  932  0  0 100  0  0 2021-07-24 05:48:13
43  0  0      0 59290140   2088 2376412    0    0     0     0  507  894  0  0 100  0  0 2021-07-24 05:48:14
43  0  0      0 59290140   2088 2376412    0    0     0     0  472  843  0  0 100  0  0 2021-07-24 05:48:15
43  0  0      0 59290140   2088 2376412    0    0     0     0  855  906  0  0 100  0  0 2021-07-24 05:48:16
43  0  0      0 59290140   2088 2376412    0    0     0     0  459  790  0  0 100  0  0 2021-07-24 05:48:17
43  0  0      0 59290140   2088 2376412    0    0     0     0  504  891  0  0 100  0  0 2021-07-24 05:48:18
43  0  0      0 59290140   2088 2376416    0    0     0     0  511  908  0  0 100  0  0 2021-07-24 05:48:19
43  0  0      0 59290140   2088 2376416    0    0     0     0  512  908  0  0 100  0  0 2021-07-24 05:48:20
43  0  0      0 59290140   2088 2376416    0    0     0    21  486  872  0  0 100  0  0 2021-07-24 05:48:21
43  0  0      0 59290140   2088 2376416    0    0     0    48  513  908  0  0 100  0  0 2021-07-24 05:48:22
43  0  0      0 59290140   2088 2376416    0    0     0     0  500  909  0  0 100  0  0 2021-07-24 05:48:23
43  0  0      0 59290140   2088 2376416    0    0     0     0  512  915  0  0 100  0  0 2021-07-24 05:48:24
43  0  0      0 59290140   2088 2376416    0    0     0     0  489  876  0  0 100  0  0 2021-07-24 05:48:25
43  1  0      0 59290140   2088 2376416    0    0     0     0  522  915  0  0 100  0  0 2021-07-24 05:48:26
43  0  0      0 59290140   2088 2376416    0    0     0     0  524  924  0  0 100  0  0 2021-07-24 05:48:27
43  0  0      0 59290140   2088 2376416    0    0     0     0  514  904  0  0 100  0  0 2021-07-24 05:48:28
43  0  0      0 59290140   2088 2376416    0    0     0     0  492  874  0  0 100  0  0 2021-07-24 05:48:29
43  0  0      0 59290140   2088 2376416    0    0     0     0  500  880  0  0 100  0  0 2021-07-24 05:48:30
43  0  0      0 59290140   2088 2376416    0    0     0     0  505  903  0  0 100  0  0 2021-07-24 05:48:31
43  0  0      0 59290140   2088 2376416    0    0     0    24  859  924  0  0 100  0  0 2021-07-24 05:48:32
43  0  0      0 59290140   2088 2376416    0    0     0     0  513  903  0  0 100  0  0 2021-07-24 05:48:33
43  0  0      0 59290140   2088 2376416    0    0     0     0  495  886  0  0 100  0  0 2021-07-24 05:48:34
43  0  0      0 59290140   2088 2376416    0    0     0     0  497  900  0  0 100  0  0 2021-07-24 05:48:35
43  0  0      0 59290140   2088 2376416    0    0     0     0  515  911  0  0 100  0  0 2021-07-24 05:48:36
43  0  0      0 59290140   2088 2376416    0    0     0     8  514  906  0  0 100  0  0 2021-07-24 05:48:37
43  0  0      0 59290140   2088 2376416    0    0     0     0  542  947  0  0 100  0  0 2021-07-24 05:48:38
43  0  0      0 59290140   2088 2376416    0    0     0     0  500  880  0  0 100  0  0 2021-07-24 05:48:39
43  0  0      0 59290140   2088 2376416    0    0     0     0  505  895  0  0 100  0  0 2021-07-24 05:48:40
43  0  0      0 59290140   2088 2376416    0    0     0     0  516  916  0  0 100  0  0 2021-07-24 05:48:41
43  0  0      0 59290140   2088 2376416    0    0     0 43760  853  935  0  0 99  0  0 2021-07-24 05:48:42
43  0  0      0 59290172   2088 2376416    0    0     0     0  530  932  0  0 100  0  0 2021-07-24 05:48:43
43  0  0      0 59290172   2088 2376416    0    0     0     0  517  916  0  0 100  0  0 2021-07-24 05:48:44
43  0  0      0 59290048   2088 2376420    0    0     0     0  535  937  0  0 100  0  0 2021-07-24 05:48:45
43  0  0      0 59290048   2088 2376424    0    0     0     0 1046 1550  0  0 100  0  0 2021-07-24 05:48:46
