 0  0      0 59332628   2088 2332260    0    0    33    23  170  166  9  1 90  0  0 2021-07-24 06:10:15
 0  0      0 59332628   2088 2332260    0    0     0     0  465  803  0  0 100  0  0 2021-07-24 06:10:16
 0  0      0 59332496   2088 2332264    0    0     0     0  466  836  0  0 100  0  0 2021-07-24 06:10:17
 0  0      0 59332496   2088 2332264    0    0     0     0  499  890  0  0 100  0  0 2021-07-24 06:10:18
 0  0      0 59332496   2088 2332264    0    0     0     0  462  823  0  0 100  0  0 2021-07-24 06:10:19
 0  0      0 59332496   2088 2332264    0    0     0     0  480  851  0  0 100  0  0 2021-07-24 06:10:20
 0  0      0 59332496   2088 2332264    0    0     0     0  828  867  0  0 100  0  0 2021-07-24 06:10:21
 0  0      0 59332496   2088 2332264    0    0     0    81  470  831  0  0 100  0  0 2021-07-24 06:10:22
 0  0      0 59332496   2088 2332264    0    0     0     0  494  874  0  0 100  0  0 2021-07-24 06:10:23
 0  0      0 59332772   2088 2332264    0    0     0     0  784 1142  0  0 100  0  0 2021-07-24 06:10:24
 0  0      0 59332612   2088 2332272    0    0     0     0  542  916  0  0 100  0  0 2021-07-24 06:10:25
 0  0      0 59332616   2088 2332272    0    0     0     0  555  949  0  0 100  0  0 2021-07-24 06:10:26
 0  0      0 59332616   2088 2332272    0    0     0     0  490  882  0  0 100  0  0 2021-07-24 06:10:27
 0  0      0 59332616   2088 2332272    0    0     0     0  531  928  0  0 100  0  0 2021-07-24 06:10:28
 0  0      0 59332616   2088 2332272    0    0     0     0  493  861  0  0 100  0  0 2021-07-24 06:10:29
 0  0      0 59332616   2088 2332272    0    0     0     0  516  922  0  0 100  0  0 2021-07-24 06:10:30
 0  0      0 59332616   2088 2332272    0    0     0     0  493  889  0  0 100  0  0 2021-07-24 06:10:31
 0  0      0 59332640   2088 2332272    0    0     0   392  587  935  0  0 100  0  0 2021-07-24 06:10:32
 0  0      0 59332600   2088 2332272    0    0     0     0  607 1005  0  0 100  0  0 2021-07-24 06:10:33
 0  0      0 59332600   2088 2332272    0    0     0     0  500  899  0  0 100  0  0 2021-07-24 06:10:34
 0  0      0 59332600   2088 2332272    0    0     0     0  505  899  0  0 100  0  0 2021-07-24 06:10:35
 0  0      0 59332600   2088 2332272    0    0     0     0  519  916  0  0 100  0  0 2021-07-24 06:10:36
 0  0      0 59332600   2088 2332272    0    0     0     0  843  910  0  0 100  0  0 2021-07-24 06:10:37
 0  0      0 59332600   2088 2332272    0    0     0     0  521  926  0  0 100  0  0 2021-07-24 06:10:38
 0  0      0 59332600   2088 2332272    0    0     0     0  505  902  0  0 100  0  0 2021-07-24 06:10:39
 0  0      0 59332600   2088 2332272    0    0     0     0  474  858  0  0 100  0  0 2021-07-24 06:10:40
 0  0      0 59332600   2088 2332272    0    0     0     0  520  916  0  0 100  0  0 2021-07-24 06:10:41
 0  0      0 59332600   2088 2332272    0    0     0     8  513  908  0  0 100  0  0 2021-07-24 06:10:42
 0  0      0 59332600   2088 2332272    0    0     0     0  508  894  0  0 100  0  0 2021-07-24 06:10:43
 0  0      0 59332600   2088 2332272    0    0     0     0  483  863  0  0 100  0  0 2021-07-24 06:10:44
 0  0      0 59332600   2088 2332272    0    0     0     0  501  891  0  0 100  0  0 2021-07-24 06:10:45
 0  0      0 59332600   2088 2332272    0    0     0     0  531  938  0  0 100  0  0 2021-07-24 06:10:46
 0  0      0 59332600   2088 2332272    0    0     0     4  495  884  0  0 100  0  0 2021-07-24 06:10:47
 0  0      0 59332600   2088 2332272    0    0     0     0  530  924  0  0 100  0  0 2021-07-24 06:10:48
 0  0      0 59332600   2088 2332272    0    0     0     0  495  877  0  0 100  0  0 2021-07-24 06:10:49
 0  0      0 59332600   2088 2332272    0    0     0     0  518  912  0  0 100  0  0 2021-07-24 06:10:50
 1  0      0 59259416   2088 2332276    0    0     0     0 2015 1341 11  6 83  0  0 2021-07-24 06:10:51
 0  0      0 59155408   2088 2332284    0    0     0     0 2441 1589 15  7 78  0  0 2021-07-24 06:10:52
 1  0      0 59032812   2088 2332284    0    0     0    25 3300 2735  3  1 96  0  0 2021-07-24 06:10:53
 1  0      0 58357768   2088 2342328    0    0     0     0  906 1012  8  5 87  0  0 2021-07-24 06:10:54
 1  0      0 57631908   2088 2342528    0    0     0     0  784  931  8  4 87  0  0 2021-07-24 06:10:55
 1  0      0 57011872   2088 2342528    0    0     0     0  936  982  9  3 87  0  0 2021-07-24 06:10:56
 4  0      0 56647560   2088 2382192    0    0     0     0 5404 2293 12  4 84  0  0 2021-07-24 06:10:57
 2  0      0 56557396   2088 2382264    0    0     0    36 1620 1610 18  1 80  0  0 2021-07-24 06:10:58
 4  0      0 56460320   2088 2462652    0    0     0     0 1970 1838 20  2 78  0  0 2021-07-24 06:10:59
 1  0      0 56383068   2088 2538044    0    0     0     0 2330 2146 23  2 76  0  0 2021-07-24 06:11:00
 1  0      0 56393856   2088 2538044    0    0     0     0 1822 1713 19  2 80  0  0 2021-07-24 06:11:01
 1  0      0 56393616   2088 2538044    0    0     0     0 2617 2370 26  1 73  0  0 2021-07-24 06:11:02
 4  0      0 56393496   2088 2538044    0    0     0     0 2518 2205 24  3 73  0  0 2021-07-24 06:11:03
 1  0      0 56393376   2088 2538044    0    0     0     0 2310 2009 24  2 74  0  0 2021-07-24 06:11:04
 2  0      0 56377508   2088 2538044    0    0     0     0 2449 2197 24  1 74  0  0 2021-07-24 06:11:05
 4  0      0 56377516   2088 2538056    0    0     0     0 2408 2079 22  3 75  0  0 2021-07-24 06:11:06
 1  0      0 56377520   2088 2538056    0    0     0     0 2460 2185 24  2 74  0  0 2021-07-24 06:11:07
 1  0      0 56315400   2088 2538056    0    0     0     0 2098 1924 20  2 78  0  0 2021-07-24 06:11:08
 4  0      0 56394628   2088 2538076    0    0     0     0 3195 2603 25  2 73  0  0 2021-07-24 06:11:09
 1  0      0 56379128   2088 2538076    0    0     0     0 2565 2460 24  1 75  0  0 2021-07-24 06:11:10
 1  0      0 56345716   2088 2538076    0    0     0     0 2157 2085 21  1 77  0  0 2021-07-24 06:11:11
 1  0      0 56345592   2088 2538084    0    0     0     0 2197 2134 22  1 77  0  0 2021-07-24 06:11:12
 1  0      0 56357124   2088 2538084    0    0     0     0 1938 1807 20  1 78  0  0 2021-07-24 06:11:13
 1  0      0 56374856   2088 2538088    0    0     0     0 1538 1602 17  0 82  0  0 2021-07-24 06:11:14
 2  0      0 56373868   2088 2538088    0    0     0     0 2336 2103 22  2 76  0  0 2021-07-24 06:11:15
 1  0      0 56366308   2088 2538088    0    0     0     0 1726 1687 19  0 80  0  0 2021-07-24 06:11:16
 1  0      0 56359740   2088 2538088    0    0     0     0 2252 2055 23  2 76  0  0 2021-07-24 06:11:17
 2  0      0 56359620   2088 2538088    0    0     0     8 2628 2318 23  3 73  0  0 2021-07-24 06:11:18
 1  0      0 56359132   2088 2538088    0    0     0     0 2622 2152 26  4 71  0  0 2021-07-24 06:11:19
 1  0      0 56359260   2088 2538088    0    0     0     0 2169 2055 21  1 77  0  0 2021-07-24 06:11:20
 1  0      0 56358892   2088 2538096    0    0     0     0 2439 2142 25  2 73  0  0 2021-07-24 06:11:21
 1  0      0 56358024   2088 2538096    0    0     0     0 2252 1892 22  4 74  0  0 2021-07-24 06:11:22
 2  0      0 56358028   2088 2538096    0    0     0     0 2269 1830 23  4 73  0  0 2021-07-24 06:11:23
 1  0      0 56358032   2088 2538096    0    0     0   146 2105 1815 21  4 75  0  0 2021-07-24 06:11:24
 1  0      0 56393624   2088 2538100    0    0     0     0 2069 1874 21  2 77  0  0 2021-07-24 06:11:25
 4  0      0 56364616   2088 2538104    0    0     0     0 3012 2455 25  2 73  0  0 2021-07-24 06:11:26
 1  0      0 56346388   2088 2538104    0    0     0     0 2145 1987 22  1 77  0  0 2021-07-24 06:11:27
 1  0      0 56345964   2088 2538112    0    0     0     8 2593 2376 25  2 73  0  0 2021-07-24 06:11:28
 1  0      0 56357796   2088 2538112    0    0     0     0 1809 1794 20  1 79  0  0 2021-07-24 06:11:29
 1  0      0 56362880   2088 2538112    0    0     0     0 1670 1622 18  1 81  0  0 2021-07-24 06:11:30
 1  0      0 56362140   2088 2538112    0    0     0     0 2208 2036 23  1 76  0  0 2021-07-24 06:11:31
 1  0      0 56362268   2088 2538112    0    0     0     0 2161 2008 22  1 77  0  0 2021-07-24 06:11:32
 1  0      0 56394884   2088 2538112    0    0     0     0 1842 1697 20  1 79  0  0 2021-07-24 06:11:33
 4  0      0 56378396   2088 2538112    0    0     0     0 2688 2360 26  2 72  0  0 2021-07-24 06:11:34
 1  0      0 56379388   2088 2538112    0    0     0     0 2535 2144 25  3 72  0  0 2021-07-24 06:11:35
 1  0      0 56378652   2088 2538120    0    0     0     0 2415 2147 23  2 74  0  0 2021-07-24 06:11:36
 1  0      0 56369232   2088 2538120    0    0     0     0 2347 2087 24  1 74  0  0 2021-07-24 06:11:37
 1  0      0 56357332   2088 2538120    0    0     0    44 2427 2097 24  2 74  0  0 2021-07-24 06:11:38
 1  0      0 56356712   2088 2538120    0    0     0     0 2504 2165 23  3 74  0  0 2021-07-24 06:11:39
 1  0      0 56356724   2088 2538120    0    0     0     0 2241 2033 22  2 76  0  0 2021-07-24 06:11:40
 4  0      0 56389096   2088 2538120    0    0     0     0 2543 2265 24  2 75  0  0 2021-07-24 06:11:41
 4  0      0 56373720   2088 2538120    0    0     0     0 2791 2217 25  1 74  0  0 2021-07-24 06:11:42
 4  0      0 56357100   2088 2538128    0    0     0     0 2218 2034 22  2 76  0  0 2021-07-24 06:11:43
 1  0      0 56357152   2088 2538128    0    0     0   104 2625 2321 27  1 72  0  0 2021-07-24 06:11:44
 1  0      0 56352316   2088 2538128    0    0     0     0 1798 1756 18  2 80  0  0 2021-07-24 06:11:45
 1  0      0 56374140   2088 2538128    0    0     0     0 1452 1530 17  1 83  0  0 2021-07-24 06:11:46
 4  0      0 56373772   2088 2538128    0    0     0     0 2310 2075 24  1 74  0  0 2021-07-24 06:11:47
 1  0      0 56354308   2088 2538128    0    0     0     0 1922 1788 21  1 78  0  0 2021-07-24 06:11:48
 1  0      0 56353196   2088 2538128    0    0     0    12 1987 1890 20  2 79  0  0 2021-07-24 06:11:49
 2  0      0 56352576   2088 2538128    0    0     0     0 2807 2480 27  2 71  0  0 2021-07-24 06:11:50
 2  0      0 56352708   2088 2538136    0    0     0     0 2487 2023 25  4 72  0  0 2021-07-24 06:11:51
 2  0      0 56351720   2088 2538136    0    0     0     0 2091 2014 20  1 79  0  0 2021-07-24 06:11:52
 1  0      0 56351968   2088 2538136    0    0     0     0 2499 2176 24  3 73  0  0 2021-07-24 06:11:53
 4  0      0 56351608   2088 2538136    0    0     0    37 2573 2364 24  1 75  0  0 2021-07-24 06:11:54
 1  0      0 56351860   2088 2538136    0    0     0     0 2396 2106 24  2 74  0  0 2021-07-24 06:11:55
 4  0      0 56387868   2088 2538136    0    0     0     0 2009 1811 21  2 77  0  0 2021-07-24 06:11:56
 4  0      0 56370220   2088 2538144    0    0     0     0 2806 2429 27  2 72  0  0 2021-07-24 06:11:57
 1  0      0 56336000   2088 2538144    0    0     0     0 2671 2183 23  1 76  0  0 2021-07-24 06:11:58
 2  0      0 56335500   2088 2538144    0    0     0     4 2502 2171 27  2 72  0  0 2021-07-24 06:11:59
 1  0      0 56373448   2088 2538144    0    0     0     0 1780 1737 19  1 80  0  0 2021-07-24 06:12:00
 1  0      0 56371340   2088 2538144    0    0     0     0 1849 1713 19  1 79  0  0 2021-07-24 06:12:01
 4  0      0 56341956   2088 2538148    0    0     0     0 1901 1797 20  1 79  0  0 2021-07-24 06:12:02
 1  0      0 56342332   2088 2538148    0    0     0     0 2334 2108 24  2 75  0  0 2021-07-24 06:12:03
 4  0      0 56382072   2088 2538148    0    0     0     0 1526 1565 17  1 82  0  0 2021-07-24 06:12:04
 1  0      0 56356848   2088 2538148    0    0     0     0 2650 2309 25  2 73  0  0 2021-07-24 06:12:05
 1  0      0 56356852   2088 2538156    0    0     0     0 2520 2059 26  3 71  0  0 2021-07-24 06:12:06
 1  0      0 56357104   2088 2538156    0    0     0     0 2648 2286 26  2 72  0  0 2021-07-24 06:12:07
 4  0      0 56348304   2088 2538156    0    0     0     0 2201 2018 23  1 76  0  0 2021-07-24 06:12:08
 4  0      0 56347564   2088 2538156    0    0     0     4 2561 2241 26  1 73  0  0 2021-07-24 06:12:09
 2  0      0 56347568   2088 2538156    0    0     0     0 2781 2445 27  2 71  0  0 2021-07-24 06:12:10
 2  1      0 56347076   2088 2538156    0    0     0     4 2236 1974 22  2 76  0  0 2021-07-24 06:12:11
 2  0      0 56361960   2088 2538156    0    0     0     3 2242 2018 22  2 76  0  0 2021-07-24 06:12:12
 2  0      0 56357876   2088 2538164    0    0     0     0 2552 2266 24  1 74  0  0 2021-07-24 06:12:13
 1  0      0 56351872   2088 2538164    0    0     0    44 2604 2116 22  2 77  0  0 2021-07-24 06:12:14
 4  0      0 56352048   2088 2538164    0    0     0     0 2459 2306 23  1 76  0  0 2021-07-24 06:12:15
 4  0      0 56336172   2088 2538164    0    0     0     0 1970 1774 21  1 77  0  0 2021-07-24 06:12:16
 1  0      0 56344236   2088 2538164    0    0     0     0 1573 1533 19  0 81  0  0 2021-07-24 06:12:17
 4  0      0 56343620   2088 2538164    0    0     0     0 2093 1918 23  1 76  0  0 2021-07-24 06:12:18
 1  0      0 56343996   2088 2538164    0    0     0     0 2054 1971 20  1 79  0  0 2021-07-24 06:12:19
 1  0      0 56375744   2088 2538172    0    0     0     0 2039 1840 21  2 77  0  0 2021-07-24 06:12:20
 1  0      0 56349460   2088 2538172    0    0     0     0 2662 2333 27  1 72  0  0 2021-07-24 06:12:21
 2  0      0 56349464   2088 2538176    0    0     0     0 2656 2195 26  4 70  0  0 2021-07-24 06:12:22
 4  0      0 56349344   2088 2538176    0    0     0     0 2059 1864 22  1 77  0  0 2021-07-24 06:12:23
 1  0      0 56348112   2088 2538176    0    0     0     0 2596 2188 24  3 72  0  0 2021-07-24 06:12:24
 4  0      0 56348116   2088 2538176    0    0     0    92 2401 2233 23  1 76  0  0 2021-07-24 06:12:25
 1  0      0 56348244   2088 2538176    0    0     0     0 2484 2177 25  2 73  0  0 2021-07-24 06:12:26
 4  0      0 56382664   2088 2538184    0    0     0     0 2165 1916 22  2 76  0  0 2021-07-24 06:12:27
 1  0      0 56359044   2088 2538184    0    0     0     0 2733 2368 26  2 72  0  0 2021-07-24 06:12:28
 1  0      0 56357928   2088 2538184    0    0     0     0 2412 2268 23  1 76  0  0 2021-07-24 06:12:29
 4  0      0 56340320   2088 2538184    0    0     0     0 2623 2078 24  1 75  0  0 2021-07-24 06:12:30
 1  0      0 56382664   2088 2538184    0    0     0     0 1865 1804 19  2 80  0  0 2021-07-24 06:12:31
 1  0      0 56377520   2088 2538184    0    0     0     0 1869 1793 18  2 80  0  0 2021-07-24 06:12:32
 1  0      0 56337100   2088 2538184    0    0     0     0 1864 1748 20  1 79  0  0 2021-07-24 06:12:33
 4  0      0 56337228   2088 2538184    0    0     0     0 2548 2257 26  1 73  0  0 2021-07-24 06:12:34
 2  0      0 56379820   2088 2538192    0    0     0     0 1279 1336 16  0 83  0  0 2021-07-24 06:12:35
 2  0      0 56347028   2088 2538192    0    0     0     0 2610 2306 24  2 73  0  0 2021-07-24 06:12:36
 4  0      0 56347284   2088 2538192    0    0     0     0 2545 2084 25  4 72  0  0 2021-07-24 06:12:37
 4  0      0 56347660   2088 2538192    0    0     0     0 2665 2313 27  2 71  0  0 2021-07-24 06:12:38
 4  0      0 56347540   2088 2538196    0    0     0     0 2364 2143 23  2 75  0  0 2021-07-24 06:12:39
 1  0      0 56347544   2088 2538196    0    0     0     0 2332 2082 23  2 75  0  0 2021-07-24 06:12:40
 4  0      0 56347424   2088 2538196    0    0     0     0 2539 2335 24  1 74  0  0 2021-07-24 06:12:41
 4  0      0 56347676   2088 2538204    0    0     0     0 2360 2063 24  2 74  0  0 2021-07-24 06:12:42
 1  0      0 56370496   2088 2538204    0    0     0     0 2218 1963 23  2 75  0  0 2021-07-24 06:12:43
 1  0      0 56350292   2088 2538204    0    0     0     0 2475 2277 23  2 75  0  0 2021-07-24 06:12:44
 4  0      0 56311480   2088 2538208    0    0     0     8 2121 2059 19  2 79  0  0 2021-07-24 06:12:45
 4  0      0 56348056   2088 2538208    0    0     0     0 2751 2334 25  2 73  0  0 2021-07-24 06:12:46
 1  0      0 56343220   2088 2538208    0    0     0     0 2019 1704 21  2 78  0  0 2021-07-24 06:12:47
 1  0      0 56335660   2088 2538208    0    0     0     0 1761 1727 20  1 80  0  0 2021-07-24 06:12:48
 1  0      0 56335168   2088 2538216    0    0     0     0 1958 2063 21  1 78  0  0 2021-07-24 06:12:49
 1  0      0 56334924   2088 2538216    0    0     0     0 2295 2120 22  1 77  0  0 2021-07-24 06:12:50
 1  0      0 56380560   2088 2538216    0    0     0     0 1852 1714 20  1 79  0  0 2021-07-24 06:12:51
 1  0      0 56347828   2088 2538216    0    0     0     0 2584 2338 26  1 72  0  0 2021-07-24 06:12:52
 4  0      0 56347832   2088 2538216    0    0     0     0 2602 2210 25  3 72  0  0 2021-07-24 06:12:53
 1  0      0 56348084   2088 2538216    0    0     0     0 2148 1987 21  2 76  0  0 2021-07-24 06:12:54
 2  0      0 56345856   2088 2538216    0    0     0    48 2672 2283 27  2 71  0  0 2021-07-24 06:12:55
 4  0      0 56344376   2088 2538216    0    0     0     2 2457 2166 24  2 75  0  0 2021-07-24 06:12:56
 1  0      0 56344504   2088 2538224    0    0     0     0 2407 2092 25  1 73  0  0 2021-07-24 06:12:57
 1  0      0 56282632   2088 2538224    0    0     0     0 2168 1904 22  2 75  0  0 2021-07-24 06:12:58
 4  0      0 56348980   2088 2538224    0    0     0     0 2800 2393 28  2 70  0  0 2021-07-24 06:12:59
 4  0      0 56348112   2088 2538224    0    0     0     8 2498 2286 24  1 75  0  0 2021-07-24 06:13:00
 4  0      0 56342284   2088 2538224    0    0     0     0 2171 2054 21  2 77  0  0 2021-07-24 06:13:01
 1  0      0 56342160   2088 2538224    0    0     0     0 2396 2127 25  1 73  0  0 2021-07-24 06:13:02
 1  0      0 56326536   2088 2538232    0    0     0     0 2207 1780 20  1 79  0  0 2021-07-24 06:13:03
 1  0      0 56342532   2088 2538232    0    0     0     0 1564 1542 19  0 81  0  0 2021-07-24 06:13:04
 2  0      0 56342780   2088 2538232    0    0     0     0 2380 2121 24  2 74  0  0 2021-07-24 06:13:05
 1  0      0 56322080   2088 2538232    0    0     0     0 1758 1679 20  0 80  0  0 2021-07-24 06:13:06
 1  0      0 56342792   2088 2538232    0    0     0     0 2227 1962 23  1 75  0  0 2021-07-24 06:13:07
 2  0      0 56342176   2088 2538232    0    0     0     0 2712 2362 25  3 72  0  0 2021-07-24 06:13:08
 1  0      0 56342180   2088 2538232    0    0     0     0 2610 2094 26  3 70  0  0 2021-07-24 06:13:09
 4  0      0 56340080   2088 2538232    0    0     0     0 2375 2152 23  1 76  0  0 2021-07-24 06:13:10
 1  0      0 56340084   2088 2538236    0    0     0     0 2635 2283 26  2 72  0  0 2021-07-24 06:13:11
 1  0      0 56340212   2088 2538248    0    0     0     7 3028 2409 26  1 73  0  0 2021-07-24 06:13:12
 1  0      0 56340092   2088 2538248    0    0     0     0 2419 2108 24  2 74  0  0 2021-07-24 06:13:13
 4  0      0 56352616   2088 2538248    0    0     0     0 1988 1825 19  3 78  0  0 2021-07-24 06:13:14
 1  0      0 56344808   2088 2538252    0    0     0     0 2705 2364 26  1 72  0  0 2021-07-24 06:13:15
 1  0      0 56374260   2088 2538252    0    0     0     0 2359 2122 25  1 75  0  0 2021-07-24 06:13:16
 1  0      0 56341960   2088 2538252    0    0     0     0 2483 2167 25  2 72  0  0 2021-07-24 06:13:17
 1  0      0 56337624   2088 2538252    0    0     0     0 1828 1766 19  1 80  0  0 2021-07-24 06:13:18
 1  0      0 56347420   2088 2538260    0    0     0     0 2233 1842 19  2 80  0  0 2021-07-24 06:13:19
 4  0      0 56315804   2088 2538260    0    0     0     0 1981 1859 21  1 78  0  0 2021-07-24 06:13:20
 1  0      0 56315932   2088 2538260    0    0     0     4 2267 2031 24  1 75  0  0 2021-07-24 06:13:21
 2  0      0 56371360   2088 2538260    0    0     0     0 1559 1574 17  1 82  0  0 2021-07-24 06:13:22
 1  0      0 56338136   2088 2538260    0    0     0     0 2634 2315 25  2 73  0  0 2021-07-24 06:13:23
 1  0      0 56338388   2088 2538260    0    0     0     0 2505 2091 24  4 72  0  0 2021-07-24 06:13:24
 1  0      0 56338516   2088 2538260    0    0     0     0 2652 2316 26  2 72  0  0 2021-07-24 06:13:25
 4  0      0 56338396   2088 2538268    0    0     0    26 2249 2037 23  1 76  0  0 2021-07-24 06:13:26
 1  0      0 56338524   2088 2538268    0    0     0     1 2483 2176 25  2 73  0  0 2021-07-24 06:13:27
 2  0      0 56338404   2088 2538268    0    0     0     0 2921 2242 25  2 72  0  0 2021-07-24 06:13:28
 2  0      0 56337664   2088 2538272    0    0     0     0 2273 2014 22  2 75  0  0 2021-07-24 06:13:29
 1  0      0 56346716   2088 2538272    0    0     0     0 2313 2080 22  2 76  0  0 2021-07-24 06:13:30
 1  0      0 56340608   2088 2538276    0    0     0    56 2475 2235 22  2 76  0  0 2021-07-24 06:13:31
 1  0      0 56338744   2088 2538276    0    0     0     0 2312 2049 24  1 75  0  0 2021-07-24 06:13:32
 1  0      0 56338996   2088 2538284    0    0     0     0 2593 2328 27  1 72  0  0 2021-07-24 06:13:33
 4  0      0 56323224   2088 2538284    0    0     0     0 1886 1817 19  1 80  0  0 2021-07-24 06:13:34
 1  0      0 56313452   2088 2538284    0    0     0     0 1946 1557 19  1 80  0  0 2021-07-24 06:13:35
 4  0      0 56313960   2088 2538284    0    0     0     0 2208 1932 22  1 77  0  0 2021-07-24 06:13:36
 1  0      0 56314004   2088 2538288    0    0     0     0 2166 1975 22  1 77  0  0 2021-07-24 06:13:37
 1  0      0 56364972   2088 2538288    0    0     0     0 2008 1848 20  2 78  0  0 2021-07-24 06:13:38
 4  0      0 56331868   2088 2538288    0    0     0     0 2605 2282 26  2 72  0  0 2021-07-24 06:13:39
 1  0      0 56331996   2088 2538288    0    0     0     0 2559 2139 25  3 71  0  0 2021-07-24 06:13:40
 1  0      0 56330600   2088 2538300    0    0     0     0 2257 1919 22  3 75  0  0 2021-07-24 06:13:41
 2  0      0 56330968   2088 2538300    0    0     0     0 2727 2264 27  2 70  0  0 2021-07-24 06:13:42
 4  0      0 56330232   2088 2538300    0    0     0     0 2466 2205 23  2 75  0  0 2021-07-24 06:13:43
 4  0      0 56332020   2088 2538300    0    0     0     0 2602 2241 23  3 74  0  0 2021-07-24 06:13:44
 1  0      0 56366712   2088 2538300    0    0     0     0 2044 1868 20  2 78  0  0 2021-07-24 06:13:45
 4  0      0 56336424   2088 2538304    0    0     0   224 2766 2398 26  1 73  0  0 2021-07-24 06:13:46
 1  0      0 56335408   2088 2538304    0    0     0     0 2593 2287 27  0 72  0  0 2021-07-24 06:13:47
 4  0      0 56334532   2088 2538312    0    0     0     0 2065 2040 19  1 79  0  0 2021-07-24 06:13:48
 1  0      0 56302412   2088 2538316    0    0     0     0 2213 2002 22  1 77  0  0 2021-07-24 06:13:49
 1  0      0 56261492   2088 2538320    0    0     0     0 1881 1747 19  2 79  0  0 2021-07-24 06:13:50
 2  0      0 56308364   2088 2538320    0    0     0     0 2092 1687 20  1 79  0  0 2021-07-24 06:13:51
 4  0      0 56308248   2088 2538320    0    0     0     0 2510 2163 25  2 73  0  0 2021-07-24 06:13:52
 1  0      0 56308496   2088 2538320    0    0     0     0 1577 1575 19  0 81  0  0 2021-07-24 06:13:53
 4  0      0 56316436   2088 2538320    0    0     0     0 2411 2157 23  2 75  0  0 2021-07-24 06:13:54
 3  0      0 56317448   2088 2538320    0    0     0     0 2712 2284 24  3 73  0  0 2021-07-24 06:13:55
 1  0      0 56317576   2088 2538328    0    0     0     0 2575 2226 24  3 73  0  0 2021-07-24 06:13:56
 1  0      0 56317708   2088 2538328    0    0     0     7 2308 2088 23  1 75  0  0 2021-07-24 06:13:57
 4  0      0 56317712   2088 2538332    0    0     0     0 2475 2192 24  2 74  0  0 2021-07-24 06:13:58
 4  0      0 56317840   2088 2538332    0    0     0     0 2419 2247 23  1 76  0  0 2021-07-24 06:13:59
 1  0      0 56317844   2088 2538332    0    0     0     0 2415 2101 24  2 73  0  0 2021-07-24 06:14:00
 1  0      0 56338548   2088 2538332    0    0     0     0 2212 1952 22  2 76  0  0 2021-07-24 06:14:01
 1  0      0 56325568   2088 2538332    0    0     0    44 2754 2362 27  1 71  0  0 2021-07-24 06:14:02
 1  0      0 56324328   2088 2538340    0    0     0     0 2186 2005 23  1 76  0  0 2021-07-24 06:14:03
 1  0      0 56323456   2088 2538340    0    0     0     0 2601 2310 26  2 72  0  0 2021-07-24 06:14:04
 1  0      0 56303744   2088 2538340    0    0     0     0 1814 1760 20  1 79  0  0 2021-07-24 06:14:05
 1  0      0 56298412   2088 2538340    0    0     0     0 1664 1670 16  2 82  0  0 2021-07-24 06:14:06
 1  0      0 56297548   2088 2538344    0    0     0    60 2638 2051 23  1 76  0  0 2021-07-24 06:14:07
 4  0      0 56297300   2088 2538344    0    0     0     0 2220 1990 23  1 75  0  0 2021-07-24 06:14:08
 1  0      0 56356204   2088 2538344    0    0     0     0 1851 1698 19  2 79  0  0 2021-07-24 06:14:09
 4  0      0 56310824   2088 2538344    0    0     0     0 2609 2352 26  1 73  0  0 2021-07-24 06:14:10
 1  0      0 56310824   2088 2538352    0    0     0     0 2469 2137 24  3 73  0  0 2021-07-24 06:14:11
 1  0      0 56310288   2088 2538352    0    0     0     0 2611 2308 25  2 72  0  0 2021-07-24 06:14:12
 1  0      0 56310416   2088 2538352    0    0     0     0 2348 2151 24  1 75  0  0 2021-07-24 06:14:13
 4  0      0 56310296   2088 2538352    0    0     0     0 2345 2148 23  2 75  0  0 2021-07-24 06:14:14
 5  0      0 56310676   2088 2538352    0    0     0     0 2589 2233 25  3 72  0  0 2021-07-24 06:14:15
 1  0      0 56309812   2088 2538352    0    0     0     0 2202 1980 22  2 76  0  0 2021-07-24 06:14:16
 4  0      0 56335128   2088 2538360    0    0     0     0 2708 2355 23  2 75  0  0 2021-07-24 06:14:17
 1  0      0 56325088   2088 2538364    0    0     0     0 2510 2252 26  1 73  0  0 2021-07-24 06:14:18
 4  0      0 56324220   2088 2538364    0    0     0     0 2185 2033 22  2 76  0  0 2021-07-24 06:14:19
 1  0      0 56323724   2088 2538364    0    0     0     0 2446 2280 25  1 74  0  0 2021-07-24 06:14:20
 1  0      0 56305824   2088 2538364    0    0     0     0 1972 1764 19  2 79  0  0 2021-07-24 06:14:21
 1  0      0 56301780   2088 2538368    0    0     0     0 1659 1585 18  1 82  0  0 2021-07-24 06:14:22
 4  0      0 56301288   2088 2538368    0    0     0     0 2337 2117 23  1 75  0  0 2021-07-24 06:14:23
 1  0      0 56301416   2088 2538368    0    0     0     0 2255 1758 20  1 79  0  0 2021-07-24 06:14:24
 4  0      0 56314192   2088 2538376    0    0     0     0 1889 1775 19  2 79  0  0 2021-07-24 06:14:25
 3  0      0 56312692   2088 2538380    0    0     0     0 2886 2516 27  2 71  0  0 2021-07-24 06:14:26
 2  0      0 56311864   2088 2538380    0    0     0   200 2545 2108 23  4 73  0  0 2021-07-24 06:14:27
 2  0      0 56313340   2088 2538388    0    0     0    46 2406 2106 23  1 76  0  0 2021-07-24 06:14:28
 1  0      0 56314212   2088 2538388    0    0     0     0 2389 2105 22  2 75  0  0 2021-07-24 06:14:29
 1  0      0 56313600   2088 2538388    0    0     0     0 2653 2321 26  2 73  0  0 2021-07-24 06:14:30
 4  0      0 56313480   2088 2538388    0    0     0     0 2420 2099 24  3 74  0  0 2021-07-24 06:14:31
 1  0      0 56331452   2088 2538396    0    0     0     8 2143 1894 20  2 77  0  0 2021-07-24 06:14:32
 1  0      0 56325848   2088 2538396    0    0     0     0 2898 2473 28  1 71  0  0 2021-07-24 06:14:33
 1  0      0 56291424   2088 2538404    0    0     0     0 2518 2251 24  1 75  0  0 2021-07-24 06:14:34
 4  0      0 56324780   2088 2538404    0    0     0     0 2473 2231 25  1 74  0  0 2021-07-24 06:14:35
 1  0      0 56347224   2088 2538404    0    0     0     0 2262 1811 20  2 78  0  0 2021-07-24 06:14:36
 4  0      0 56330608   2088 2538404    0    0     0     0 1782 1691 18  2 81  0  0 2021-07-24 06:14:37
 1  0      0 56297212   2088 2538408    0    0     0    43 2029 1892 19  2 80  0  0 2021-07-24 06:14:38
 1  0      0 56298836   2088 2538408    0    0     0     0 2723 2352 26  1 73  0  0 2021-07-24 06:14:39
 1  0      0 56354548   2088 2538424    0    0     0     0 1733 1415 17  1 83  0  0 2021-07-24 06:14:40
 1  0      0 56312648   2088 2538424    0    0     0     0 2487 2185 23  2 75  0  0 2021-07-24 06:14:41
 1  0      0 56312528   2088 2538424    0    0     0     0 2478 2087 24  3 72  0  0 2021-07-24 06:14:42
 4  0      0 56310996   2088 2538424    0    0     0    44 2706 2321 25  3 73  0  0 2021-07-24 06:14:43
 1  0      0 56310484   2088 2538424    0    0     0     0 2427 2217 23  1 75  0  0 2021-07-24 06:14:44
 4  0      0 56311056   2088 2538428    0    0     0     0 2510 2123 24  2 74  0  0 2021-07-24 06:14:45
 4  0      0 56311056   2088 2538428    0    0     0     0 2563 2332 25  1 74  0  0 2021-07-24 06:14:46
 5  0      0 56236412   2088 2538436    0    0     0     0 2311 2088 22  3 75  0  0 2021-07-24 06:14:47
 4  0      0 56304000   2088 2538440    0    0     0     8 2214 2021 21  2 77  0  0 2021-07-24 06:14:48
 1  0      0 56321324   2088 2538440    0    0     0     0 2599 2254 24  2 75  0  0 2021-07-24 06:14:49
 2  0      0 56320100   2088 2538440    0    0     0     0 2524 2142 23  2 74  0  0 2021-07-24 06:14:50
 1  0      0 56320748   2088 2538440    0    0     0     0 2519 2312 24  1 74  0  0 2021-07-24 06:14:51
 1  0      0 56300040   2088 2538440    0    0     0     0 1855 1729 20  2 78  0  0 2021-07-24 06:14:52
 4  0      0 56295456   2088 2538440    0    0     0     0 1702 1664 18  1 81  0  0 2021-07-24 06:14:53
 1  0      0 56292936   2088 2538456    0    0     0     0 2048 1897 20  1 79  0  0 2021-07-24 06:14:54
 1  0      0 56292940   2088 2538460    0    0     0     0 2421 2202 23  1 75  0  0 2021-07-24 06:14:55
 1  0      0 56349164   2088 2538460    0    0     0     0 2350 1845 19  1 79  0  0 2021-07-24 06:14:56
 1  0      0 56308868   2088 2538460    0    0     0     0 2594 2318 25  1 73  0  0 2021-07-24 06:14:57
 1  0      0 56308948   2088 2538460    0    0     0   304 2635 2198 25  3 72  0  0 2021-07-24 06:14:58
 1  0      0 56308828   2088 2538460    0    0     0    38 2287 2070 22  3 75  0  0 2021-07-24 06:14:59
 2  0      0 56306680   2088 2538464    0    0     0    21 2616 2327 23  2 75  0  0 2021-07-24 06:15:00
 1  0      0 56308852   2088 2538472    0    0     0     0 2582 2182 24  2 74  0  0 2021-07-24 06:15:01
 1  0      0 56308360   2088 2538480    0    0     0     0 2437 2172 24  2 74  0  0 2021-07-24 06:15:02
 1  0      0 56258392   2088 2538484    0    0     0     8 2133 1933 22  2 76  0  0 2021-07-24 06:15:03
 1  0      0 56323252   2088 2538484    0    0     0     0 2605 2357 23  2 75  0  0 2021-07-24 06:15:04
 4  0      0 56320848   2088 2538488    0    0     0     0 2735 2352 28  1 72  0  0 2021-07-24 06:15:05
 4  0      0 56320528   2088 2538488    0    0     0     0 2453 2163 23  1 76  0  0 2021-07-24 06:15:06
 1  0      0 56317676   2088 2538488    0    0     0     0 2258 2108 23  1 76  0  0 2021-07-24 06:15:07
 1  0      0 56299572   2088 2538492    0    0     0    12 1878 1784 19  2 80  0  0 2021-07-24 06:15:08
 1  0      0 56295728   2088 2538500    0    0     0     0 1543 1581 18  1 82  0  0 2021-07-24 06:15:09
 2  0      0 56293700   2088 2538500    0    0     0     0 2527 2231 23  2 75  0  0 2021-07-24 06:15:10
 1  0      0 56293584   2088 2538504    0    0     0     0 1839 1816 19  0 81  0  0 2021-07-24 06:15:11
 1  0      0 56307772   2088 2538504    0    0     0     0 2784 2185 21  2 76  0  0 2021-07-24 06:15:12
 2  0      0 56307148   2088 2538504    0    0     0    24 2888 2498 26  3 70  0  0 2021-07-24 06:15:13
 1  0      0 56306784   2088 2538504    0    0     0     0 2469 2079 24  3 74  0  0 2021-07-24 06:15:14
 1  0      0 56307280   2088 2538508    0    0     0     0 2208 2036 22  1 77  0  0 2021-07-24 06:15:15
 4  0      0 56305012   2088 2538508    0    0     0     0 2661 2229 26  2 72  0  0 2021-07-24 06:15:16
 1  0      0 56307172   2088 2538584    0    0     0     0 2707 2366 24  1 74  0  0 2021-07-24 06:15:17
 1  0      0 56306680   2088 2538584    0    0     0     0 2569 2248 25  2 73  0  0 2021-07-24 06:15:18
 4  0      0 56330244   2088 2538584    0    0     0    44 2044 1794 21  2 77  0  0 2021-07-24 06:15:19
 1  0      0 56321696   2088 2538584    0    0     0     0 2712 2353 25  2 73  0  0 2021-07-24 06:15:20
 4  0      0 56350300   2088 2538584    0    0     0     0 2525 2200 24  1 75  0  0 2021-07-24 06:15:21
 1  0      0 56319216   2088 2538592    0    0     0    17 2643 2335 23  2 75  0  0 2021-07-24 06:15:22
 1  0      0 56299380   2088 2538592    0    0     0     0 1865 1782 20  1 79  0  0 2021-07-24 06:15:23
 1  0      0 56324908   2088 2538604    0    0     0    16 1898 1801 19  1 79  0  0 2021-07-24 06:15:24
 4  0      0 56293536   2088 2538604    0    0     0     0 1980 1837 21  1 78  0  0 2021-07-24 06:15:25
 1  0      0 56292420   2088 2538604    0    0     0     0 2486 2054 26  1 73  0  0 2021-07-24 06:15:26
 2  0      0 56349300   2088 2538604    0    0     0     0 1730 1632 19  1 80  0  0 2021-07-24 06:15:27
 1  0      0 56305336   2088 2538608    0    0     0     0 3214 2482 25  2 73  0  0 2021-07-24 06:15:28
 4  0      0 56305340   2088 2538608    0    0     0    89 2615 2186 26  3 71  0  0 2021-07-24 06:15:29
 4  0      0 56305468   2088 2538612    0    0     0     0 2607 2294 25  2 73  0  0 2021-07-24 06:15:30
 4  0      0 56306340   2088 2538620    0    0     0     0 2224 2050 23  1 76  0  0 2021-07-24 06:15:31
 1  0      0 56303944   2088 2538620    0    0     0     0 2580 2222 25  2 73  0  0 2021-07-24 06:15:32
 2  0      0 56305208   2088 2538624    0    0     0     0 2749 2340 25  3 72  0  0 2021-07-24 06:15:33
 1  0      0 56305560   2088 2538624    0    0     0   380 2340 2100 22  3 75  0  0 2021-07-24 06:15:34
 1  0      0 56328252   2088 2538624    0    0     0     0 2233 2111 22  1 76  0  0 2021-07-24 06:15:35
 4  0      0 56317224   2088 2538624    0    0     0     0 2487 2207 25  2 74  0  0 2021-07-24 06:15:36
 1  0      0 56314552   2088 2538628    0    0     0     0 2275 2063 23  1 75  0  0 2021-07-24 06:15:37
 4  0      0 56314204   2088 2538636    0    0     0     0 2687 2473 28  1 71  0  0 2021-07-24 06:15:38
 1  0      0 56295620   2088 2538644    0    0     0     0 2093 1902 21  2 78  0  0 2021-07-24 06:15:39
 1  0      0 56291036   2088 2538644    0    0     0     0 1411 1431 18  0 82  0  0 2021-07-24 06:15:40
 4  0      0 56290544   2088 2538644    0    0     0     0 2033 1971 21  1 77  0  0 2021-07-24 06:15:41
 1  0      0 56290672   2088 2538644    0    0     0     0 2135 1978 24  1 75  0  0 2021-07-24 06:15:42
 1  0      0 56333536   2088 2538644    0    0     0     0 2014 1851 20  2 78  0  0 2021-07-24 06:15:43
 1  0      0 56306060   2088 2538648    0    0     0    52 3010 2517 27  1 72  0  0 2021-07-24 06:15:44
 2  0      0 56306064   2088 2538648    0    0     0     0 2688 2112 25  4 71  0  0 2021-07-24 06:15:45
 4  0      0 56305944   2088 2538660    0    0     0     0 2050 1887 21  1 77  0  0 2021-07-24 06:15:46
 1  0      0 56306196   2088 2538660    0    0     0     0 2566 2181 26  3 70  0  0 2021-07-24 06:15:47
 4  0      0 56304300   2088 2538664    0    0     0     0 2553 2305 26  1 73  0  0 2021-07-24 06:15:48
 1  0      0 56304328   2088 2538664    0    0     0     4 2514 2233 26  2 72  0  0 2021-07-24 06:15:49
 1  0      0 56350328   2088 2538664    0    0     0     0 2254 1965 22  2 76  0  0 2021-07-24 06:15:50
 4  0      0 56321348   2088 2538664    0    0     0     0 2687 2385 27  2 71  0  0 2021-07-24 06:15:51
 1  0      0 56320236   2088 2538668    0    0     0     0 2432 2282 25  1 74  0  0 2021-07-24 06:15:52
 1  0      0 56315880   2088 2538676    0    0     0     0 2226 2070 22  1 77  0  0 2021-07-24 06:15:53
 1  0      0 56240832   2088 2538680    0    0     0    48 2027 1981 21  1 77  0  0 2021-07-24 06:15:54
 4  0      0 56239640   2088 2538684    0    0     0     0 1980 1853 18  2 80  0  0 2021-07-24 06:15:55
 4  0      0 56292712   2088 2538684    0    0     0     0 1790 1755 19  2 80  0  0 2021-07-24 06:15:56
 4  0      0 56292716   2088 2538684    0    0     0     0 2749 2174 26  1 72  0  0 2021-07-24 06:15:57
 1  0      0 56236176   2088 2538684    0    0     0     0 1367 1482 16  1 83  0  0 2021-07-24 06:15:58
 2  0      0 56305204   2088 2538692    0    0     0     0 2680 2326 27  1 72  0  0 2021-07-24 06:15:59
 2  0      0 56306172   2088 2538692    0    0     0    22 2650 2221 23  4 73  0  0 2021-07-24 06:16:00
 4  0      0 56306376   2088 2538700    0    0     0     0 2817 2268 24  2 74  0  0 2021-07-24 06:16:01
 1  0      0 56306752   2088 2538700    0    0     0     0 2231 2110 24  1 75  0  0 2021-07-24 06:16:02
 1  0      0 56306388   2088 2538700    0    0     0     0 2429 2152 26  2 73  0  0 2021-07-24 06:16:03
 1  0      0 56305012   2088 2538700    0    0     0     0 2483 2271 23  2 76  0  0 2021-07-24 06:16:04
 1  0      0 56304864   2088 2538704    0    0     0     8 2393 2191 23  2 75  0  0 2021-07-24 06:16:05
 1  0      0 56330460   2088 2538708    0    0     0    24 2286 2060 21  2 77  0  0 2021-07-24 06:16:06
 4  0      0 56320920   2088 2538708    0    0     0     0 2572 2362 24  2 74  0  0 2021-07-24 06:16:07
 1  0      0 56317936   2088 2538716    0    0     0     0 2130 2010 23  1 75  0  0 2021-07-24 06:16:08
 1  0      0 56317068   2088 2538716    0    0     0     0 2663 2360 27  2 71  0  0 2021-07-24 06:16:09
 1  0      0 56297884   2088 2538716    0    0     0   284 1897 1819 19  1 80  0  0 2021-07-24 06:16:10
 0  0      0 59286612   2088 2377820    0    0     0     0 2099 1703  7  4 89  0  0 2021-07-24 06:16:11
 0  0      0 59286752   2088 2377820    0    0     0     0  503  892  0  0 100  0  0 2021-07-24 06:16:12
 0  0      0 59286752   2088 2377820    0    0     0     0  572  974  0  0 100  0  0 2021-07-24 06:16:13
 0  0      0 59286752   2088 2377828    0    0     0     0  643 1083  0  0 100  0  0 2021-07-24 06:16:14
 0  0      0 59285980   2088 2377828    0    0     0    60  616  942  0  0 100  0  0 2021-07-24 06:16:15
 0  0      0 59285344   2088 2377828    0    0     0     0  561  952  0  0 100  0  0 2021-07-24 06:16:16
 0  0      0 59286996   2088 2377832    0    0     0     0 1007  992  0  0 100  0  0 2021-07-24 06:16:17
 0  0      0 59287004   2088 2377832    0    0     0     0  539  935  0  0 100  0  0 2021-07-24 06:16:18
 0  0      0 59287004   2088 2377836    0    0     0     0  508  901  0  0 100  0  0 2021-07-24 06:16:19
 0  0      0 59287004   2088 2377836    0    0     0    16  498  887  0  0 100  0  0 2021-07-24 06:16:20
 0  0      0 59285968   2088 2377836    0    0     0     0  664  998  0  0 100  0  0 2021-07-24 06:16:21
 0  0      0 59287256   2088 2377840    0    0     0     0  705 1014  0  0 100  0  0 2021-07-24 06:16:22
 0  0      0 59287256   2088 2377840    0    0     0     0  513  897  0  0 100  0  0 2021-07-24 06:16:23
 0  0      0 59287256   2088 2377840    0    0     0     0  515  901  0  0 100  0  0 2021-07-24 06:16:24
 0  0      0 59287256   2088 2377840    0    0     0     4  519  908  0  0 100  0  0 2021-07-24 06:16:25
 0  0      0 59286132   2088 2377840    0    0     0     0  650  971  0  0 100  0  0 2021-07-24 06:16:26
 0  0      0 59287640   2088 2377848    0    0     0     0  699 1025  0  0 100  0  0 2021-07-24 06:16:27
 0  0      0 59287516   2088 2377848    0    0     0     0  542  950  0  0 100  0  0 2021-07-24 06:16:28
 0  0      0 59287516   2088 2377848    0    0     0     0  516  900  0  0 100  0  0 2021-07-24 06:16:29
 0  0      0 59287516   2088 2377848    0    0     0     0  513  903  0  0 100  0  0 2021-07-24 06:16:30
 0  0      0 59285888   2088 2377848    0    0     0    94  638  984  0  0 100  0  0 2021-07-24 06:16:31
 0  0      0 59285240   2088 2377848    0    0     0     0  576  941  0  0 100  0  0 2021-07-24 06:16:32
 0  0      0 59287148   2088 2377852    0    0     0     0 1026  978  0  0 100  0  0 2021-07-24 06:16:33
 0  0      0 59287148   2088 2377856    0    0     0     0  511  906  0  0 100  0  0 2021-07-24 06:16:34
 0  0      0 59287148   2088 2377856    0    0     0    28  518  905  0  0 100  0  0 2021-07-24 06:16:35
 0  0      0 59287148   2088 2377856    0    0     0     0  502  875  0  0 100  0  0 2021-07-24 06:16:36
 0  0      0 59285988   2088 2377856    0    0     0     0  635  955  0  0 100  0  0 2021-07-24 06:16:37
 0  0      0 59286876   2088 2377856    0    0     0     0  735 1060  0  0 100  0  0 2021-07-24 06:16:38
 0  0      0 59287152   2088 2377856    0    0     0     0  534  931  0  0 100  0  0 2021-07-24 06:16:39
 0  0      0 59287152   2088 2377856    0    0     0     8  539  937  0  0 100  0  0 2021-07-24 06:16:40
 0  0      0 59287152   2088 2377860    0    0     0     0  520  914  0  0 100  0  0 2021-07-24 06:16:41
 0  0      0 59286020   2088 2377864    0    0     0     0  639  951  0  0 100  0  0 2021-07-24 06:16:42
 0  0      0 59286976   2088 2377864    0    0     0     0  693 1000  0  0 100  0  0 2021-07-24 06:16:43
 0  0      0 59287156   2088 2377864    0    0     0     0  492  885  0  0 100  0  0 2021-07-24 06:16:44
 0  0      0 59287156   2088 2377864    0    0     0     0  533  936  0  0 100  0  0 2021-07-24 06:16:45
 0  0      0 59287156   2088 2377864    0    0     0 44000  877  920  0  0 99  1  0 2021-07-24 06:16:46
 0  0      0 59286064   2088 2377868    0    0     0     0  629  977  0  0 100  0  0 2021-07-24 06:16:47
 0  0      0 59285788   2088 2377872    0    0     0     0  626 1036  0  0 100  0  0 2021-07-24 06:16:48
 0  0      0 59287696   2088 2377872    0    0     0     0 1036 1018  0  0 100  0  0 2021-07-24 06:16:49
 0  0      0 59287696   2088 2377872    0    0     0     0  513  896  0  0 100  0  0 2021-07-24 06:16:50
 0  0      0 59287696   2088 2377876    0    0     0    16  517  911  0  0 100  0  0 2021-07-24 06:16:51
 0  0      0 59287696   2088 2377876    0    0     0     0  511  901  0  0 100  0  0 2021-07-24 06:16:52
 0  0      0 59285916   2088 2377884    0    0     0    11  679 1013  0  0 100  0  0 2021-07-24 06:16:53
 0  0      0 59287444   2088 2377888    0    0     0     0  733 1051  0  0 100  0  0 2021-07-24 06:16:54
 0  0      0 59287444   2088 2377888    0    0     0     0  511  912  0  0 100  0  0 2021-07-24 06:16:55
 0  0      0 59287444   2088 2377888    0    0     0     0  519  900  0  0 100  0  0 2021-07-24 06:16:56
 0  0      0 59287444   2088 2377888    0    0     0     0  514  913  0  0 100  0  0 2021-07-24 06:16:57
 0  0      0 59286320   2088 2377888    0    0     0     0  666 1016  0  0 100  0  0 2021-07-24 06:16:58
 0  0      0 59286440   2088 2377896    0    0     0     0  607  985  0  0 100  0  0 2021-07-24 06:16:59
 0  0      0 59287076   2088 2377896    0    0     0     0  634  939  0  0 100  0  0 2021-07-24 06:17:00
 0  0      0 59287076   2088 2377896    0    0     0   129  529  933  0  0 100  0  0 2021-07-24 06:17:01
 0  0      0 59287084   2088 2377900    0    0     0     0  519  917  0  0 100  0  0 2021-07-24 06:17:02
 0  0      0 59285836   2088 2377900    0    0     0     0  599  921  0  0 100  0  0 2021-07-24 06:17:03
 0  0      0 59285552   2088 2377900    0    0     0     0  559  936  0  0 100  0  0 2021-07-24 06:17:04
 0  0      0 59286848   2088 2377900    0    0     0     0 1052 1012  0  0 100  0  0 2021-07-24 06:17:05
