#Date       Time        gpu rxpci txpci    sm   mem   enc   dec
#YYYYMMDD   HH:MM:SS    Idx  MB/s  MB/s     %     %     %     %
 20210724   04:36:27      0     0     0     0     0     0     0
 20210724   04:36:28      0     0     0     0     0     0     0
 20210724   04:36:29      0     0     0     0     0     0     0
 20210724   04:36:30      0     0     0     0     0     0     0
 20210724   04:36:31      0     0     0     0     0     0     0
 20210724   04:36:33      0     0     0     0     0     0     0
 20210724   04:36:34      0     0     0     0     0     0     0
 20210724   04:36:35      0     0     0     0     0     0     0
 20210724   04:36:36      0     0     0     0     0     0     0
 20210724   04:36:37      0     0     0     0     0     0     0
 20210724   04:36:38      0     0     0     0     0     0     0
 20210724   04:36:39      0     0     0     0     0     0     0
 20210724   04:36:40      0     0     0     0     0     0     0
 20210724   04:36:41      0     0     0     0     0     0     0
 20210724   04:36:42      0     0     0     0     0     0     0
 20210724   04:36:43      0     0     0     0     0     0     0
 20210724   04:36:45      0     0     0     0     0     0     0
 20210724   04:36:46      0     0     0     0     0     0     0
 20210724   04:36:47      0     0     0     0     0     0     0
 20210724   04:36:48      0     0     0     0     0     0     0
 20210724   04:36:49      0     0     0     0     0     0     0
 20210724   04:36:50      0     0     0     0     0     0     0
 20210724   04:36:51      0     0     0     0     0     0     0
 20210724   04:36:52      0     0     0     0     0     0     0
 20210724   04:36:54      0     0     0     0     0     0     0
 20210724   04:36:55      0     0     0     0     0     0     0
 20210724   04:36:56      0     0     0     0     0     0     0
 20210724   04:36:57      0     0     0     0     0     0     0
 20210724   04:36:58      0     0     0     0     0     0     0
 20210724   04:36:59      0     0     0     0     0     0     0
 20210724   04:37:00      0     0     0     0     0     0     0
 20210724   04:37:01      0     0     0     0     0     0     0
 20210724   04:37:02      0     0     0     0     0     0     0
 20210724   04:37:03      0     0     0     0     0     0     0
 20210724   04:37:05      0     0     0     0     0     0     0
 20210724   04:37:06      0     0     0     0     0     0     0
 20210724   04:37:07      0     0     0     0     0     0     0
 20210724   04:37:08      0     0     0     0     0     0     0
 20210724   04:37:09      0     0     0     0     0     0     0
 20210724   04:37:10      0     0     0     0     0     0     0
 20210724   04:37:11      0     0     0     0     0     0     0
 20210724   04:37:12      0     0     0     0     0     0     0
 20210724   04:37:13      0     0     0     0     0     0     0
 20210724   04:37:14      0     0     0     0     0     0     0
#Date       Time        gpu rxpci txpci    sm   mem   enc   dec
#YYYYMMDD   HH:MM:SS    Idx  MB/s  MB/s     %     %     %     %
 20210724   04:37:15      0     0     0     0     0     0     0
 20210724   04:37:16      0     0     0     0     0     0     0
 20210724   04:37:17      0     0     0     0     0     0     0
 20210724   04:37:19      0     0     0     0     0     0     0
 20210724   04:37:20      0     0     0     0     0     0     0
 20210724   04:37:21      0     0     0     0     0     0     0
 20210724   04:37:22      0     0     0     0     0     0     0
 20210724   04:37:23      0     0     0     0     0     0     0
 20210724   04:37:24      0     0     0     0     0     0     0
 20210724   04:37:25      0     0     0     0     0     0     0
 20210724   04:37:26      0     0     0     0     0     0     0
 20210724   04:37:27      0     0     0     0     0     0     0
 20210724   04:37:28      0     0     0     0     0     0     0
 20210724   04:37:30      0     0     0     0     0     0     0
 20210724   04:37:31      0     0     0     0     0     0     0
 20210724   04:37:32      0     0     0     0     0     0     0
 20210724   04:37:33      0     0     0     0     0     0     0
 20210724   04:37:34      0     0     0     0     0     0     0
 20210724   04:37:35      0     0     0     0     0     0     0
 20210724   04:37:36      0     0     0     0     0     0     0
 20210724   04:37:37      0     0     0     0     0     0     0
 20210724   04:37:38      0     0     0     0     0     0     0
 20210724   04:37:40      0     0     0     0     0     0     0
 20210724   04:37:41      0     0     0     0     0     0     0
 20210724   04:37:42      0     0     0     0     0     0     0
 20210724   04:37:43      0     0     0     0     0     0     0
 20210724   04:37:44      0     0     0     0     0     0     0
 20210724   04:37:45      0     0     0     0     0     0     0
 20210724   04:37:46      0     0     0     0     0     0     0
 20210724   04:37:47      0     0     0     0     0     0     0
 20210724   04:37:48      0     0     0     0     0     0     0
 20210724   04:37:49      0     0     0     0     0     0     0
 20210724   04:37:51      0     0     0     0     0     0     0
 20210724   04:37:52      0     0     0     0     0     0     0
 20210724   04:37:53      0     0     0     0     0     0     0
 20210724   04:37:54      0     0     0     0     0     0     0
 20210724   04:37:55      0     0     0     0     0     0     0
 20210724   04:37:56      0     0     0     0     0     0     0
 20210724   04:37:57      0     0     0     0     0     0     0
 20210724   04:37:58      0     0     0     0     0     0     0
 20210724   04:37:59      0     0     0     0     0     0     0
 20210724   04:38:01      0     0     0     0     0     0     0
 20210724   04:38:02      0     0     0     0     0     0     0
 20210724   04:38:03      0     0     0     0     0     0     0
#Date       Time        gpu rxpci txpci    sm   mem   enc   dec
#YYYYMMDD   HH:MM:SS    Idx  MB/s  MB/s     %     %     %     %
 20210724   04:38:04      0     0     0     0     0     0     0
 20210724   04:38:05      0     0     0     0     0     0     0
 20210724   04:38:06      0     0     0     0     0     0     0
 20210724   04:38:07      0     0     0     0     0     0     0
 20210724   04:38:08      0     0     0     0     0     0     0
 20210724   04:38:09      0     0     0     0     0     0     0
 20210724   04:38:10      0     0     0     0     0     0     0
 20210724   04:38:12      0     0     0     0     0     0     0
 20210724   04:38:13      0     0     0     0     0     0     0
 20210724   04:38:14      0     0     0     0     0     0     0
 20210724   04:38:15      0     0     0     0     0     0     0
 20210724   04:38:16      0     0     0     0     0     0     0
 20210724   04:38:17      0     0     0     0     0     0     0
 20210724   04:38:18      0     0     0     0     0     0     0
 20210724   04:38:19      0     0     0     0     0     0     0
 20210724   04:38:20      0     0     0     0     0     0     0
 20210724   04:38:21      0     0     0     0     0     0     0
 20210724   04:38:22      0     0     0     0     0     0     0
 20210724   04:38:24      0     0     0     0     0     0     0
 20210724   04:38:25      0     0     0     0     0     0     0
 20210724   04:38:26      0     0     0     0     0     0     0
 20210724   04:38:27      0     0     0     0     0     0     0
 20210724   04:38:28      0     0     0     0     0     0     0
 20210724   04:38:29      0     0     0     0     0     0     0
 20210724   04:38:30      0     0     0     0     0     0     0
 20210724   04:38:31      0     0     0     0     0     0     0
 20210724   04:38:32      0     0     0     0     0     0     0
 20210724   04:38:33      0     0     0     0     0     0     0
 20210724   04:38:34      0     0     0     0     0     0     0
 20210724   04:38:36      0     0     0     0     0     0     0
 20210724   04:38:37      0     0     0     0     0     0     0
 20210724   04:38:38      0     0     0     0     0     0     0
 20210724   04:38:39      0     0     0     0     0     0     0
 20210724   04:38:40      0     0     0     0     0     0     0
 20210724   04:38:41      0     0     0     0     0     0     0
 20210724   04:38:42      0     0     0     0     0     0     0
 20210724   04:38:43      0     0     0     0     0     0     0
 20210724   04:38:44      0     0     0     0     0     0     0
 20210724   04:38:45      0     0     0     0     0     0     0
 20210724   04:38:47      0     0     0     0     0     0     0
 20210724   04:38:48      0     0     0     0     0     0     0
 20210724   04:38:49      0     0     0     0     0     0     0
 20210724   04:38:50      0     0     0     0     0     0     0
 20210724   04:38:51      0     0     0     0     0     0     0
#Date       Time        gpu rxpci txpci    sm   mem   enc   dec
#YYYYMMDD   HH:MM:SS    Idx  MB/s  MB/s     %     %     %     %
 20210724   04:38:52      0     0     0     0     0     0     0
 20210724   04:38:53      0     0     0     0     0     0     0
 20210724   04:38:54      0     0     0     0     0     0     0
 20210724   04:38:56      0     0     0     0     0     0     0
 20210724   04:38:57      0     0     0     0     0     0     0
 20210724   04:38:58      0     0     0     0     0     0     0
 20210724   04:38:59      0     0     0     0     0     0     0
 20210724   04:39:00      0     0     0     0     0     0     0
 20210724   04:39:01      0     0     0     0     0     0     0
 20210724   04:39:02      0     0     0     0     0     0     0
 20210724   04:39:03      0   307     0     4     0     0     0
 20210724   04:39:04      0   558    18     3     0     0     0
 20210724   04:39:05      0   401     0     3     0     0     0
 20210724   04:39:06      0     0     0     0     0     0     0
 20210724   04:39:08      0     0     0     0     0     0     0
 20210724   04:39:09      0  1376     0     0     0     0     0
 20210724   04:39:10      0     0     0     0     0     0     0
 20210724   04:39:11      0    25    94     0     0     0     0
 20210724   04:39:12      0     0     0    31     0     0     0
 20210724   04:39:13      0     0     0     0     0     0     0
 20210724   04:39:14      0     0   612     0     0     0     0
 20210724   04:39:15      0     0     0    42    28     0     0
 20210724   04:39:17      0     0     0     0     0     0     0
 20210724   04:39:18      0     0     0     0     0     0     0
 20210724   04:39:19      0     0     0     0     0     0     0
 20210724   04:39:20      0   844   668     0     0     0     0
 20210724   04:39:21      0     0     0     0     0     0     0
 20210724   04:39:22      0     0     0     4     1     0     0
 20210724   04:39:23      0     0     0     0     0     0     0
 20210724   04:39:24      0  3501   445    12     6     0     0
 20210724   04:39:25      0     0     0     0     0     0     0
 20210724   04:39:26      0  3546   474     1     0     0     0
 20210724   04:39:27      0     0     0    86     0     0     0
 20210724   04:39:29      0     0     0     0     0     0     0
 20210724   04:39:30      0     0     0     0     0     0     0
 20210724   04:39:31      0  3866   465     7     2     0     0
 20210724   04:39:32      0     0     0    39     0     0     0
 20210724   04:39:33      0     0     0     0     0     0     0
 20210724   04:39:34      0     0     0     0     0     0     0
 20210724   04:39:35      0     0     0     0     0     0     0
 20210724   04:39:36      0     0     0    39    25     0     0
 20210724   04:39:37      0    28     3     0     0     0     0
 20210724   04:39:38      0     0     0     0     0     0     0
 20210724   04:39:40      0     0   161     0     0     0     0
#Date       Time        gpu rxpci txpci    sm   mem   enc   dec
#YYYYMMDD   HH:MM:SS    Idx  MB/s  MB/s     %     %     %     %
 20210724   04:39:41      0     0     0     0     0     0     0
 20210724   04:39:42      0     0   527     0     0     0     0
 20210724   04:39:43      0     0     0    48     0     0     0
 20210724   04:39:44      0     0     0     0     0     0     0
 20210724   04:39:45      0     0     0     0     0     0     0
 20210724   04:39:46      0  3845   461     0     0     0     0
 20210724   04:39:47      0     0     0     0     0     0     0
 20210724   04:39:49      0     0     0     0     0     0     0
 20210724   04:39:50      0     0     0     0     0     0     0
 20210724   04:39:51      0     0     0     0     0     0     0
 20210724   04:39:52      0     0     0     8     5     0     0
 20210724   04:39:53      0    29     3     6     1     0     0
 20210724   04:39:54      0     0     0     0     0     0     0
 20210724   04:39:55      0     0     0     0     0     0     0
 20210724   04:39:56      0     0     0     0     0     0     0
 20210724   04:39:57      0     0     0     0     0     0     0
 20210724   04:39:58      0  3416   386     0     0     0     0
 20210724   04:39:59      0     0     0    16     0     0     0
 20210724   04:40:00      0     0     0     0     0     0     0
 20210724   04:40:02      0     0     0     0     0     0     0
 20210724   04:40:03      0  3645   426     0     0     0     0
 20210724   04:40:04      0     0     0    71    28     0     0
 20210724   04:40:05      0  3394   220    47    32     0     0
 20210724   04:40:06      0     0     0    39    25     0     0
 20210724   04:40:07      0     0     0     0     0     0     0
 20210724   04:40:08      0     0     0     0     0     0     0
 20210724   04:40:09      0     0     0     0     0     0     0
 20210724   04:40:10      0     0     0    28    20     0     0
 20210724   04:40:11      0     0     0     0     0     0     0
 20210724   04:40:12      0     0     0     0     0     0     0
 20210724   04:40:14      0     0   486     0     0     0     0
 20210724   04:40:15      0  2324     0    25    15     0     0
 20210724   04:40:16      0     0     0    41    28     0     0
 20210724   04:40:17      0     0     0     0     0     0     0
 20210724   04:40:18      0     0     0     0     0     0     0
 20210724   04:40:19      0  5885   481     0     0     0     0
 20210724   04:40:20      0   634   118    42    28     0     0
 20210724   04:40:21      0     0     0    39    25     0     0
 20210724   04:40:22      0     0     0     0     0     0     0
 20210724   04:40:24      0     0     0     0     0     0     0
 20210724   04:40:25      0     0     0     0     0     0     0
 20210724   04:40:26      0     0     0     0     0     0     0
 20210724   04:40:27      0     0     0     0     0     0     0
 20210724   04:40:28      0     0     0     0     0     0     0
#Date       Time        gpu rxpci txpci    sm   mem   enc   dec
#YYYYMMDD   HH:MM:SS    Idx  MB/s  MB/s     %     %     %     %
 20210724   04:40:29      0     0     0     0     0     0     0
 20210724   04:40:30      0  3544   434     0     0     0     0
 20210724   04:40:31      0  6654   456     0     0     0     0
 20210724   04:40:32      0     0     0     0     0     0     0
 20210724   04:40:33      0     0     0     0     0     0     0
 20210724   04:40:34      0     0     0     0     0     0     0
 20210724   04:40:36      0  6568   455    12     6     0     0
 20210724   04:40:37      0  4193   441     0     0     0     0
 20210724   04:40:38      0     0     0     3     1     0     0
 20210724   04:40:39      0     0     0     0     0     0     0
 20210724   04:40:40      0     0     0     0     0     0     0
 20210724   04:40:41      0     0   518     0     0     0     0
 20210724   04:40:42      0     0     0    33    22     0     0
 20210724   04:40:43      0     0     0     0     0     0     0
 20210724   04:40:44      0     0     0    31    23     0     0
 20210724   04:40:45      0     0     0     0     0     0     0
 20210724   04:40:46      0     0     0     0     0     0     0
 20210724   04:40:47      0  6333   487     0     0     0     0
 20210724   04:40:49      0     0     0    31    23     0     0
 20210724   04:40:50      0     0     0     0     0     0     0
 20210724   04:40:51      0     0     0     0     0     0     0
 20210724   04:40:52      0     0     0     0     0     0     0
 20210724   04:40:53      0     0     0     0     0     0     0
 20210724   04:40:54      0     0     0    39    26     0     0
 20210724   04:40:55      0  3198   151     0     0     0     0
 20210724   04:40:56      0     0     0     0     0     0     0
 20210724   04:40:57      0     0     0     0     0     0     0
 20210724   04:40:58      0     0     0     0     0     0     0
 20210724   04:41:00      0     0   567     0     0     0     0
 20210724   04:41:01      0     0     0   100     0     0     0
 20210724   04:41:02      0     0     0     0     0     0     0
 20210724   04:41:03      0     0     0     0     0     0     0
 20210724   04:41:04      0     0     0     0     0     0     0
 20210724   04:41:05      0     0     0    59     8     0     0
 20210724   04:41:06      0     0     0     0     0     0     0
 20210724   04:41:07      0     0     0     0     0     0     0
 20210724   04:41:08      0     0     0     0     0     0     0
 20210724   04:41:09      0     2     0     0     0     0     0
 20210724   04:41:11      0  4250   404     0     0     0     0
 20210724   04:41:12      0     0     0     0     0     0     0
 20210724   04:41:13      0     0     0     0     0     0     0
 20210724   04:41:14      0     0     0     0     0     0     0
 20210724   04:41:15      0     0     0     0     0     0     0
 20210724   04:41:16      0  6447   455     0     0     0     0
#Date       Time        gpu rxpci txpci    sm   mem   enc   dec
#YYYYMMDD   HH:MM:SS    Idx  MB/s  MB/s     %     %     %     %
 20210724   04:41:17      0     0     0    39     0     0     0
 20210724   04:41:18      0     0     0    36    27     0     0
 20210724   04:41:19      0     0     0     0     0     0     0
 20210724   04:41:20      0  6058   431     0     0     0     0
 20210724   04:41:21      0  2678     0     0     0     0     0
 20210724   04:41:22      0  2081   407    43    28     0     0
 20210724   04:41:24      0     0     0    39    25     0     0
 20210724   04:41:25      0     0     0     0     0     0     0
 20210724   04:41:26      0     0     0     0     0     0     0
 20210724   04:41:27      0     0     0     0     0     0     0
 20210724   04:41:28      0     0     0     0     0     0     0
 20210724   04:41:29      0     0     0     0     0     0     0
 20210724   04:41:30      0     0     0     0     0     0     0
 20210724   04:41:31      0     0     0     0     0     0     0
 20210724   04:41:33      0  3393    55    83    28     0     0
 20210724   04:41:34      0     0     0    18    13     0     0
 20210724   04:41:35      0     0     0     0     0     0     0
 20210724   04:41:36      0   913   730     0     0     0     0
 20210724   04:41:37      0  3392   387     9     4     0     0
 20210724   04:41:38      0     0   117     4     0     0     0
 20210724   04:41:39      0     0     0    39    25     0     0
 20210724   04:41:40      0     0     0     0     0     0     0
 20210724   04:41:41      0     0     0     0     0     0     0
 20210724   04:41:42      0     0     0     0     0     0     0
 20210724   04:41:43      0     0     0    41    28     0     0
 20210724   04:41:44      0     0     0     0     0     0     0
 20210724   04:41:46      0  3967   471     0     0     0     0
 20210724   04:41:47      0     0     0    27    20     0     0
 20210724   04:41:48      0     0     0     0     0     0     0
 20210724   04:41:49      0     0     0     0     0     0     0
 20210724   04:41:50      0  3154     1    80    28     0     0
 20210724   04:41:51      0     0     0    19    14     0     0
 20210724   04:41:52      0     0     0     0     0     0     0
 20210724   04:41:53      0     0     0     0     0     0     0
 20210724   04:41:54      0     0     0     0     0     0     0
 20210724   04:41:55      0     0     0     0     0     0     0
 20210724   04:41:56      0     0     0     0     0     0     0
 20210724   04:41:57      0     0     0    43    27     0     0
 20210724   04:41:59      0     0     0     0     0     0     0
 20210724   04:42:00      0  4312   449     0     0     0     0
 20210724   04:42:01      0     0     0     0     0     0     0
 20210724   04:42:02      0     0     0     0     0     0     0
 20210724   04:42:03      0     0     0    79     0     0     0
 20210724   04:42:04      0     0     0     0     0     0     0
#Date       Time        gpu rxpci txpci    sm   mem   enc   dec
#YYYYMMDD   HH:MM:SS    Idx  MB/s  MB/s     %     %     %     %
 20210724   04:42:05      0     0     0     0     0     0     0
 20210724   04:42:06      0  3553   481    21    13     0     0
 20210724   04:42:07      0     0     0    24     0     0     0
 20210724   04:42:08      0     0     0     0     0     0     0
 20210724   04:42:10      0     0     0     0     0     0     0
 20210724   04:42:11      0     0     0     0     0     0     0
 20210724   04:42:12      0     0     0    16    10     0     0
 20210724   04:42:13      0  4679   391     0     0     0     0
 20210724   04:42:14      0     0     0     0     0     0     0
 20210724   04:42:15      0     0     0     0     0     0     0
 20210724   04:42:16      0     0     0     0     0     0     0
 20210724   04:42:17      0     0     0     0     0     0     0
 20210724   04:42:18      0  3655   408     0     0     0     0
 20210724   04:42:19      0     0     0    34     0     0     0
 20210724   04:42:20      0     0     0    23    17     0     0
 20210724   04:42:21      0     0     0     0     0     0     0
 20210724   04:42:22      0     0   420     0     0     0     0
 20210724   04:42:24      0  3599   377    22    14     0     0
 20210724   04:42:25      0   963   414    27    18     0     0
 20210724   04:42:26      0     0     0    34    25     0     0
 20210724   04:42:27      0     0     0     0     0     0     0
 20210724   04:42:28      0     0     0     0     0     0     0
 20210724   04:42:29      0     0     0     0     0     0     0
 20210724   04:42:30      0     0     0    41    28     0     0
 20210724   04:42:31      0     0     0     0     0     0     0
 20210724   04:42:32      0  6780   455     0     0     0     0
 20210724   04:42:33      0     0     0     0     0     0     0
 20210724   04:42:34      0     0     0     0     0     0     0
 20210724   04:42:36      0     0    38     0     0     0     0
 20210724   04:42:37      0     0     0     0     0     0     0
 20210724   04:42:38      0     0     0     0     0     0     0
 20210724   04:42:39      0     0     0     0     0     0     0
 20210724   04:42:40      0     0   788     0     0     0     0
 20210724   04:42:41      0  4675   421    15     9     0     0
 20210724   04:42:42      0     0     0    39    25     0     0
 20210724   04:42:43      0     0     0     0     0     0     0
 20210724   04:42:44      0     0     0     0     0     0     0
 20210724   04:42:45      0  3731   296    15     9     0     0
 20210724   04:42:47      0     0     0     0     0     0     0
 20210724   04:42:48      0     0   737     0     0     0     0
 20210724   04:42:49      0     0     0    42    28     0     0
 20210724   04:42:50      0     0     0     0     0     0     0
 20210724   04:42:51      0     0     0     0     0     0     0
 20210724   04:42:52      0  3406   387    26    16     0     0
#Date       Time        gpu rxpci txpci    sm   mem   enc   dec
#YYYYMMDD   HH:MM:SS    Idx  MB/s  MB/s     %     %     %     %
 20210724   04:42:53      0     0     0     0     0     0     0
 20210724   04:42:54      0     0     0     0     0     0     0
 20210724   04:42:55      0     0     0     0     0     0     0
 20210724   04:42:56      0     0     0     0     0     0     0
 20210724   04:42:58      0     0   582     0     0     0     0
 20210724   04:42:59      0     0     0     0     0     0     0
 20210724   04:43:00      0     0     0    17    10     0     0
 20210724   04:43:01      0     0     0     0     0     0     0
 20210724   04:43:02      0     0     5    45    31     0     0
 20210724   04:43:03      0     0     0     0     0     0     0
 20210724   04:43:04      0     0   783     0     0     0     0
 20210724   04:43:05      0     0     0    70     0     0     0
 20210724   04:43:06      0     0     0     0     0     0     0
 20210724   04:43:08      0  3580   483     0     0     0     0
 20210724   04:43:09      0     0     0     3     0     0     0
 20210724   04:43:10      0     0     0     0     0     0     0
 20210724   04:43:11      0     0     0     0     0     0     0
 20210724   04:43:12      0     0     0     0     0     0     0
 20210724   04:43:13      0     0     0     0     0     0     0
 20210724   04:43:14      0     0     0     0     0     0     0
 20210724   04:43:15      0     0     0     0     0     0     0
 20210724   04:43:17      0     0     0     0     0     0     0
 20210724   04:43:18      0     0     0    41    28     0     0
 20210724   04:43:19      0     0     0     0     0     0     0
 20210724   04:43:20      0     0     0    41    28     0     0
 20210724   04:43:21      0     0     0    28     0     0     0
 20210724   04:43:22      0     0     0     0     0     0     0
 20210724   04:43:23      0  4854   444    24    15     0     0
 20210724   04:43:24      0     0     0    42    28     0     0
 20210724   04:43:25      0     0     0     0     0     0     0
 20210724   04:43:26      0     0     0     0     0     0     0
 20210724   04:43:28      0     0     0     0     0     0     0
 20210724   04:43:29      0     0     0     0     0     0     0
 20210724   04:43:30      0     0     0     0     0     0     0
 20210724   04:43:31      0     2    30     4     0     0     0
 20210724   04:43:32      0     0     0     0     0     0     0
 20210724   04:43:33      0     0     0     0     0     0     0
 20210724   04:43:34      0     0     0     0     0     0     0
 20210724   04:43:35      0     0     0     0     0     0     0
 20210724   04:43:36      0  3404   387    88    28     0     0
 20210724   04:43:37      0     0     0     0     0     0     0
 20210724   04:43:39      0     0     0     0     0     0     0
 20210724   04:43:40      0     0     0     0     0     0     0
 20210724   04:43:41      0     0     0    62     0     0     0
#Date       Time        gpu rxpci txpci    sm   mem   enc   dec
#YYYYMMDD   HH:MM:SS    Idx  MB/s  MB/s     %     %     %     %
 20210724   04:43:42      0     0     0    32     0     0     0
 20210724   04:43:43      0     0     0     0     0     0     0
 20210724   04:43:44      0     0     0     0     0     0     0
 20210724   04:43:45      0     0     0     0     0     0     0
 20210724   04:43:46      0     0     0     0     0     0     0
 20210724   04:43:47      0     0     0     0     0     0     0
 20210724   04:43:48      0     0     0     0     0     0     0
 20210724   04:43:50      0     0     0     0     0     0     0
 20210724   04:43:51      0     0     0     0     0     0     0
 20210724   04:43:52      0     0     0     0     0     0     0
 20210724   04:43:53      0  3772   388     0     0     0     0
 20210724   04:43:54      0   816   740     0     0     0     0
 20210724   04:43:55      0     0     0    13     0     0     0
 20210724   04:43:56      0     0     0     0     0     0     0
 20210724   04:43:57      0     0     0     0     0     0     0
 20210724   04:43:58      0     0     0     0     0     0     0
 20210724   04:43:59      0     0   119     0     0     0     0
 20210724   04:44:00      0     0     0    23    14     0     0
 20210724   04:44:01      0     0     0     0     0     0     0
 20210724   04:44:02      0     0     0     0     0     0     0
 20210724   04:44:04      0     0     0     0     0     0     0
 20210724   04:44:05      0  3735   140    25    16     0     0
 20210724   04:44:06      0     0     0     0     0     0     0
 20210724   04:44:07      0     0   510     2     0     0     0
 20210724   04:44:08      0     0     0    94     0     0     0
 20210724   04:44:09      0     0     0     0     0     0     0
 20210724   04:44:10      0     0     0     0     0     0     0
 20210724   04:44:11      0  5855   475     3     0     0     0
 20210724   04:44:12      0     0     0     0     0     0     0
 20210724   04:44:13      0     0     0     0     0     0     0
 20210724   04:44:15      0     0     0     0     0     0     0
 20210724   04:44:16      0     0     0     0     0     0     0
 20210724   04:44:17      0     0     0     0     0     0     0
 20210724   04:44:18      0     1   908    43    27     0     0
 20210724   04:44:19      0     0     0     0     0     0     0
 20210724   04:44:20      0     0     0     0     0     0     0
 20210724   04:44:21      0     0     0     0     0     0     0
 20210724   04:44:22      0     0     0     0     0     0     0
 20210724   04:44:23      0     0     0     0     0     0     0
 20210724   04:44:24      0     0     0     0     0     0     0
 20210724   04:44:25      0     0     0     0     0     0     0
 20210724   04:44:27      0     0     0     0     0     0     0
 20210724   04:44:28      0     0     0     0     0     0     0
 20210724   04:44:29      0     0     0     0     0     0     0
#Date       Time        gpu rxpci txpci    sm   mem   enc   dec
#YYYYMMDD   HH:MM:SS    Idx  MB/s  MB/s     %     %     %     %
 20210724   04:44:30      0     0     0     0     0     0     0
 20210724   04:44:31      0     0     0     0     0     0     0
 20210724   04:44:32      0     0     0     0     0     0     0
 20210724   04:44:33      0     0     0     0     0     0     0
 20210724   04:44:34      0     0     0     0     0     0     0
 20210724   04:44:35      0     0     0     0     0     0     0
 20210724   04:44:36      0     0     0     0     0     0     0
 20210724   04:44:38      0     0     0     0     0     0     0
 20210724   04:44:39      0     0     0     0     0     0     0
 20210724   04:44:40      0     0     0     0     0     0     0
 20210724   04:44:41      0     0     0     0     0     0     0
 20210724   04:44:42      0     0     0     0     0     0     0
 20210724   04:44:43      0     0     0     0     0     0     0
 20210724   04:44:44      0     0     0     0     0     0     0
 20210724   04:44:45      0     0     0     0     0     0     0
 20210724   04:44:46      0     0     0     0     0     0     0
 20210724   04:44:47      0     0     0     0     0     0     0
 20210724   04:44:49      0     0     0     0     0     0     0
 20210724   04:44:50      0     0     0     0     0     0     0
 20210724   04:44:51      0     0     0     0     0     0     0
 20210724   04:44:52      0     0     0     0     0     0     0
 20210724   04:44:53      0     0     0     0     0     0     0
 20210724   04:44:54      0     0     0     0     0     0     0
 20210724   04:44:55      0     0     0     0     0     0     0
 20210724   04:44:56      0     0     0     0     0     0     0
 20210724   04:44:58      0     0     0     0     0     0     0
 20210724   04:44:59      0     0     0     0     0     0     0
 20210724   04:45:00      0     0     0     0     0     0     0
 20210724   04:45:01      0     0     0     0     0     0     0
 20210724   04:45:02      0     0     0     0     0     0     0
 20210724   04:45:03      0     0     0     0     0     0     0
 20210724   04:45:04      0     0     0     0     0     0     0
