procs -----------memory---------- ---swap-- -----io---- -system-- ------cpu----- -----timestamp-----
 r  b   swpd   free   buff  cache   si   so    bi    bo   in   cs us sy id wa st                 UTC
 0  0      0 60600068   2088 1829288    0    0    86    62  113  122  2  0 97  0  1 2021-07-24 04:36:43
 0  0      0 60600060   2088 1829292    0    0     0     0  498  860  0  0 100  0  0 2021-07-24 04:36:44
 0  0      0 60600060   2088 1829292    0    0     0     0  480  852  0  0 100  0  0 2021-07-24 04:36:45
 0  0      0 60600060   2088 1829292    0    0     0     0  479  842  0  0 100  0  0 2021-07-24 04:36:46
 0  0      0 60600060   2088 1829292    0    0     0     0  494  869  0  0 100  0  0 2021-07-24 04:36:47
 0  0      0 60600060   2088 1829292    0    0     0     0  488  860  0  0 100  0  0 2021-07-24 04:36:48
 0  0      0 60600060   2088 1829292    0    0     0     0  486  857  0  0 100  0  0 2021-07-24 04:36:49
 0  0      0 60600060   2088 1829292    0    0     0     0  514  900  0  0 100  0  0 2021-07-24 04:36:50
 0  0      0 60600060   2088 1829292    0    0     0     0  491  863  0  0 100  0  0 2021-07-24 04:36:51
 0  0      0 60600060   2088 1829292    0    0     0     0  471  832  0  0 100  0  0 2021-07-24 04:36:52
 0  0      0 60600060   2088 1829292    0    0     0     0  813  836  0  0 100  0  0 2021-07-24 04:36:53
 0  0      0 60600060   2088 1829292    0    0     0     0  491  877  0  0 100  0  0 2021-07-24 04:36:54
 0  0      0 60600060   2088 1829292    0    0     0     0  508  878  0  0 100  0  0 2021-07-24 04:36:55
 0  0      0 60600060   2088 1829292    0    0     0     0  485  859  0  0 100  0  0 2021-07-24 04:36:56
 0  0      0 60600060   2088 1829292    0    0     0     0  492  861  0  0 100  0  0 2021-07-24 04:36:57
 0  0      0 60600060   2088 1829292    0    0     0     0  515  906  0  0 100  0  0 2021-07-24 04:36:58
 0  0      0 60600060   2088 1829292    0    0     0     0  493  869  0  0 100  0  0 2021-07-24 04:36:59
 0  0      0 60600060   2088 1829292    0    0     0     0  539  924  0  0 100  0  0 2021-07-24 04:37:00
 0  0      0 60598572   2088 1829292    0    0     0     0 1006 1367  0  0 100  0  0 2021-07-24 04:37:01
 0  0      0 60600308   2088 1829292    0    0     0     0  547  903  0  0 100  0  0 2021-07-24 04:37:02
 0  0      0 60600308   2088 1829292    0    0     0     0  543  911  0  0 100  0  0 2021-07-24 04:37:03
procs -----------memory---------- ---swap-- -----io---- -system-- ------cpu----- -----timestamp-----
 r  b   swpd   free   buff  cache   si   so    bi    bo   in   cs us sy id wa st                 UTC
 0  0      0 60600308   2088 1829292    0    0     0     0  485  859  0  0 100  0  0 2021-07-24 04:37:04
 0  0      0 60600308   2088 1829292    0    0     0     0  482  859  0  0 100  0  0 2021-07-24 04:37:05
 0  0      0 60600308   2088 1829292    0    0     0     0  504  892  0  0 100  0  0 2021-07-24 04:37:06
 0  0      0 60600308   2088 1829292    0    0     0     0  509  890  0  0 100  0  0 2021-07-24 04:37:07
 0  0      0 60600308   2088 1829292    0    0     0     0  499  880  0  0 100  0  0 2021-07-24 04:37:08
 0  0      0 60600308   2088 1829292    0    0     0     0 1035 1106  0  0 100  0  0 2021-07-24 04:37:09
 0  0      0 60600308   2088 1829292    0    0     0     0  521  902  0  0 100  0  0 2021-07-24 04:37:10
 0  0      0 60600308   2088 1829292    0    0     0    39  501  885  0  0 100  0  0 2021-07-24 04:37:11
 0  0      0 60600308   2088 1829292    0    0     0     1  505  896  0  0 100  0  0 2021-07-24 04:37:12
 0  0      0 60600308   2088 1829292    0    0     0     0  484  865  0  0 100  0  0 2021-07-24 04:37:13
 0  0      0 60600308   2088 1829292    0    0     0     4  480  853  0  0 100  0  0 2021-07-24 04:37:14
 0  0      0 60600308   2088 1829292    0    0     0     0  493  874  0  0 100  0  0 2021-07-24 04:37:15
 0  0      0 60600308   2088 1829292    0    0     0     0  454  805  0  0 100  0  0 2021-07-24 04:37:16
 0  0      0 60600308   2088 1829292    0    0     0     0  488  865  0  0 100  0  0 2021-07-24 04:37:17
 0  0      0 60600308   2088 1829292    0    0     0     0  519  906  0  0 100  0  0 2021-07-24 04:37:18
 0  0      0 60600308   2088 1829296    0    0     0     0  487  881  0  0 100  0  0 2021-07-24 04:37:19
 0  0      0 60600308   2088 1829296    0    0     0     0  488  866  0  0 100  0  0 2021-07-24 04:37:20
 0  0      0 60600308   2088 1829296    0    0     0     0  493  883  0  0 100  0  0 2021-07-24 04:37:21
 0  0      0 60600308   2088 1829296    0    0     0     0  462  822  0  0 100  0  0 2021-07-24 04:37:22
 0  0      0 60600308   2088 1829296    0    0     0     0  487  858  0  0 100  0  0 2021-07-24 04:37:23
 0  0      0 60600308   2088 1829296    0    0     0     0  479  843  0  0 100  0  0 2021-07-24 04:37:24
procs -----------memory---------- ---swap-- -----io---- -system-- ------cpu----- -----timestamp-----
 r  b   swpd   free   buff  cache   si   so    bi    bo   in   cs us sy id wa st                 UTC
 0  0      0 60600308   2088 1829296    0    0     0     0  835  881  0  0 100  0  0 2021-07-24 04:37:25
 0  0      0 60600308   2088 1829296    0    0     0     0  502  886  0  0 100  0  0 2021-07-24 04:37:26
 0  0      0 60600308   2088 1829296    0    0     0     0  445  801  0  0 100  0  0 2021-07-24 04:37:27
 0  0      0 60599412   2088 1829296    0    0     0     0  784 1176  0  0 100  0  0 2021-07-24 04:37:28
 0  0      0 60599184   2088 1829312    0    0     0     0  526  917  0  0 100  0  0 2021-07-24 04:37:29
 0  0      0 60599184   2088 1829312    0    0     0     0  517  929  0  0 100  0  0 2021-07-24 04:37:30
 0  0      0 60599184   2088 1829312    0    0     0     0  471  854  0  0 100  0  0 2021-07-24 04:37:31
 0  0      0 60599184   2088 1829312    0    0     0     0  495  878  0  0 100  0  0 2021-07-24 04:37:32
 0  0      0 60599184   2088 1829312    0    0     0     0  522  923  0  0 100  0  0 2021-07-24 04:37:33
 0  0      0 60599184   2088 1829316    0    0     0     0  526  932  0  0 100  0  0 2021-07-24 04:37:34
 0  0      0 60599008   2088 1829316    0    0     0   232  565  950  0  0 100  0  0 2021-07-24 04:37:35
 0  0      0 60599176   2088 1829316    0    0     0     0  914  964  0  0 100  0  0 2021-07-24 04:37:36
 0  0      0 60599176   2088 1829316    0    0     0     0  980 1471  0  0 100  0  0 2021-07-24 04:37:37
 0  0      0 60599176   2088 1829316    0    0     0     0  545  957  0  0 100  0  0 2021-07-24 04:37:38
 0  0      0 60599176   2088 1829316    0    0     0     0  511  915  0  0 100  0  0 2021-07-24 04:37:39
 0  0      0 60599176   2088 1829316    0    0     0     0  512  920  0  0 100  0  0 2021-07-24 04:37:40
 0  0      0 60599176   2088 1829316    0    0     0     0  862  931  0  0 100  0  0 2021-07-24 04:37:41
 0  0      0 60599176   2088 1829316    0    0     0    23  526  930  0  0 100  0  0 2021-07-24 04:37:42
 0  0      0 60599176   2088 1829316    0    0     0     0  511  905  0  0 100  0  0 2021-07-24 04:37:43
 0  0      0 60599176   2088 1829316    0    0     0     0  500  892  0  0 100  0  0 2021-07-24 04:37:44
 0  0      0 60599176   2088 1829316    0    0     0     8  510  907  0  0 100  0  0 2021-07-24 04:37:45
procs -----------memory---------- ---swap-- -----io---- -system-- ------cpu----- -----timestamp-----
 r  b   swpd   free   buff  cache   si   so    bi    bo   in   cs us sy id wa st                 UTC
 0  0      0 60599176   2088 1829316    0    0     0     0  499  881  0  0 100  0  0 2021-07-24 04:37:46
 0  0      0 60599176   2088 1829316    0    0     0     0  516  910  0  0 100  0  0 2021-07-24 04:37:47
 0  0      0 60599176   2088 1829316    0    0     0     0  510  902  0  0 100  0  0 2021-07-24 04:37:48
 0  0      0 60599176   2088 1829316    0    0     0     0  504  897  0  0 100  0  0 2021-07-24 04:37:49
 0  0      0 60599176   2088 1829316    0    0     0     0  510  914  0  0 100  0  0 2021-07-24 04:37:50
 0  0      0 60599176   2088 1829316    0    0     0     0  509  903  0  0 100  0  0 2021-07-24 04:37:51
 0  0      0 60599176   2088 1829316    0    0     0     0  495  879  0  0 100  0  0 2021-07-24 04:37:52
 0  0      0 60599176   2088 1829316    0    0     0     0  528  932  0  0 100  0  0 2021-07-24 04:37:53
 0  0      0 60599176   2088 1829316    0    0     0     0  506  894  0  0 100  0  0 2021-07-24 04:37:54
 0  0      0 60599176   2088 1829320    0    0     0     0  512  912  0  0 100  0  0 2021-07-24 04:37:55
 0  0      0 60599176   2088 1829320    0    0     0     0  499  891  0  0 100  0  0 2021-07-24 04:37:56
 0  0      0 60599176   2088 1829320    0    0     0     0  822  868  0  0 100  0  0 2021-07-24 04:37:57
 0  0      0 60599260   2088 1829320    0    0     0     0 1188 1597  0  0 100  0  0 2021-07-24 04:37:58
 0  0      0 60599176   2088 1829320    0    0     0     0  506  898  0  0 100  0  0 2021-07-24 04:37:59
 0  0      0 60599176   2088 1829320    0    0     0    16  529  909  0  0 100  0  0 2021-07-24 04:38:00
 0  0      0 60599176   2088 1829320    0    0     0     0  521  927  0  0 100  0  0 2021-07-24 04:38:01
 0  0      0 60599176   2088 1829320    0    0     0     0  513  905  0  0 100  0  0 2021-07-24 04:38:02
 0  0      0 60599176   2088 1829320    0    0     0     0  519  928  0  0 100  0  0 2021-07-24 04:38:03
 0  0      0 60599176   2088 1829320    0    0     0     0  504  897  0  0 100  0  0 2021-07-24 04:38:04
 0  0      0 60599176   2088 1829320    0    0     0     4  513  914  0  0 100  0  0 2021-07-24 04:38:05
 0  0      0 60599176   2088 1829320    0    0     0     0  504  889  0  0 100  0  0 2021-07-24 04:38:06
procs -----------memory---------- ---swap-- -----io---- -system-- ------cpu----- -----timestamp-----
 r  b   swpd   free   buff  cache   si   so    bi    bo   in   cs us sy id wa st                 UTC
 0  0      0 60599176   2088 1829320    0    0     0     0  525  928  0  0 100  0  0 2021-07-24 04:38:07
 0  0      0 60599176   2088 1829320    0    0     0     0  499  893  0  0 100  0  0 2021-07-24 04:38:08
 0  0      0 60599176   2088 1829320    0    0     0     0  521  907  0  0 100  0  0 2021-07-24 04:38:09
 0  0      0 60599176   2088 1829320    0    0     0     0  523  925  0  0 100  0  0 2021-07-24 04:38:10
 0  0      0 60599176   2088 1829320    0    0     0     0  505  895  0  0 100  0  0 2021-07-24 04:38:11
 0  0      0 60599176   2088 1829320    0    0     0     0  503  920  0  0 100  0  0 2021-07-24 04:38:12
 0  0      0 60599176   2088 1829320    0    0     0    75  864  945  0  0 100  0  0 2021-07-24 04:38:13
 0  0      0 60599176   2088 1829320    0    0     0     0  518  921  0  0 100  0  0 2021-07-24 04:38:14
 0  0      0 60599176   2088 1829320    0    0     0     0  503  897  0  0 100  0  0 2021-07-24 04:38:15
 0  0      0 60599176   2088 1829320    0    0     0     8  503  897  0  0 100  0  0 2021-07-24 04:38:16
 0  0      0 60599176   2088 1829320    0    0     0     0  484  851  0  0 100  0  0 2021-07-24 04:38:17
 0  0      0 60599052   2088 1829324    0    0     0     0  541  949  0  0 100  0  0 2021-07-24 04:38:18
 0  0      0 60599052   2088 1829324    0    0     0     0  518  920  0  0 100  0  0 2021-07-24 04:38:19
 0  0      0 60599052   2088 1829324    0    0     0     0  515  916  0  0 100  0  0 2021-07-24 04:38:20
 0  0      0 60599052   2088 1829324    0    0     0     0  508  908  0  0 100  0  0 2021-07-24 04:38:21
 0  0      0 60599052   2088 1829324    0    0     0     0  506  899  0  0 100  0  0 2021-07-24 04:38:22
 0  0      0 60599052   2088 1829324    0    0     0     0  482  883  0  0 100  0  0 2021-07-24 04:38:23
 0  0      0 60599052   2088 1829324    0    0     0     0  523  933  0  0 100  0  0 2021-07-24 04:38:24
 0  0      0 60599052   2088 1829324    0    0     0     0  512  920  0  0 100  0  0 2021-07-24 04:38:25
 0  0      0 60599052   2088 1829324    0    0     0     0  478  867  0  0 100  0  0 2021-07-24 04:38:26
 0  0      0 60599052   2088 1829324    0    0     0     0  517  919  0  0 100  0  0 2021-07-24 04:38:27
procs -----------memory---------- ---swap-- -----io---- -system-- ------cpu----- -----timestamp-----
 r  b   swpd   free   buff  cache   si   so    bi    bo   in   cs us sy id wa st                 UTC
 0  0      0 60599052   2088 1829324    0    0     0     0  517  919  0  0 100  0  0 2021-07-24 04:38:28
 0  0      0 60599052   2088 1829328    0    0     0     0  857  921  0  0 100  0  0 2021-07-24 04:38:29
 0  0      0 60599052   2088 1829328    0    0     0     0  517  921  0  0 100  0  0 2021-07-24 04:38:30
 0  0      0 60599052   2088 1829328    0    0     0    88  526  916  0  0 100  0  0 2021-07-24 04:38:31
 0  0      0 60599148   2088 1829328    0    0     0     0  515  909  0  0 100  0  0 2021-07-24 04:38:32
 0  0      0 60599148   2088 1829328    0    0     0     0  508  900  0  0 100  0  0 2021-07-24 04:38:33
 0  0      0 60599148   2088 1829328    0    0     0     0  546  941  0  0 100  0  0 2021-07-24 04:38:34
 0  0      0 60599148   2088 1829328    0    0     0     0  587  978  0  0 100  0  0 2021-07-24 04:38:35
 0  0      0 60599148   2088 1829328    0    0     0     8  855  932  0  0 100  0  0 2021-07-24 04:38:36
 0  0      0 60599148   2088 1829328    0    0     0     0  902  993  0  0 100  0  0 2021-07-24 04:38:37
 0  0      0 60598968   2088 1829344    0    0     0     0  984 1094  0  0 100  0  0 2021-07-24 04:38:38
 0  0      0 60598976   2088 1829344    0    0     0     0  496  884  0  0 100  0  0 2021-07-24 04:38:39
 0  0      0 60598976   2088 1829344    0    0     0     0  857  924  0  0 100  0  0 2021-07-24 04:38:40
 0  0      0 60598976   2088 1829344    0    0     0     0  514  912  0  0 100  0  0 2021-07-24 04:38:41
 0  0      0 60598976   2088 1829344    0    0     0     0  495  878  0  0 100  0  0 2021-07-24 04:38:42
 1  0      0 60598852   2088 1829348    0    0     0     0  505  882  0  0 100  0  0 2021-07-24 04:38:43
 0  0      0 60596352   2088 1829348    0    0     0    94 1048 1293  0  0 99  0  0 2021-07-24 04:38:44
 0  0      0 60597620   2088 1829364    0    0     0   210  545  942  0  0 100  0  0 2021-07-24 04:38:45
 0  0      0 60597620   2088 1829368    0    0     0     0  819  867  0  0 100  0  0 2021-07-24 04:38:46
 0  0      0 60597620   2088 1829368    0    0     0     0  517  942  0  0 100  0  0 2021-07-24 04:38:47
 0  0      0 60597620   2088 1829368    0    0     0     0  521  920  0  0 100  0  0 2021-07-24 04:38:48
procs -----------memory---------- ---swap-- -----io---- -system-- ------cpu----- -----timestamp-----
 r  b   swpd   free   buff  cache   si   so    bi    bo   in   cs us sy id wa st                 UTC
 0  0      0 60597620   2088 1829368    0    0     0     0  495  881  0  0 100  0  0 2021-07-24 04:38:49
 0  0      0 60597620   2088 1829368    0    0     0     0  528  930  0  0 100  0  0 2021-07-24 04:38:50
 0  0      0 60597620   2088 1829368    0    0     0     0  506  907  0  0 100  0  0 2021-07-24 04:38:51
 0  0      0 60597620   2088 1829368    0    0     0     8  443  801  0  0 100  0  0 2021-07-24 04:38:52
 0  0      0 60597620   2088 1829368    0    0     0     0  515  904  0  0 100  0  0 2021-07-24 04:38:53
 0  0      0 60597620   2088 1829368    0    0     0     0  525  925  0  0 100  0  0 2021-07-24 04:38:54
 0  0      0 60597620   2088 1829368    0    0     0     0  505  899  0  0 100  0  0 2021-07-24 04:38:55
 0  0      0 60597620   2088 1829368    0    0     0     0  510  921  0  0 100  0  0 2021-07-24 04:38:56
 0  0      0 60597620   2088 1829368    0    0     0     0  483  870  0  0 100  0  0 2021-07-24 04:38:57
 0  0      0 60597620   2088 1829368    0    0     0     0  547  953  0  0 100  0  0 2021-07-24 04:38:58
 0  0      0 60597620   2088 1829368    0    0     0     0  515  909  0  0 100  0  0 2021-07-24 04:38:59
 0  0      0 60597620   2088 1829368    0    0     0     0  516  911  0  0 100  0  0 2021-07-24 04:39:00
 0  0      0 60597620   2088 1829368    0    0     0     0  636 1073  0  0 100  0  0 2021-07-24 04:39:01
 1  0      0 60476476   2088 1829368    0    0     0     0 2654 1318 15  7 77  0  0 2021-07-24 04:39:02
 1  0      0 60299884   2088 1829404    0    0     0     0 2709 1936 13  7 80  0  0 2021-07-24 04:39:03
 3  0      0 59558480   2088 1839644    0    0     0     0 1186 1038  9  4 87  0  0 2021-07-24 04:39:04
 1  0      0 58957684   2088 1839644    0    0     0     0  778  934  9  4 87  0  0 2021-07-24 04:39:05
 1  0      0 58237984   2088 1839648    0    0     0     0  845  975  8  4 87  0  0 2021-07-24 04:39:06
 1  0      0 57876496   2088 1879360    0    0     0    20 5491 2338 13  4 83  0  0 2021-07-24 04:39:07
 1  0      0 57813660   2088 1879364    0    0     0     0 1470 1506 17  1 82  0  0 2021-07-24 04:39:08
 1  0      0 57725660   2088 1959880    0    0     0     0 2315 2181 21  2 77  0  0 2021-07-24 04:39:09
procs -----------memory---------- ---swap-- -----io---- -system-- ------cpu----- -----timestamp-----
 r  b   swpd   free   buff  cache   si   so    bi    bo   in   cs us sy id wa st                 UTC
 1  0      0 57648364   2088 2035320    0    0     0     0 2231 2065 22  1 77  0  0 2021-07-24 04:39:10
 1  0      0 57659528   2088 2035324    0    0     0     0 1863 1750 19  1 80  0  0 2021-07-24 04:39:11
 1  0      0 57659524   2088 2035324    0    0     0     4 2764 2482 26  2 72  0  0 2021-07-24 04:39:12
 2  0      0 57659412   2088 2035324    0    0     0     0 2528 2111 23  4 72  0  0 2021-07-24 04:39:13
 3  0      0 57659336   2088 2035324    0    0     0   138 2223 2021 24  1 75  0  0 2021-07-24 04:39:14
 1  0      0 57656076   2088 2035336    0    0     0     0 2526 2166 24  2 74  0  0 2021-07-24 04:39:15
 1  0      0 57646528   2088 2035336    0    0     0     0 2539 2254 25  1 74  0  0 2021-07-24 04:39:16
 4  0      0 57645808   2088 2035336    0    0     0   116 2491 2159 24  2 73  0  0 2021-07-24 04:39:17
 4  0      0 57611616   2088 2035336    0    0     0     0 2399 1910 21  2 78  0  0 2021-07-24 04:39:18
 4  0      0 57610140   2088 2035336    0    0     0     0 2801 2401 26  2 72  0  0 2021-07-24 04:39:19
 1  0      0 57610260   2088 2035336    0    0     0     0 2421 2180 24  1 74  0  0 2021-07-24 04:39:20
 4  0      0 57568972   2088 2035336    0    0     0     0 2378 2202 24  1 74  0  0 2021-07-24 04:39:21
 1  0      0 57631964   2088 2035344    0    0     0     0 1928 1849 21  1 78  0  0 2021-07-24 04:39:22
 1  0      0 57617456   2088 2035344    0    0     0     0 1794 1739 19  1 80  0  0 2021-07-24 04:39:23
 1  0      0 57617460   2088 2035344    0    0     0     0 1934 1816 20  1 78  0  0 2021-07-24 04:39:24
 1  0      0 57617216   2088 2035344    0    0     0     0 2360 2140 24  1 75  0  0 2021-07-24 04:39:25
 4  0      0 57605932   2088 2035344    0    0     0     0 1590 1573 18  1 81  0  0 2021-07-24 04:39:26
 1  0      0 57656776   2088 2035344    0    0     0     8 2664 2343 24  2 74  0  0 2021-07-24 04:39:27
 1  0      0 57656784   2088 2035344    0    0     0     0 2525 2189 23  4 73  0  0 2021-07-24 04:39:28
 1  0      0 57656912   2088 2035344    0    0     0     0 2633 2284 26  2 72  0  0 2021-07-24 04:39:29
 1  0      0 57640300   2088 2035352    0    0     0     0 2212 2079 22  1 77  0  0 2021-07-24 04:39:30
procs -----------memory---------- ---swap-- -----io---- -system-- ------cpu----- -----timestamp-----
 r  b   swpd   free   buff  cache   si   so    bi    bo   in   cs us sy id wa st                 UTC
 1  0      0 57640800   2088 2035352    0    0     0     0 2444 2183 23  2 74  0  0 2021-07-24 04:39:31
 2  0      0 57640556   2088 2035352    0    0     0     0 2571 2231 25  2 73  0  0 2021-07-24 04:39:32
 4  0      0 57640440   2088 2035352    0    0     0     0 2385 2112 23  3 74  0  0 2021-07-24 04:39:33
 1  0      0 57609568   2088 2035352    0    0     0     0 2653 2103 23  1 76  0  0 2021-07-24 04:39:34
 1  0      0 57609940   2088 2035352    0    0     0     0 2429 2203 23  2 75  0  0 2021-07-24 04:39:35
 1  0      0 57609696   2088 2035360    0    0     0     0 2314 2128 23  1 75  0  0 2021-07-24 04:39:36
 1  0      0 57609320   2088 2035360    0    0     0     0 3213 3081 26  1 73  0  0 2021-07-24 04:39:37
 1  0      0 57623336   2088 2035360    0    0     0    28 2163 2024 22  1 77  0  0 2021-07-24 04:39:38
 1  0      0 57607952   2088 2035360    0    0     0     0 1521 1584 17  0 82  0  0 2021-07-24 04:39:39
 4  0      0 57607096   2088 2035360    0    0     0     0 2269 2077 23  1 76  0  0 2021-07-24 04:39:40
 1  0      0 57606976   2088 2035360    0    0     0     0 2048 1853 21  1 77  0  0 2021-07-24 04:39:41
 1  0      0 57656328   2088 2035364    0    0     0     0 1937 1815 20  1 79  0  0 2021-07-24 04:39:42
 4  0      0 57601772   2088 2035364    0    0     0     0 2834 2504 27  2 71  0  0 2021-07-24 04:39:43
 2  0      0 57656216   2088 2035364    0    0     0     0 2867 2048 23  4 73  0  0 2021-07-24 04:39:44
 2  0      0 57623652   2088 2035364    0    0     0    21 2124 1980 21  2 77  0  0 2021-07-24 04:39:45
 1  0      0 57623364   2088 2035372    0    0     0     0 2444 2126 23  3 75  0  0 2021-07-24 04:39:46
 4  0      0 57624236   2088 2035372    0    0     0     0 2626 2370 25  1 73  0  0 2021-07-24 04:39:47
 4  0      0 57623376   2088 2035372    0    0     0    44 2477 2147 25  2 73  0  0 2021-07-24 04:39:48
 1  0      0 57646812   2088 2035376    0    0     0     0 1997 1862 20  2 78  0  0 2021-07-24 04:39:49
 4  0      0 57645956   2088 2035376    0    0     0     0 3200 2471 27  1 71  0  0 2021-07-24 04:39:50
 1  0      0 57630332   2088 2035376    0    0     0     0 2387 2160 24  1 75  0  0 2021-07-24 04:39:51
procs -----------memory---------- ---swap-- -----io---- -system-- ------cpu----- -----timestamp-----
 r  b   swpd   free   buff  cache   si   so    bi    bo   in   cs us sy id wa st                 UTC
 4  0      0 57566844   2088 2035384    0    0     0     0 2433 2234 24  2 74  0  0 2021-07-24 04:39:52
 1  0      0 57631200   2088 2035384    0    0     0     0 1918 1840 21  1 79  0  0 2021-07-24 04:39:53
 1  0      0 57644096   2088 2035384    0    0     0     0 1749 1729 18  1 81  0  0 2021-07-24 04:39:54
 1  0      0 57636160   2088 2035384    0    0     0     0 1928 1811 20  1 78  0  0 2021-07-24 04:39:55
 1  0      0 57636412   2088 2035384    0    0     0     0 2418 2194 24  2 75  0  0 2021-07-24 04:39:56
 4  0      0 57655512   2088 2035384    0    0     0     0 1512 1499 18  0 81  0  0 2021-07-24 04:39:57
 1  0      0 57638900   2088 2035384    0    0     0     8 2657 2319 25  2 73  0  0 2021-07-24 04:39:58
 1  0      0 57638732   2088 2035384    0    0     0     0 2571 2241 25  2 72  0  0 2021-07-24 04:39:59
 4  0      0 57638908   2088 2035392    0    0     0     0 2661 2307 26  2 72  0  0 2021-07-24 04:40:00
 1  0      0 57621432   2088 2035392    0    0     0     0 2287 2036 24  1 75  0  0 2021-07-24 04:40:01
 1  0      0 57619836   2088 2035388    0    0     0     0 2799 2521 24  2 74  0  0 2021-07-24 04:40:02
 2  0      0 57619232   2088 2035444    0    0     0     0 2622 2369 25  2 73  0  0 2021-07-24 04:40:03
 2  0      0 57619728   2088 2035444    0    0     0     0 2306 2066 23  2 75  0  0 2021-07-24 04:40:04
 2  0      0 57643916   2088 2035444    0    0     0     0 2235 2031 22  2 76  0  0 2021-07-24 04:40:05
 2  0      0 57623588   2088 2035452    0    0     0     0 2697 2326 24  1 75  0  0 2021-07-24 04:40:06
 4  0      0 57605980   2088 2035452    0    0     0     0 2447 2109 23  2 76  0  0 2021-07-24 04:40:07
 1  0      0 57606104   2088 2035452    0    0     0     0 2540 2389 24  1 74  0  0 2021-07-24 04:40:08
 1  0      0 57617884   2088 2035452    0    0     0     0 1927 1804 20  2 79  0  0 2021-07-24 04:40:09
 1  0      0 57610072   2088 2035452    0    0     0     0 1578 1558 18  1 81  0  0 2021-07-24 04:40:10
 1  0      0 57609948   2088 2035452    0    0     0     0 2062 1906 22  1 77  0  0 2021-07-24 04:40:11
 4  0      0 57609336   2088 2035456    0    0     0     0 2117 1940 22  1 77  0  0 2021-07-24 04:40:12
procs -----------memory---------- ---swap-- -----io---- -system-- ------cpu----- -----timestamp-----
 r  b   swpd   free   buff  cache   si   so    bi    bo   in   cs us sy id wa st                 UTC
 1  0      0 57653480   2088 2035456    0    0     0     8 2089 1862 23  1 76  0  0 2021-07-24 04:40:13
 4  0      0 57622488   2088 2035464    0    0     0     0 2542 2341 24  2 75  0  0 2021-07-24 04:40:14
 2  0      0 57622984   2088 2035464    0    0     0     0 2581 2193 24  4 72  0  0 2021-07-24 04:40:15
 1  0      0 57622496   2088 2035464    0    0     0    49 2042 1955 19  1 79  0  0 2021-07-24 04:40:16
 1  0      0 57622816   2088 2035468    0    0     0     0 2624 2242 26  2 72  0  0 2021-07-24 04:40:17
 4  0      0 57622260   2088 2035468    0    0     0     0 2513 2287 25  1 74  0  0 2021-07-24 04:40:18
 1  0      0 57610852   2088 2035468    0    0     0     4 2355 2137 23  2 75  0  0 2021-07-24 04:40:19
 1  0      0 57647440   2088 2035468    0    0     0     0 2069 1929 20  2 78  0  0 2021-07-24 04:40:20
 1  0      0 57645088   2088 2035476    0    0     0     0 2607 2365 24  2 74  0  0 2021-07-24 04:40:21
 1  0      0 57613844   2088 2035476    0    0     0     0 2451 2266 25  1 74  0  0 2021-07-24 04:40:22
 4  0      0 57606528   2088 2035476    0    0     0     0 2604 2112 24  1 75  0  0 2021-07-24 04:40:23
 1  0      0 57655260   2088 2035476    0    0     0    44 1925 1815 21  1 78  0  0 2021-07-24 04:40:24
 4  0      0 57628972   2088 2035476    0    0     0     0 1804 1731 19  2 80  0  0 2021-07-24 04:40:25
 1  0      0 57596860   2088 2035476    0    0     0     0 1880 1830 20  1 79  0  0 2021-07-24 04:40:26
 1  0      0 57597356   2088 2035476    0    0     0     0 2501 2243 26  1 73  0  0 2021-07-24 04:40:27
 4  0      0 57652540   2088 2035476    0    0     0     0 1406 1479 16  0 83  0  0 2021-07-24 04:40:28
 1  0      0 57623656   2088 2035484    0    0     0     8 2539 2220 24  3 73  0  0 2021-07-24 04:40:29
 4  0      0 57622668   2088 2035484    0    0     0     0 2449 2211 23  3 74  0  0 2021-07-24 04:40:30
 4  0      0 57623536   2088 2035484    0    0     0     0 2669 2298 27  2 71  0  0 2021-07-24 04:40:31
 1  0      0 57620568   2088 2035484    0    0     0     0 2131 2048 20  2 78  0  0 2021-07-24 04:40:32
 4  0      0 57614124   2088 2035484    0    0     0     0 2424 2186 24  2 74  0  0 2021-07-24 04:40:33
procs -----------memory---------- ---swap-- -----io---- -system-- ------cpu----- -----timestamp-----
 r  b   swpd   free   buff  cache   si   so    bi    bo   in   cs us sy id wa st                 UTC
 2  0      0 57612772   2088 2035484    0    0     0   256 2527 2308 23  2 75  0  0 2021-07-24 04:40:34
 2  0      0 57613528   2088 2035484    0    0     0     0 2290 2031 22  3 75  0  0 2021-07-24 04:40:35
 4  0      0 57623828   2088 2035492    0    0     0     0 2306 2069 23  2 75  0  0 2021-07-24 04:40:36
 2  0      0 57618996   2088 2035492    0    0     0     0 2468 2241 25  1 74  0  0 2021-07-24 04:40:37
 4  0      0 57617632   2088 2035492    0    0     0     0 2213 2167 21  2 77  0  0 2021-07-24 04:40:38
 1  0      0 57617756   2088 2035492    0    0     0     0 2899 2378 26  1 73  0  0 2021-07-24 04:40:39
 4  0      0 57601884   2088 2035492    0    0     0     0 2061 1965 20  1 79  0  0 2021-07-24 04:40:40
 1  0      0 57590352   2088 2035492    0    0     0     0 1568 1585 18  1 81  0  0 2021-07-24 04:40:41
 4  0      0 57589860   2088 2035492    0    0     0     0 2034 1902 21  2 78  0  0 2021-07-24 04:40:42
 1  0      0 57589740   2088 2035500    0    0     0     0 2227 2008 23  1 76  0  0 2021-07-24 04:40:43
 4  0      0 57648768   2088 2035500    0    0     0     4 1969 1856 20  1 79  0  0 2021-07-24 04:40:44
 4  0      0 57616160   2088 2035500    0    0     0     0 2524 2298 25  2 74  0  0 2021-07-24 04:40:45
 4  0      0 57615544   2088 2035500    0    0     0    21 2607 2230 25  3 72  0  0 2021-07-24 04:40:46
 4  0      0 57615548   2088 2035500    0    0     0     1 2107 1858 21  3 76  0  0 2021-07-24 04:40:47
 2  0      0 57615428   2088 2035500    0    0     0     0 2670 2251 25  3 71  0  0 2021-07-24 04:40:48
 4  0      0 57615560   2088 2035500    0    0     0     0 2753 2212 24  1 75  0  0 2021-07-24 04:40:49
 4  0      0 57616056   2088 2035508    0    0     0     0 2537 2242 25  2 73  0  0 2021-07-24 04:40:50
 1  0      0 57648548   2088 2035508    0    0     0     0 2100 1928 21  2 78  0  0 2021-07-24 04:40:51
 4  0      0 57617808   2088 2035508    0    0     0     0 2672 2375 25  2 74  0  0 2021-07-24 04:40:52
 4  0      0 57617064   2088 2035508    0    0     0     0 2442 2293 23  1 75  0  0 2021-07-24 04:40:53
 4  0      0 57614460   2088 2035508    0    0     0     0 2194 2076 22  1 77  0  0 2021-07-24 04:40:54
procs -----------memory---------- ---swap-- -----io---- -system-- ------cpu----- -----timestamp-----
 r  b   swpd   free   buff  cache   si   so    bi    bo   in   cs us sy id wa st                 UTC
 1  0      0 57555808   2088 2035512    0    0     0     0 2425 1967 22  1 77  0  0 2021-07-24 04:40:55
 1  0      0 57550816   2088 2035512    0    0     0     0 1862 1770 19  1 79  0  0 2021-07-24 04:40:56
 2  0      0 57589876   2088 2035516    0    0     0     0 1802 1692 19  1 79  0  0 2021-07-24 04:40:57
 4  0      0 57589636   2088 2035524    0    0     0     0 2493 2245 24  2 74  0  0 2021-07-24 04:40:58
 1  0      0 57531728   2088 2035524    0    0     0     0 1460 1470 18  1 82  0  0 2021-07-24 04:40:59
 4  0      0 57607496   2088 2035524    0    0     0    52 2522 2232 26  1 73  0  0 2021-07-24 04:41:00
 2  0      0 57606136   2088 2035524    0    0     0     0 2523 2122 24  4 73  0  0 2021-07-24 04:41:01
 1  0      0 57606264   2088 2035524    0    0     0     0 2640 2287 25  3 73  0  0 2021-07-24 04:41:02
 1  0      0 57606272   2088 2035524    0    0     0     0 2383 2151 24  1 75  0  0 2021-07-24 04:41:03
 4  0      0 57605032   2088 2035524    0    0     0     0 2497 2180 25  2 73  0  0 2021-07-24 04:41:04
 4  0      0 57604296   2088 2035536    0    0     0     0 2523 2256 26  1 73  0  0 2021-07-24 04:41:05
 4  0      0 57604920   2088 2035536    0    0     0     0 2348 2099 23  2 75  0  0 2021-07-24 04:41:06
 4  0      0 57616828   2088 2035536    0    0     0     0 2250 2029 22  2 76  0  0 2021-07-24 04:41:07
 4  0      0 57615468   2088 2035536    0    0     0     0 2608 2352 24  2 74  0  0 2021-07-24 04:41:08
 4  0      0 57610884   2088 2035536    0    0     0     0 2435 2234 23  2 75  0  0 2021-07-24 04:41:09
 1  0      0 57610760   2088 2035536    0    0     0     0 2700 2427 27  2 72  0  0 2021-07-24 04:41:10
 2  0      0 57592652   2088 2035536    0    0     0     0 2116 1792 18  2 80  0  0 2021-07-24 04:41:11
 4  0      0 57591292   2088 2035544    0    0     0     0 1707 1677 18  1 81  0  0 2021-07-24 04:41:12
 1  0      0 57590676   2088 2035544    0    0     0     0 2063 1962 21  1 78  0  0 2021-07-24 04:41:13
 4  0      0 57590556   2088 2035544    0    0     0     0 2353 2147 24  1 75  0  0 2021-07-24 04:41:14
 1  0      0 57636936   2088 2035544    0    0     0     0 1807 1707 19  2 79  0  0 2021-07-24 04:41:15
procs -----------memory---------- ---swap-- -----io---- -system-- ------cpu----- -----timestamp-----
 r  b   swpd   free   buff  cache   si   so    bi    bo   in   cs us sy id wa st                 UTC
 4  0      0 57605692   2088 2035544    0    0     0     0 2651 2365 26  1 73  0  0 2021-07-24 04:41:16
 4  0      0 57605692   2088 2035544    0    0     0    60 2622 2216 26  3 71  0  0 2021-07-24 04:41:17
 1  0      0 57605700   2088 2035544    0    0     0     0 2477 2190 24  2 73  0  0 2021-07-24 04:41:18
 4  0      0 57547052   2088 2035544    0    0     0     0 2392 2182 23  2 75  0  0 2021-07-24 04:41:19
 2  0      0 57602732   2088 2035556    0    0     0     8 2387 2074 23  3 74  0  0 2021-07-24 04:41:20
 1  0      0 57603484   2088 2035556    0    0     0     0 2478 2177 24  2 74  0  0 2021-07-24 04:41:21
 1  0      0 57554632   2088 2035556    0    0     0     0 2014 1877 20  2 78  0  0 2021-07-24 04:41:22
 1  0      0 57609448   2088 2035556    0    0     0     0 2583 2328 24  1 75  0  0 2021-07-24 04:41:23
 1  0      0 57608580   2088 2035556    0    0     0     0 2486 2261 25  1 74  0  0 2021-07-24 04:41:24
 1  0      0 57612424   2088 2035556    0    0     0     0 2102 1995 21  1 78  0  0 2021-07-24 04:41:25
 1  0      0 57603372   2088 2035556    0    0     0     0 2360 2098 25  1 74  0  0 2021-07-24 04:41:26
 1  0      0 57589484   2088 2035564    0    0     0     0 2196 1740 19  1 79  0  0 2021-07-24 04:41:27
 4  0      0 57586632   2088 2035564    0    0     0     0 1579 1597 18  1 82  0  0 2021-07-24 04:41:28
 2  0      0 57586016   2088 2035564    0    0     0     0 2359 2077 23  2 75  0  0 2021-07-24 04:41:29
 1  0      0 57586144   2088 2035568    0    0     0     4 1713 1718 18  0 81  0  0 2021-07-24 04:41:30
 1  0      0 57603136   2088 2035568    0    0     0     0 2335 2066 24  2 75  0  0 2021-07-24 04:41:31
 2  0      0 57602892   2088 2035568    0    0     0     0 2669 2234 26  3 71  0  0 2021-07-24 04:41:32
 4  0      0 57603148   2088 2035568    0    0     0     0 2543 2187 24  3 73  0  0 2021-07-24 04:41:33
 4  0      0 57603152   2088 2035576    0    0     0     0 2266 2076 23  1 76  0  0 2021-07-24 04:41:34
 1  0      0 57602908   2088 2035576    0    0     0    56 2468 2171 24  2 74  0  0 2021-07-24 04:41:35
 1  0      0 57602664   2088 2035576    0    0     0     0 2511 2232 26  1 73  0  0 2021-07-24 04:41:36
procs -----------memory---------- ---swap-- -----io---- -system-- ------cpu----- -----timestamp-----
 r  b   swpd   free   buff  cache   si   so    bi    bo   in   cs us sy id wa st                 UTC
 1  0      0 57603040   2088 2035576    0    0     0     0 2463 2181 23  3 74  0  0 2021-07-24 04:41:37
 1  0      0 57613704   2088 2035576    0    0     0     0 2076 1942 20  2 78  0  0 2021-07-24 04:41:38
 4  0      0 57604292   2088 2035576    0    0     0     0 2676 2359 25  2 73  0  0 2021-07-24 04:41:39
 1  0      0 57616196   2088 2035576    0    0     0     0 2555 2478 21  2 77  0  0 2021-07-24 04:41:40
 1  0      0 57601440   2088 2035584    0    0     0     0 2734 2474 25  3 73  0  0 2021-07-24 04:41:41
 1  0      0 57585196   2088 2035584    0    0     0     0 1863 1740 21  1 78  0  0 2021-07-24 04:41:42
 1  0      0 57586188   2088 2035584    0    0     0     0 2066 1690 17  2 81  0  0 2021-07-24 04:41:43
 1  0      0 57575280   2088 2035584    0    0     0     0 2072 1962 20  1 78  0  0 2021-07-24 04:41:44
 1  0      0 57576024   2088 2035584    0    0     0     0 2109 1940 22  1 77  0  0 2021-07-24 04:41:45
 1  0      0 57634684   2088 2035584    0    0     0   108 1889 1753 19  2 79  0  0 2021-07-24 04:41:46
 1  0      0 57602324   2088 2035584    0    0     0     0 2608 2343 25  1 74  0  0 2021-07-24 04:41:47
 4  0      0 57602576   2088 2035584    0    0     0     4 2460 2189 23  3 74  0  0 2021-07-24 04:41:48
 4  0      0 57602580   2088 2035592    0    0     0     0 2468 2189 24  2 74  0  0 2021-07-24 04:41:49
 1  0      0 57602708   2088 2035592    0    0     0     0 2310 2122 23  1 76  0  0 2021-07-24 04:41:50
 1  0      0 57602464   2088 2035592    0    0     0     0 2317 2113 22  3 76  0  0 2021-07-24 04:41:51
 4  0      0 57603092   2088 2035592    0    0     0     0 2568 2192 24  3 73  0  0 2021-07-24 04:41:52
 1  0      0 57599872   2088 2035592    0    0     0     0 2202 1990 22  2 76  0  0 2021-07-24 04:41:53
 1  0      0 57613396   2088 2035592    0    0     0     0 2577 2278 24  2 74  0  0 2021-07-24 04:41:54
 3  0      0 57603720   2088 2035592    0    0     0     0 2447 2172 25  1 74  0  0 2021-07-24 04:41:55
 1  0      0 57602856   2088 2035600    0    0     0     0 2134 1977 22  2 77  0  0 2021-07-24 04:41:56
 1  0      0 57602608   2088 2035600    0    0     0     0 2554 2293 27  0 73  0  0 2021-07-24 04:41:57
procs -----------memory---------- ---swap-- -----io---- -system-- ------cpu----- -----timestamp-----
 r  b   swpd   free   buff  cache   si   so    bi    bo   in   cs us sy id wa st                 UTC
 1  0      0 57587108   2088 2035600    0    0     0     0 1835 1759 19  1 80  0  0 2021-07-24 04:41:58
 1  0      0 57577312   2088 2035600    0    0     0     0 1708 1433 16  1 83  0  0 2021-07-24 04:41:59
 1  0      0 57576816   2088 2035604    0    0     0     0 2305 2125 23  1 76  0  0 2021-07-24 04:42:00
 1  0      0 57576824   2088 2035604    0    0     0     8 1878 1796 19  2 80  0  0 2021-07-24 04:42:01
 4  0      0 57593196   2088 2035604    0    0     0     0 2022 1812 21  2 77  0  0 2021-07-24 04:42:02
 2  0      0 57591708   2088 2035604    0    0     0     0 2708 2441 25  2 73  0  0 2021-07-24 04:42:03
 2  0      0 57592088   2088 2035616    0    0     0     0 2460 1995 23  5 72  0  0 2021-07-24 04:42:04
 2  0      0 57592464   2088 2035616    0    0     0     0 2188 1986 23  1 76  0  0 2021-07-24 04:42:05
 1  0      0 57592100   2088 2035620    0    0     0     8 2552 2192 26  2 72  0  0 2021-07-24 04:42:06
 4  0      0 57592228   2088 2035620    0    0     0     0 2557 2371 24  1 75  0  0 2021-07-24 04:42:07
 1  0      0 57592724   2088 2035620    0    0     0     0 2439 2164 24  2 74  0  0 2021-07-24 04:42:08
 1  0      0 57613564   2088 2035620    0    0     0     0 2020 1829 20  2 78  0  0 2021-07-24 04:42:09
 1  0      0 57599188   2088 2035620    0    0     0     0 2685 2371 25  2 73  0  0 2021-07-24 04:42:10
 1  0      0 57634832   2088 2035628    0    0     0     0 2244 2121 22  1 77  0  0 2021-07-24 04:42:11
 1  0      0 57602360   2088 2035628    0    0     0     0 2421 2231 23  2 75  0  0 2021-07-24 04:42:12
 1  0      0 57588276   2088 2035628    0    0     0     0 1828 1760 20  1 79  0  0 2021-07-24 04:42:13
 1  0      0 57608364   2088 2035628    0    0     0     0 1869 1828 18  2 80  0  0 2021-07-24 04:42:14
 1  0      0 57576500   2088 2035628    0    0     0     0 1966 1813 21  1 78  0  0 2021-07-24 04:42:15
 1  0      0 57576752   2088 2035628    0    0     0    44 2583 2135 21  1 77  0  0 2021-07-24 04:42:16
 1  0      0 57626848   2088 2035628    0    0     0     0 1575 1565 18  0 82  0  0 2021-07-24 04:42:17
 1  0      0 57583580   2088 2035636    0    0     0     0 2666 2302 25  2 73  0  0 2021-07-24 04:42:18
procs -----------memory---------- ---swap-- -----io---- -system-- ------cpu----- -----timestamp-----
 r  b   swpd   free   buff  cache   si   so    bi    bo   in   cs us sy id wa st                 UTC
 1  0      0 57583460   2088 2035636    0    0     0    40 2492 2120 24  3 73  0  0 2021-07-24 04:42:19
 4  0      0 57583588   2088 2035636    0    0     0     0 2581 2256 25  3 73  0  0 2021-07-24 04:42:20
 1  0      0 57583716   2088 2035636    0    0     0     0 2153 1992 22  1 77  0  0 2021-07-24 04:42:21
 1  0      0 57583596   2088 2035636    0    0     0     0 2482 2231 24  2 74  0  0 2021-07-24 04:42:22
 2  0      0 57583352   2088 2035636    0    0     0     0 2526 2218 24  2 73  0  0 2021-07-24 04:42:23
 1  0      0 57583856   2088 2035636    0    0     0     0 2383 2096 23  2 75  0  0 2021-07-24 04:42:24
 4  0      0 57613368   2088 2035636    0    0     0     0 2219 2097 21  1 77  0  0 2021-07-24 04:42:25
 1  0      0 57600852   2088 2035644    0    0     0     0 2411 2191 23  1 76  0  0 2021-07-24 04:42:26
 1  0      0 57595892   2088 2035644    0    0     0     0 2249 2066 23  1 76  0  0 2021-07-24 04:42:27
 4  0      0 57596016   2088 2035644    0    0     0     0 2576 2371 25  1 74  0  0 2021-07-24 04:42:28
 1  0      0 57584608   2088 2035644    0    0     0     0 1950 1817 20  1 78  0  0 2021-07-24 04:42:29
 1  0      0 57574316   2088 2035644    0    0     0     0 1421 1460 17  1 83  0  0 2021-07-24 04:42:30
 4  0      0 57573452   2088 2035644    0    0     0     0 2222 1994 24  1 75  0  0 2021-07-24 04:42:31
 1  0      0 57573700   2088 2035644    0    0     0     0 2499 1956 23  1 76  0  0 2021-07-24 04:42:32
 1  0      0 57611032   2088 2035656    0    0     0     0 1945 1800 20  2 78  0  0 2021-07-24 04:42:33
 1  0      0 57587228   2088 2035656    0    0     0     0 2759 2452 27  1 72  0  0 2021-07-24 04:42:34
 2  0      0 57586984   2088 2035656    0    0     0     0 2514 2072 23  5 72  0  0 2021-07-24 04:42:35
 4  0      0 57536148   2088 2035656    0    0     0     0 2081 1962 21  1 77  0  0 2021-07-24 04:42:36
 4  0      0 57586864   2088 2035656    0    0     0     8 2444 2136 22  3 75  0  0 2021-07-24 04:42:37
 1  0      0 57587496   2088 2035656    0    0     0     0 2563 2369 24  2 75  0  0 2021-07-24 04:42:38
 1  0      0 57587000   2088 2035656    0    0     0     0 2420 2143 23  3 74  0  0 2021-07-24 04:42:39
procs -----------memory---------- ---swap-- -----io---- -system-- ------cpu----- -----timestamp-----
 r  b   swpd   free   buff  cache   si   so    bi    bo   in   cs us sy id wa st                 UTC
 1  0      0 57608832   2088 2035664    0    0     0     0 1931 1774 20  2 79  0  0 2021-07-24 04:42:40
 1  0      0 57597804   2088 2035668    0    0     0     0 2860 2462 27  1 71  0  0 2021-07-24 04:42:41
 1  0      0 57589000   2088 2035668    0    0     0     0 2648 2381 26  1 72  0  0 2021-07-24 04:42:42
 1  0      0 57595820   2088 2035668    0    0     0     0 2421 2195 24  1 74  0  0 2021-07-24 04:42:43
 1  0      0 57616776   2088 2035668    0    0     0     0 1879 1771 20  1 79  0  0 2021-07-24 04:42:44
 1  0      0 57601524   2088 2035668    0    0     0     0 1768 1674 18  2 80  0  0 2021-07-24 04:42:45
 1  0      0 57570032   2088 2035668    0    0     0     0 1883 1825 20  1 79  0  0 2021-07-24 04:42:46
 1  0      0 57570280   2088 2035676    0    0     0     4 2444 2150 26  1 73  0  0 2021-07-24 04:42:47
 1  0      0 57628812   2088 2035676    0    0     0     0 1862 1553 18  1 82  0  0 2021-07-24 04:42:48
 1  0      0 57583560   2088 2035676    0    0     0     4 2567 2279 24  2 74  0  0 2021-07-24 04:42:49
 1  0      0 57583436   2088 2035676    0    0     0     0 2554 2133 25  3 71  0  0 2021-07-24 04:42:50
 4  0      0 57583684   2088 2035676    0    0     0     0 2609 2220 25  3 72  0  0 2021-07-24 04:42:51
 1  0      0 57584192   2088 2035676    0    0     0    44 2220 2037 23  1 76  0  0 2021-07-24 04:42:52
 1  0      0 57584320   2088 2035676    0    0     0     0 2419 2171 24  2 75  0  0 2021-07-24 04:42:53
 2  0      0 57583952   2088 2035676    0    0     0     0 2582 2327 25  2 73  0  0 2021-07-24 04:42:54
 2  0      0 57584080   2088 2035684    0    0     0     0 3348 2093 22  3 76  0  0 2021-07-24 04:42:55
 3  0      0 57605288   2088 2035684    0    0     0     0 2250 2006 22  2 75  0  0 2021-07-24 04:42:56
 2  0      0 57594628   2088 2035684    0    0     0     0 2440 2234 22  2 76  0  0 2021-07-24 04:42:57
 4  0      0 57596616   2088 2035684    0    0     0     0 2270 2092 22  2 76  0  0 2021-07-24 04:42:58
 4  0      0 57596740   2088 2035684    0    0     0     0 2430 2258 23  1 75  0  0 2021-07-24 04:42:59
 1  0      0 57581116   2088 2035684    0    0     0     0 1968 1801 21  2 77  0  0 2021-07-24 04:43:00
procs -----------memory---------- ---swap-- -----io---- -system-- ------cpu----- -----timestamp-----
 r  b   swpd   free   buff  cache   si   so    bi    bo   in   cs us sy id wa st                 UTC
 1  0      0 57571320   2088 2035684    0    0     0     0 1540 1560 17  1 82  0  0 2021-07-24 04:43:01
 4  0      0 57570576   2088 2035684    0    0     0     0 1959 1868 20  1 79  0  0 2021-07-24 04:43:02
 2  0      0 57570708   2088 2035692    0    0     0     0 2292 2059 23  2 75  0  0 2021-07-24 04:43:03
 1  0      0 57613492   2088 2035692    0    0     0     0 2324 1801 21  1 78  0  0 2021-07-24 04:43:04
 1  0      0 57580636   2088 2035692    0    0     0     0 2528 2309 25  1 74  0  0 2021-07-24 04:43:05
 1  0      0 57580640   2088 2035696    0    0     0     0 2712 2165 27  4 69  0  0 2021-07-24 04:43:06
 1  0      0 57580396   2088 2035696    0    0     0     8 2105 1908 20  2 78  0  0 2021-07-24 04:43:07
 2  0      0 57580648   2088 2035696    0    0     0     0 2605 2253 26  2 72  0  0 2021-07-24 04:43:08
 1  0      0 57580284   2088 2035700    0    0     0     0 2433 2182 23  2 75  0  0 2021-07-24 04:43:09
 4  0      0 57580532   2088 2035700    0    0     0     0 2351 2136 22  2 76  0  0 2021-07-24 04:43:10
 4  0      0 57532052   2088 2035708    0    0     0     0 2067 1869 21  2 77  0  0 2021-07-24 04:43:11
 4  0      0 57597536   2088 2035708    0    0     0     0 2648 2361 24  2 74  0  0 2021-07-24 04:43:12
 4  0      0 57596668   2088 2035708    0    0     0     0 2564 2300 26  1 73  0  0 2021-07-24 04:43:13
 4  0      0 57595552   2088 2035708    0    0     0     0 2165 1987 22  1 77  0  0 2021-07-24 04:43:14
 1  0      0 57591088   2088 2035708    0    0     0     0 2207 2060 23  1 76  0  0 2021-07-24 04:43:15
 1  0      0 57579804   2088 2035716    0    0     0     0 1821 1705 19  2 79  0  0 2021-07-24 04:43:16
 1  0      0 57570008   2088 2035716    0    0     0     0 1555 1622 17  1 82  0  0 2021-07-24 04:43:17
 1  0      0 57569148   2088 2035716    0    0     0     0 2439 2171 23  2 75  0  0 2021-07-24 04:43:18
 1  0      0 57569272   2088 2035720    0    0     0     0 1691 1649 20  0 80  0  0 2021-07-24 04:43:19
 1  0      0 57583408   2088 2035720    0    0     0    29 2729 2170 23  2 75  0  0 2021-07-24 04:43:20
 2  0      0 57582668   2088 2035720    0    0     0     0 2629 2250 25  3 72  0  0 2021-07-24 04:43:21
procs -----------memory---------- ---swap-- -----io---- -system-- ------cpu----- -----timestamp-----
 r  b   swpd   free   buff  cache   si   so    bi    bo   in   cs us sy id wa st                 UTC
 1  0      0 57582556   2088 2035720    0    0     0     0 2568 2152 24  4 72  0  0 2021-07-24 04:43:22
 1  0      0 57582684   2088 2035720    0    0     0     8 2321 2058 24  1 75  0  0 2021-07-24 04:43:23
 1  0      0 57583304   2088 2035728    0    0     0     0 2515 2174 25  2 73  0  0 2021-07-24 04:43:24
 1  0      0 57582692   2088 2035728    0    0     0     0 2595 2335 25  2 73  0  0 2021-07-24 04:43:25
 1  0      0 57582820   2088 2035728    0    0     0     0 2406 2189 23  2 75  0  0 2021-07-24 04:43:26
 1  0      0 57606632   2088 2035728    0    0     0     0 2012 1794 20  2 77  0  0 2021-07-24 04:43:27
 1  0      0 57592000   2088 2035728    0    0     0    44 2607 2348 24  2 75  0  0 2021-07-24 04:43:28
 1  0      0 57622268   2088 2035728    0    0     0     0 2376 2168 24  1 75  0  0 2021-07-24 04:43:29
 1  0      0 57589112   2088 2035728    0    0     0     0 2434 2202 23  2 75  0  0 2021-07-24 04:43:30
 1  0      0 57571424   2088 2035728    0    0     0     0 1736 1734 19  1 80  0  0 2021-07-24 04:43:31
 1  0      0 57594984   2088 2035740    0    0     0     0 1825 1777 18  2 80  0  0 2021-07-24 04:43:32
 1  0      0 57604908   2088 2035740    0    0     0     0 1963 1839 20  2 78  0  0 2021-07-24 04:43:33
 1  0      0 57604784   2088 2035740    0    0     0     0 2318 2093 23  1 75  0  0 2021-07-24 04:43:34
 1  0      0 57627852   2088 2035740    0    0     0     0 1555 1517 18  0 81  0  0 2021-07-24 04:43:35
 4  0      0 57580612   2088 2035740    0    0     0     0 3006 2284 25  2 73  0  0 2021-07-24 04:43:36
 1  0      0 57580740   2088 2035740    0    0     0     0 2469 2129 24  3 73  0  0 2021-07-24 04:43:37
 1  0      0 57580624   2088 2035740    0    0     0     8 2586 2320 24  2 74  0  0 2021-07-24 04:43:38
 1  0      0 57580504   2088 2035748    0    0     0     0 2294 2046 24  1 75  0  0 2021-07-24 04:43:39
 4  0      0 57580508   2088 2035748    0    0     0     0 2522 2177 25  2 73  0  0 2021-07-24 04:43:40
 2  0      0 57580016   2088 2035748    0    0     0     0 2740 2344 27  2 71  0  0 2021-07-24 04:43:41
 2  0      0 57580268   2088 2035748    0    0     0     0 2323 2099 22  2 76  0  0 2021-07-24 04:43:42
procs -----------memory---------- ---swap-- -----io---- -system-- ------cpu----- -----timestamp-----
 r  b   swpd   free   buff  cache   si   so    bi    bo   in   cs us sy id wa st                 UTC
 2  0      0 57597744   2088 2035748    0    0     0   108 2335 2175 22  2 76  0  0 2021-07-24 04:43:43
 1  0      0 57595068   2088 2035748    0    0     0     0 2464 2231 23  1 76  0  0 2021-07-24 04:43:44
 1  0      0 57592708   2088 2035748    0    0     0     0 2206 2021 21  2 77  0  0 2021-07-24 04:43:45
 1  0      0 57593084   2088 2035756    0    0     0     0 2435 2306 23  1 76  0  0 2021-07-24 04:43:46
 2  0      0 57569524   2088 2035756    0    0     0     0 1834 1772 17  2 81  0  0 2021-07-24 04:43:47
 4  0      0 57567664   2088 2035756    0    0     0     0 1632 1653 18  1 81  0  0 2021-07-24 04:43:48
 1  0      0 57567280   2088 2035756    0    0     0     0 1943 1831 21  1 78  0  0 2021-07-24 04:43:49
 1  0      0 57567156   2088 2035756    0    0     0     0 2314 2134 23  1 76  0  0 2021-07-24 04:43:50
 1  0      0 57617012   2088 2035756    0    0     0    19 1819 1733 19  2 80  0  0 2021-07-24 04:43:51
 1  0      0 57580808   2088 2035756    0    0     0     0 2559 2320 24  2 74  0  0 2021-07-24 04:43:52
 4  0      0 57580564   2088 2035756    0    0     0     0 2846 2174 23  3 74  0  0 2021-07-24 04:43:53
 1  0      0 57580568   2088 2035768    0    0     0     0 2299 2050 23  2 75  0  0 2021-07-24 04:43:54
 2  0      0 57581068   2088 2035768    0    0     0     0 2519 2205 25  2 73  0  0 2021-07-24 04:43:55
 4  0      0 57580332   2088 2035768    0    0     0     0 2417 2135 23  2 75  0  0 2021-07-24 04:43:56
 4  0      0 57580460   2088 2035768    0    0     0     0 2400 2117 23  3 74  0  0 2021-07-24 04:43:57
 5  0      0 57619736   2088 2035768    0    0     0     0 2125 1929 21  2 77  0  0 2021-07-24 04:43:58
 4  0      0 57590020   2088 2035768    0    0     0     0 2695 2361 25  2 73  0  0 2021-07-24 04:43:59
 4  0      0 57589396   2088 2035768    0    0     0     0 2520 2296 25  1 74  0  0 2021-07-24 04:44:00
 4  0      0 57586420   2088 2035768    0    0     0     0 2351 2066 21  1 78  0  0 2021-07-24 04:44:01
 1  0      0 57577992   2088 2035776    0    0     0     0 2326 2061 21  1 78  0  0 2021-07-24 04:44:02
 1  0      0 57567700   2088 2035776    0    0     0     0 1818 1761 18  1 80  0  0 2021-07-24 04:44:03
procs -----------memory---------- ---swap-- -----io---- -system-- ------cpu----- -----timestamp-----
 r  b   swpd   free   buff  cache   si   so    bi    bo   in   cs us sy id wa st                 UTC
 4  0      0 57562368   2088 2035776    0    0     0    52 1606 1616 18  1 81  0  0 2021-07-24 04:44:04
 1  0      0 57561876   2088 2035776    0    0     0     0 2448 2128 24  2 74  0  0 2021-07-24 04:44:05
 1  0      0 57562004   2088 2035776    0    0     0     0 1694 1675 20  0 80  0  0 2021-07-24 04:44:06
 1  0      0 57576392   2088 2035776    0    0     0     6 2318 2089 23  2 76  0  0 2021-07-24 04:44:07
 2  0      0 57575528   2088 2035776    0    0     0     0 2666 2267 25  3 72  0  0 2021-07-24 04:44:08
 2  0      0 57575288   2088 2035784    0    0     0     8 2916 2158 25  3 73  0  0 2021-07-24 04:44:09
 2  0      0 57575288   2088 2035784    0    0     0     0 2413 2164 25  1 74  0  0 2021-07-24 04:44:10
 1  0      0 57575540   2088 2035784    0    0     0     0 2477 2130 25  2 73  0  0 2021-07-24 04:44:11
 1  0      0 57575424   2088 2035784    0    0     0     0 2572 2277 26  1 73  0  0 2021-07-24 04:44:12
 1  0      0 57575304   2088 2035784    0    0     0     0 2466 2172 24  2 74  0  0 2021-07-24 04:44:13
 1  0      0 57599364   2088 2035784    0    0     0     0 2031 1865 20  2 78  0  0 2021-07-24 04:44:14
 1  0      0 57589948   2088 2035784    0    0     0     0 2684 2344 26  1 73  0  0 2021-07-24 04:44:15
 1  0      0 57589328   2088 2035792    0    0     0     0 2032 1945 20  1 79  0  0 2021-07-24 04:44:16
 1  0      0 57587592   2088 2035792    0    0     0     0 2659 2306 27  2 71  0  0 2021-07-24 04:44:17
 4  0      0 57567132   2088 2035796    0    0     0     0 1727 1759 18  1 81  0  0 2021-07-24 04:44:18
 0  0      0 60537764   2088 1889504    0    0 14356     0 2013 1877  7  4 87  2  0 2021-07-24 04:44:19
 0  0      0 60537588   2088 1889468    0    0     0     0  538  939  0  0 100  0  0 2021-07-24 04:44:20
 0  0      0 60537588   2088 1889468    0    0     0    37  519  915  0  0 100  0  0 2021-07-24 04:44:21
 0  0      0 60537588   2088 1889468    0    0     0     1  524  940  0  0 100  0  0 2021-07-24 04:44:22
 0  0      0 60537588   2088 1889468    0    0     0     0  514  904  0  0 100  0  0 2021-07-24 04:44:23
 0  0      0 60537588   2088 1889468    0    0     0     0  510  909  0  0 100  0  0 2021-07-24 04:44:24
procs -----------memory---------- ---swap-- -----io---- -system-- ------cpu----- -----timestamp-----
 r  b   swpd   free   buff  cache   si   so    bi    bo   in   cs us sy id wa st                 UTC
 0  0      0 60537588   2088 1889468    0    0     0     0  851  909  0  0 100  0  0 2021-07-24 04:44:25
 0  0      0 60537588   2088 1889468    0    0     0     0  486  869  0  0 100  0  0 2021-07-24 04:44:26
 0  0      0 60537588   2088 1889468    0    0     0     0  520  929  0  0 100  0  0 2021-07-24 04:44:27
 0  0      0 60537588   2088 1889468    0    0     0     0  519  926  0  0 100  0  0 2021-07-24 04:44:28
 0  0      0 60537588   2088 1889472    0    0     0     0  479  859  0  0 100  0  0 2021-07-24 04:44:29
 1  0      0 60537588   2088 1889472    0    0     0     0  522  930  0  0 100  0  0 2021-07-24 04:44:30
 0  0      0 60537588   2088 1889472    0    0     0     0  501  891  0  0 100  0  0 2021-07-24 04:44:31
 0  0      0 60537588   2088 1889472    0    0     0     0  485  856  0  0 100  0  0 2021-07-24 04:44:32
 0  0      0 60537588   2088 1889472    0    0     0     0  522  925  0  0 100  0  0 2021-07-24 04:44:33
 0  0      0 60537588   2088 1889472    0    0     0     0  517  923  0  0 100  0  0 2021-07-24 04:44:34
 0  0      0 60537588   2088 1889472    0    0     0     0  522  911  0  0 100  0  0 2021-07-24 04:44:35
 0  0      0 60537588   2088 1889472    0    0     0     0  504  897  0  0 100  0  0 2021-07-24 04:44:36
 0  0      0 60537588   2088 1889472    0    0     0     0  511  904  0  0 100  0  0 2021-07-24 04:44:37
 0  0      0 60537588   2088 1889472    0    0     0     0  537  937  0  0 100  0  0 2021-07-24 04:44:38
 0  0      0 60537588   2088 1889472    0    0     0     0  513  911  0  0 100  0  0 2021-07-24 04:44:39
 0  0      0 60537588   2088 1889472    0    0     0    76  514  913  0  0 100  0  0 2021-07-24 04:44:40
 0  0      0 60537588   2088 1889472    0    0     0     0  848  908  0  0 100  0  0 2021-07-24 04:44:41
 0  0      0 60537588   2088 1889472    0    0     0     0  499  894  0  0 100  0  0 2021-07-24 04:44:42
 0  0      0 60537588   2088 1889472    0    0     0     0  546  948  0  0 100  0  0 2021-07-24 04:44:43
 0  0      0 60537092   2088 1889472    0    0     0     0  612 1043  0  0 100  0  0 2021-07-24 04:44:44
 0  0      0 60537092   2088 1889472    0    0     0     0  496  881  0  0 100  0  0 2021-07-24 04:44:45
procs -----------memory---------- ---swap-- -----io---- -system-- ------cpu----- -----timestamp-----
 r  b   swpd   free   buff  cache   si   so    bi    bo   in   cs us sy id wa st                 UTC
 0  0      0 60537092   2088 1889472    0    0     0     0  518  929  0  0 100  0  0 2021-07-24 04:44:46
 0  0      0 60537092   2088 1889472    0    0     0     0  519  914  0  0 100  0  0 2021-07-24 04:44:47
 0  0      0 60537364   2088 1889492    0    0     0     8  824 1147  0  0 100  0  0 2021-07-24 04:44:48
 0  0      0 60537364   2088 1889492    0    0     0     0  478  849  0  0 100  0  0 2021-07-24 04:44:49
 0  0      0 60537364   2088 1889492    0    0     0 43764  840  920  0  0 99  1  0 2021-07-24 04:44:50
 0  0      0 60537476   2088 1889492    0    0     0     0  481  851  0  0 100  0  0 2021-07-24 04:44:51
 0  0      0 60537476   2088 1889492    0    0     0    48  467  838  0  0 100  0  0 2021-07-24 04:44:52
 0  0      0 60537476   2088 1889492    0    0     0     0  495  879  0  0 100  0  0 2021-07-24 04:44:53
 0  0      0 60537476   2088 1889492    0    0     0     0  475  843  0  0 100  0  0 2021-07-24 04:44:54
 0  0      0 60537476   2088 1889492    0    0     0     0  471  834  0  0 100  0  0 2021-07-24 04:44:55
 0  0      0 60537476   2088 1889492    0    0     0     0  468  823  0  0 100  0  0 2021-07-24 04:44:56
 0  0      0 60537476   2088 1889492    0    0     0     0  835  878  0  0 100  0  0 2021-07-24 04:44:57
 0  0      0 60537476   2088 1889492    0    0     0     0  515  902  0  0 100  0  0 2021-07-24 04:44:58
 0  0      0 60536952   2088 1889492    0    0     0    10  739 1078  0  0 100  0  0 2021-07-24 04:44:59
 0  0      0 60537104   2088 1889492    0    0     0     0  496  880  0  0 100  0  0 2021-07-24 04:45:00
 0  0      0 60537104   2088 1889492    0    0     0     0  479  843  0  0 100  0  0 2021-07-24 04:45:01
 0  0      0 60537104   2088 1889492    0    0     0     0  480  850  0  0 100  0  0 2021-07-24 04:45:02
 0  0      0 60537104   2088 1889492    0    0     0     0  498  882  0  0 100  0  0 2021-07-24 04:45:03
 0  0      0 60537104   2088 1889492    0    0     0     0  469  822  0  0 100  0  0 2021-07-24 04:45:04
 0  0      0 60537296   2088 1889492    0    0     0     0  696 1018  0  0 100  0  0 2021-07-24 04:45:05
 0  0      0 60541192   2088 1889492    0    0     0     0  352  495  0  0 100  0  0 2021-07-24 04:45:06
procs -----------memory---------- ---swap-- -----io---- -system-- ------cpu----- -----timestamp-----
 r  b   swpd   free   buff  cache   si   so    bi    bo   in   cs us sy id wa st                 UTC
 0  0      0 60541676   2088 1889500    0    0     0     0  179  264  0  0 100  0  0 2021-07-24 04:45:07
 0  0      0 60541676   2088 1889500    0    0     0     0  510  263  0  0 100  0  0 2021-07-24 04:45:08
 0  0      0 60541676   2088 1889500    0    0     0     0  388  510  0  0 100  0  0 2021-07-24 04:45:09
 0  0      0 60541808   2088 1889500    0    0     0     0  198  295  0  0 100  0  0 2021-07-24 04:45:10
 0  0      0 60541808   2088 1889500    0    0     0     0  185  276  0  0 100  0  0 2021-07-24 04:45:11
 0  0      0 60541808   2088 1889500    0    0     0     0  172  256  0  0 100  0  0 2021-07-24 04:45:12
 0  0      0 60541808   2088 1889500    0    0     0     0  507  265  0  0 100  0  0 2021-07-24 04:45:13
 0  0      0 60541808   2088 1889500    0    0     0     0  209  305  0  0 100  0  0 2021-07-24 04:45:14
 0  0      0 60541808   2088 1889500    0    0     0    12  191  281  0  0 100  0  0 2021-07-24 04:45:15
