#Date       Time        gpu rxpci txpci    sm   mem   enc   dec
#YYYYMMDD   HH:MM:SS    Idx  MB/s  MB/s     %     %     %     %
 20210724   07:26:56      0     0     0     0     0     0     0
 20210724   07:26:57      0     0     0     0     0     0     0
 20210724   07:26:59      0     0     0     0     0     0     0
 20210724   07:27:00      0     0     0     0     0     0     0
 20210724   07:27:01      0     0     0     0     0     0     0
 20210724   07:27:02      0     0     0     0     0     0     0
 20210724   07:27:03      0     0     0     0     0     0     0
 20210724   07:27:04      0     0     0     0     0     0     0
 20210724   07:27:05      0     0     0     0     0     0     0
 20210724   07:27:06      0     0     0     0     0     0     0
 20210724   07:27:07      0     0     0     0     0     0     0
 20210724   07:27:09      0     0     0     0     0     0     0
 20210724   07:27:10      0     0     0     0     0     0     0
 20210724   07:27:11      0     0     0     0     0     0     0
 20210724   07:27:12      0     0     0     0     0     0     0
 20210724   07:27:13      0     0     0     0     0     0     0
 20210724   07:27:14      0     0     0     0     0     0     0
 20210724   07:27:15      0     0     0     0     0     0     0
 20210724   07:27:16      0     0     0     0     0     0     0
 20210724   07:27:17      0     0     0     0     0     0     0
 20210724   07:27:19      0     0     0     0     0     0     0
 20210724   07:27:20      0     0     0     0     0     0     0
 20210724   07:27:21      0     0     0     0     0     0     0
 20210724   07:27:22      0     0     0     0     0     0     0
 20210724   07:27:23      0     0     0     0     0     0     0
 20210724   07:27:24      0     0     0     0     0     0     0
 20210724   07:27:25      0     0     0     0     0     0     0
 20210724   07:27:26      0     0     0     0     0     0     0
 20210724   07:27:27      0     0     0     0     0     0     0
 20210724   07:27:29      0     0     0     0     0     0     0
 20210724   07:27:30      0     0     0     0     0     0     0
 20210724   07:27:31      0     0     0     0     0     0     0
 20210724   07:27:32      0     0     0     0     0     0     0
 20210724   07:27:33      0     0     0     0     0     0     0
 20210724   07:27:34      0     0     0     0     0     0     0
 20210724   07:27:35      0     0     0     0     0     0     0
 20210724   07:27:36      0     0     0     0     0     0     0
 20210724   07:27:37      0     0     0     0     0     0     0
 20210724   07:27:39      0     0     0     0     0     0     0
 20210724   07:27:40      0     0     0     0     0     0     0
 20210724   07:27:41      0     0     0     0     0     0     0
 20210724   07:27:42      0     0     0     0     0     0     0
 20210724   07:27:43      0     0     0     0     0     0     0
 20210724   07:27:44      0     0     0     0     0     0     0
#Date       Time        gpu rxpci txpci    sm   mem   enc   dec
#YYYYMMDD   HH:MM:SS    Idx  MB/s  MB/s     %     %     %     %
 20210724   07:27:45      0     0     0     0     0     0     0
 20210724   07:27:46      0     0     0     0     0     0     0
 20210724   07:27:48      0     0     0     0     0     0     0
 20210724   07:27:49      0     0     0     0     0     0     0
 20210724   07:27:50      0     0     0     0     0     0     0
 20210724   07:27:51      0     0     0     0     0     0     0
 20210724   07:27:52      0     0     0     0     0     0     0
 20210724   07:27:53      0     0     0     0     0     0     0
 20210724   07:27:55      0     0     0     0     0     0     0
 20210724   07:27:56      0     0     0     0     0     0     0
 20210724   07:27:57      0     1     4     0     0     0     0
 20210724   07:27:58      0     0     5     7     0     0     0
 20210724   07:27:59      0   116    40     3     0     0     0
 20210724   07:28:00      0   157     0     3     0     0     0
 20210724   07:28:01      0     0     0     0     0     0     0
 20210724   07:28:02      0     0   258     0     0     0     0
 20210724   07:28:03      0     0     0    37    25     0     0
 20210724   07:28:04      0     0     0     0     0     0     0
 20210724   07:28:06      0     0     0    21    15     0     0
 20210724   07:28:07      0     0     0     0     0     0     0
 20210724   07:28:08      0     0     0     0     0     0     0
 20210724   07:28:09      0  5876   439     0     0     0     0
 20210724   07:28:10      0     0     0    42    28     0     0
 20210724   07:28:11      0     0     0     0     0     0     0
 20210724   07:28:12      0     0     0     0     0     0     0
 20210724   07:28:13      0     0     0     0     0     0     0
 20210724   07:28:14      0     0     0     0     0     0     0
 20210724   07:28:15      0     0     0    39    25     0     0
 20210724   07:28:17      0  3090     9    12     6     0     0
 20210724   07:28:18      0     0     0     0     0     0     0
 20210724   07:28:19      0     0     0     0     0     0     0
 20210724   07:28:20      0     0     0     0     0     0     0
 20210724   07:28:21      0     0     0     0     0     0     0
 20210724   07:28:22      0  3343   380    70    28     0     0
 20210724   07:28:23      0     0     0    33     0     0     0
 20210724   07:28:24      0     0     0     0     0     0     0
 20210724   07:28:25      0     0     0     0     0     0     0
 20210724   07:28:26      0  3417   262    34    23     0     0
 20210724   07:28:28      0     0     0     0     0     0     0
 20210724   07:28:29      0     0     0     0     0     0     0
 20210724   07:28:30      0     0     0     0     0     0     0
 20210724   07:28:31      0  1058     8     0     0     0     0
 20210724   07:28:32      0     0     0     0     0     0     0
 20210724   07:28:33      0     0     0     0     0     0     0
#Date       Time        gpu rxpci txpci    sm   mem   enc   dec
#YYYYMMDD   HH:MM:SS    Idx  MB/s  MB/s     %     %     %     %
 20210724   07:28:34      0     0     0     0     0     0     0
 20210724   07:28:35      0     0     0     0     0     0     0
 20210724   07:28:36      0     0     0     0     0     0     0
 20210724   07:28:37      0     0   351     0     0     0     0
 20210724   07:28:39      0     2     0    79    17     0     0
 20210724   07:28:40      0     0     0    41    28     0     0
 20210724   07:28:41      0     0     0     0     0     0     0
 20210724   07:28:42      0     0     0     0     0     0     0
 20210724   07:28:43      0  3841   466    23    14     0     0
 20210724   07:28:44      0   791     0    26    17     0     0
 20210724   07:28:45      0     0     0    39    25     0     0
 20210724   07:28:46      0     0     0     0     0     0     0
 20210724   07:28:47      0     0     0     0     0     0     0
 20210724   07:28:48      0     0     0     0     0     0     0
 20210724   07:28:49      0  3774   463     0     0     0     0
 20210724   07:28:50      0     0     0     0     0     0     0
 20210724   07:28:52      0     0   746     2     0     0     0
 20210724   07:28:53      0     0     0    23    16     0     0
 20210724   07:28:54      0     0     0     0     0     0     0
 20210724   07:28:55      0     0     0     0     0     0     0
 20210724   07:28:56      0     0     0    75    28     0     0
 20210724   07:28:57      0     0     0    27    19     0     0
 20210724   07:28:58      0     0     0     0     0     0     0
 20210724   07:28:59      0     0     0     0     0     0     0
 20210724   07:29:00      0     0     0     0     0     0     0
 20210724   07:29:02      0  6398   327     6     2     0     0
 20210724   07:29:03      0     0     0     0     0     0     0
 20210724   07:29:04      0     0     0     4     1     0     0
 20210724   07:29:05      0     0     0     0     0     0     0
 20210724   07:29:06      0     1     0    34    25     0     0
 20210724   07:29:07      0     0     0     0     0     0     0
 20210724   07:29:08      0  3495   164     0     0     0     0
 20210724   07:29:09      0     0     0    10     0     0     0
 20210724   07:29:10      0     0     0     0     0     0     0
 20210724   07:29:12      0  3773   442     0     0     0     0
 20210724   07:29:13      0     0     0    41    28     0     0
 20210724   07:29:14      0     0     0     0     0     0     0
 20210724   07:29:15      0     0     0     0     0     0     0
 20210724   07:29:16      0     0     0     0     0     0     0
 20210724   07:29:17      0     0     0     0     0     0     0
 20210724   07:29:18      0     0     0     0     0     0     0
 20210724   07:29:19      0     4     0    24    15     0     0
 20210724   07:29:20      0     0     0     0     0     0     0
 20210724   07:29:21      0     0   699     0     0     0     0
#Date       Time        gpu rxpci txpci    sm   mem   enc   dec
#YYYYMMDD   HH:MM:SS    Idx  MB/s  MB/s     %     %     %     %
 20210724   07:29:23      0     0     0     0     0     0     0
 20210724   07:29:24      0  6278   452     0     0     0     0
 20210724   07:29:25      0     0     0    47     0     0     0
 20210724   07:29:26      0     0     0     0     0     0     0
 20210724   07:29:27      0     0     0     0     0     0     0
 20210724   07:29:28      0     0     0    41    28     0     0
 20210724   07:29:29      0     0     0     0     0     0     0
 20210724   07:29:30      0     0     0     0     0     0     0
 20210724   07:29:31      0     0     0     0     0     0     0
 20210724   07:29:32      0     0     0     0     0     0     0
 20210724   07:29:34      0     0     0    39    25     0     0
 20210724   07:29:35      0  2271     9    24    15     0     0
 20210724   07:29:36      0     0     0     0     0     0     0
 20210724   07:29:37      0     0     0     0     0     0     0
 20210724   07:29:38      0     0     0     0     0     0     0
 20210724   07:29:39      0     0     0     0     0     0     0
 20210724   07:29:40      0  3506     5   100     1     0     0
 20210724   07:29:41      0     0     0     0     0     0     0
 20210724   07:29:42      0     0     0     0     0     0     0
 20210724   07:29:43      0     0     0     0     0     0     0
 20210724   07:29:44      0  3441   390    18    11     0     0
 20210724   07:29:46      0     0     0    35     0     0     0
 20210724   07:29:47      0     0     0    42    10     0     0
 20210724   07:29:48      0     0     0     0     0     0     0
 20210724   07:29:49      0     0     0     0     0     0     0
 20210724   07:29:50      0     0     0     0     0     0     0
 20210724   07:29:51      0     0     0     0     0     0     0
 20210724   07:29:52      0     0     0     0     0     0     0
 20210724   07:29:53      0     0     0     0     0     0     0
 20210724   07:29:54      0     0     0    17    12     0     0
 20210724   07:29:55      0     0     0     0     0     0     0
 20210724   07:29:57      0  3607   408     2     0     0     0
 20210724   07:29:58      0  4397   451    24    14     0     0
 20210724   07:29:59      0     0     0     0     0     0     0
 20210724   07:30:00      0     0     0     0     0     0     0
 20210724   07:30:01      0  6034   442     0     0     0     0
 20210724   07:30:02      0  3669   205     0     0     0     0
 20210724   07:30:03      0    25     1     0     0     0     0
 20210724   07:30:04      0     0     0    16    12     0     0
 20210724   07:30:05      0     0     0     0     0     0     0
 20210724   07:30:06      0     0     0     0     0     0     0
 20210724   07:30:07      0  1153   713     0     0     0     0
 20210724   07:30:08      0     0     0    37    25     0     0
 20210724   07:30:10      0     0     0     0     0     0     0
#Date       Time        gpu rxpci txpci    sm   mem   enc   dec
#YYYYMMDD   HH:MM:SS    Idx  MB/s  MB/s     %     %     %     %
 20210724   07:30:11      0     0     0    25    18     0     0
 20210724   07:30:12      0     0     0     0     0     0     0
 20210724   07:30:13      0     0     0     0     0     0     0
 20210724   07:30:14      0     0   651     0     0     0     0
 20210724   07:30:15      0     0     0     9     4     0     0
 20210724   07:30:16      0     0     0     0     0     0     0
 20210724   07:30:17      0     0     0     0     0     0     0
 20210724   07:30:18      0     0     0     0     0     0     0
 20210724   07:30:19      0     0     0     0     0     0     0
 20210724   07:30:21      0     0     0     0     0     0     0
 20210724   07:30:22      0     0     0     4     1     0     0
 20210724   07:30:23      0     0   518     0     0     0     0
 20210724   07:30:24      0     0     0    27    20     0     0
 20210724   07:30:25      0     0     0     0     0     0     0
 20210724   07:30:26      0     0     0    42    28     0     0
 20210724   07:30:27      0     0     0     0     0     0     0
 20210724   07:30:29      0     0     0     0     0     0     0
 20210724   07:30:30      0  3605   407    42    28     0     0
 20210724   07:30:31      0     0     0     0     0     0     0
 20210724   07:30:32      0     0     0     0     0     0     0
 20210724   07:30:33      0     0     0     0     0     0     0
 20210724   07:30:34      0     0     0     0     0     0     0
 20210724   07:30:35      0     0   725     0     0     0     0
 20210724   07:30:36      0     0     0     0     0     0     0
 20210724   07:30:37      0     0     0    12     7     0     0
 20210724   07:30:38      0     0   542     0     0     0     0
 20210724   07:30:40      0     0     0    42    28     0     0
 20210724   07:30:41      0     0     0     0     0     0     0
 20210724   07:30:42      0     0     0    41    28     0     0
 20210724   07:30:43      0     0     0     0     0     0     0
 20210724   07:30:44      0     0     0     0     0     0     0
 20210724   07:30:45      0  5952   468     0     0     0     0
 20210724   07:30:46      0     0     0    42    28     0     0
 20210724   07:30:47      0     0     0     0     0     0     0
 20210724   07:30:48      0     0     0     0     0     0     0
 20210724   07:30:49      0     0     0     0     0     0     0
 20210724   07:30:51      0     0     0     0     0     0     0
 20210724   07:30:52      0     0     0     0     0     0     0
 20210724   07:30:53      0     0     0    16     9     0     0
 20210724   07:30:54      0     0     0     0     0     0     0
 20210724   07:30:55      0  5499   456     0     0     0     0
 20210724   07:30:56      0     0     0     0     0     0     0
 20210724   07:30:57      0  2756   581     0     0     0     0
 20210724   07:30:58      0     0     0    55     0     0     0
#Date       Time        gpu rxpci txpci    sm   mem   enc   dec
#YYYYMMDD   HH:MM:SS    Idx  MB/s  MB/s     %     %     %     %
 20210724   07:30:59      0     0     0     0     0     0     0
 20210724   07:31:01      0     0     0     0     0     0     0
 20210724   07:31:02      0     0   660     0     0     0     0
 20210724   07:31:03      0     0     0    90    28     0     0
 20210724   07:31:04      0     0     0     0     0     0     0
 20210724   07:31:05      0     0     0    13     0     0     0
 20210724   07:31:06      0     0     0     0     0     0     0
 20210724   07:31:07      0     0   404     0     0     0     0
 20210724   07:31:08      0     0     0     0     0     0     0
 20210724   07:31:09      0     0     0     0     0     0     0
 20210724   07:31:10      0     0     0     0     0     0     0
 20210724   07:31:11      0     0     0     0     0     0     0
 20210724   07:31:13      0     0     0     0     0     0     0
 20210724   07:31:14      0     0   646     0     0     0     0
 20210724   07:31:15      0  3394   112    50    28     0     0
 20210724   07:31:16      0     0     0    42    28     0     0
 20210724   07:31:17      0     0     0     0     0     0     0
 20210724   07:31:18      0     0     0     0     0     0     0
 20210724   07:31:19      0  4154   482     0     0     0     0
 20210724   07:31:20      0  3581   447     0     0     0     0
 20210724   07:31:21      0    28     3     0     0     0     0
 20210724   07:31:22      0     0     0     0     0     0     0
 20210724   07:31:23      0     0     0     0     0     0     0
 20210724   07:31:25      0     0     0     0     0     0     0
 20210724   07:31:26      0     0     0     2     1     0     0
 20210724   07:31:27      0     0     0     0     0     0     0
 20210724   07:31:28      0     0     0     0     0     0     0
 20210724   07:31:29      0     0     0     0     0     0     0
 20210724   07:31:30      0  3578   406    41    28     0     0
 20210724   07:31:31      0  3708   343     0     0     0     0
 20210724   07:31:32      0     0     0     0     0     0     0
 20210724   07:31:33      0     0     0     0     0     0     0
 20210724   07:31:34      0     0     0     0     0     0     0
 20210724   07:31:36      0     0     0     0     0     0     0
 20210724   07:31:37      0     0   645     0     0     0     0
 20210724   07:31:38      0     0     0     0     0     0     0
 20210724   07:31:39      0     0     0     0     0     0     0
 20210724   07:31:40      0     0     0     0     0     0     0
 20210724   07:31:41      0  1024     0    19    12     0     0
 20210724   07:31:42      0     0     0    41    28     0     0
 20210724   07:31:43      0     0     0     0     0     0     0
 20210724   07:31:44      0     0     0    41    28     0     0
 20210724   07:31:45      0     0     0     0     0     0     0
 20210724   07:31:47      0     0     0     0     0     0     0
#Date       Time        gpu rxpci txpci    sm   mem   enc   dec
#YYYYMMDD   HH:MM:SS    Idx  MB/s  MB/s     %     %     %     %
 20210724   07:31:48      0  3384   273    48    28     0     0
 20210724   07:31:49      0     0     0     0     0     0     0
 20210724   07:31:50      0     0     0     0     0     0     0
 20210724   07:31:51      0     0     0     0     0     0     0
 20210724   07:31:52      0     0     0     0     0     0     0
 20210724   07:31:53      0  4555   388     0     0     0     0
 20210724   07:31:54      0     0     0     0     0     0     0
 20210724   07:31:55      0     0     0    19    13     0     0
 20210724   07:31:57      0     0     0     0     0     0     0
 20210724   07:31:58      0  3374   425     0     0     0     0
 20210724   07:31:59      0     0     0     0     0     0     0
 20210724   07:32:00      0     0   147     0     0     0     0
 20210724   07:32:01      0     0     0    50     0     0     0
 20210724   07:32:02      0     0     0     0     0     0     0
 20210724   07:32:03      0     0     0     0     0     0     0
 20210724   07:32:04      0  6601   457     0     0     0     0
 20210724   07:32:05      0     0     0     0     0     0     0
 20210724   07:32:06      0     0     0     0     0     0     0
 20210724   07:32:07      0     0     0     0     0     0     0
 20210724   07:32:08      0     0     0     0     0     0     0
 20210724   07:32:10      0  1128     8     0     0     0     0
 20210724   07:32:11      0     0   423     0     0     0     0
 20210724   07:32:12      0     0     0     0     0     0     0
 20210724   07:32:13      0     0     0     0     0     0     0
 20210724   07:32:14      0     0     0     0     0     0     0
 20210724   07:32:15      0     0     0     0     0     0     0
 20210724   07:32:16      0  3737   401    17    11     0     0
 20210724   07:32:17      0     0     0    87    28     0     0
 20210724   07:32:18      0     0     0     7     4     0     0
 20210724   07:32:19      0     0     0     0     0     0     0
 20210724   07:32:20      0  1599   672     0     0     0     0
 20210724   07:32:21      0  3397   387    22    13     0     0
 20210724   07:32:23      0   646   234    17    11     0     0
 20210724   07:32:24      0     0     0    39    25     0     0
 20210724   07:32:25      0     0     0     0     0     0     0
 20210724   07:32:26      0     0     0     0     0     0     0
 20210724   07:32:27      0     0     0     0     0     0     0
 20210724   07:32:28      0     0     0     0     0     0     0
 20210724   07:32:29      0     0     0     0     0     0     0
 20210724   07:32:30      0     0     0    41    28     0     0
 20210724   07:32:31      0     0     0     0     0     0     0
 20210724   07:32:32      0     0     0     0     0     0     0
 20210724   07:32:34      0     0   276     0     0     0     0
 20210724   07:32:35      0     0     0    15     0     0     0
#Date       Time        gpu rxpci txpci    sm   mem   enc   dec
#YYYYMMDD   HH:MM:SS    Idx  MB/s  MB/s     %     %     %     %
 20210724   07:32:36      0     0     0     0     0     0     0
 20210724   07:32:37      0     0     0     0     0     0     0
 20210724   07:32:38      0     0   778     0     0     0     0
 20210724   07:32:39      0  4848   396     0     0     0     0
 20210724   07:32:40      0     0     0    20    14     0     0
 20210724   07:32:41      0     0     0     0     0     0     0
 20210724   07:32:42      0     0     0     0     0     0     0
 20210724   07:32:43      0     0     0     0     0     0     0
 20210724   07:32:44      0  2051     0    23    14     0     0
 20210724   07:32:46      0     0     0     0     0     0     0
 20210724   07:32:47      0  1904     0    42    28     0     0
 20210724   07:32:48      0     0     0     0     0     0     0
 20210724   07:32:49      0     0     0     0     0     0     0
 20210724   07:32:50      0     0   774     0     0     0     0
 20210724   07:32:51      0     0     0     6     1     0     0
 20210724   07:32:52      0     0     0     0     0     0     0
 20210724   07:32:53      0     0     0     0     0     0     0
 20210724   07:32:54      0     0     0     0     0     0     0
 20210724   07:32:55      0     0     0     0     0     0     0
 20210724   07:32:56      0     0     0    37    25     0     0
 20210724   07:32:58      0  1275     8     0     0     0     0
 20210724   07:32:59      0     0     0     0     0     0     0
 20210724   07:33:00      0     0     0     0     0     0     0
 20210724   07:33:01      0     0     0     0     0     0     0
 20210724   07:33:02      0     0     0     0     0     0     0
 20210724   07:33:03      0  3409   387    69    28     0     0
 20210724   07:33:04      0     0     0     0     0     0     0
 20210724   07:33:05      0     0     0     0     0     0     0
 20210724   07:33:06      0     0     0     0     0     0     0
 20210724   07:33:08      0     0     0    59     4     0     0
 20210724   07:33:09      0     0     0     0     0     0     0
 20210724   07:33:10      0     0     0     0     0     0     0
 20210724   07:33:11      0     0     0     0     0     0     0
 20210724   07:33:12      0     0   567     0     0     0     0
 20210724   07:33:13      0     0     0     0     0     0     0
 20210724   07:33:14      0     0     0     0     0     0     0
 20210724   07:33:15      0     0     0     0     0     0     0
 20210724   07:33:16      0     0     0     0     0     0     0
 20210724   07:33:17      0     0     0     0     0     0     0
 20210724   07:33:19      0     0     0     0     0     0     0
 20210724   07:33:20      0     0     0     0     0     0     0
 20210724   07:33:21      0     0     0     0     0     0     0
 20210724   07:33:22      0     0     0     0     0     0     0
 20210724   07:33:23      0     0     0     0     0     0     0
#Date       Time        gpu rxpci txpci    sm   mem   enc   dec
#YYYYMMDD   HH:MM:SS    Idx  MB/s  MB/s     %     %     %     %
 20210724   07:33:24      0     0     0     0     0     0     0
 20210724   07:33:25      0     0     0     0     0     0     0
 20210724   07:33:27      0     0     0     0     0     0     0
 20210724   07:33:28      0     0     0     0     0     0     0
 20210724   07:33:29      0     0     0     0     0     0     0
 20210724   07:33:30      0     0     0     0     0     0     0
 20210724   07:33:31      0     0     0     0     0     0     0
 20210724   07:33:32      0     0     0     0     0     0     0
 20210724   07:33:33      0     0     0     0     0     0     0
 20210724   07:33:34      0     0     0     0     0     0     0
 20210724   07:33:35      0     0     0     0     0     0     0
 20210724   07:33:37      0     0     0     0     0     0     0
 20210724   07:33:38      0     0     0     0     0     0     0
 20210724   07:33:39      0     0     0     0     0     0     0
 20210724   07:33:40      0     0     0     0     0     0     0
 20210724   07:33:41      0     0     0     0     0     0     0
 20210724   07:33:42      0     0     0     0     0     0     0
 20210724   07:33:43      0     0     0     0     0     0     0
 20210724   07:33:44      0     0     0     0     0     0     0
 20210724   07:33:45      0     0     0     0     0     0     0
 20210724   07:33:47      0     0     0     0     0     0     0
 20210724   07:33:48      0     0     0     0     0     0     0
 20210724   07:33:49      0     0     0     0     0     0     0
 20210724   07:33:50      0     0     0     0     0     0     0
 20210724   07:33:51      0     0     0     0     0     0     0
 20210724   07:33:52      0     0     0     0     0     0     0
 20210724   07:33:53      0     0     0     0     0     0     0
 20210724   07:33:54      0     0     0     0     0     0     0
 20210724   07:33:55      0     0     0     0     0     0     0
 20210724   07:33:57      0     0     0     0     0     0     0
 20210724   07:33:58      0     0     0     0     0     0     0
 20210724   07:33:59      0     0     0     0     0     0     0
 20210724   07:34:00      0     0     0     0     0     0     0
 20210724   07:34:01      0     0     0     0     0     0     0
 20210724   07:34:02      0     0     0     0     0     0     0
 20210724   07:34:03      0     0     0     0     0     0     0
 20210724   07:34:04      0     0     0     0     0     0     0
 20210724   07:34:05      0     0     0     0     0     0     0
 20210724   07:34:06      0     0     0     0     0     0     0
 20210724   07:34:08      0     0     0     0     0     0     0
