3  0  0      0 59330388   2088 2335120    0    0    20    17  173  168 10  1 89  0  0 2021-07-24 07:27:02
3  0  0      0 59330512   2088 2335124    0    0     0     0  522  914  0  0 100  0  0 2021-07-24 07:27:03
3  0  0      0 59330512   2088 2335124    0    0     0     0  476  852  0  0 100  0  0 2021-07-24 07:27:04
3  0  0      0 59330512   2088 2335124    0    0     0     0  486  863  0  0 100  0  0 2021-07-24 07:27:05
3  0  0      0 59330512   2088 2335124    0    0     0     0  463  828  0  0 100  0  0 2021-07-24 07:27:06
3  0  0      0 59330512   2088 2335124    0    0     0     0  459  813  0  0 100  0  0 2021-07-24 07:27:07
3  0  0      0 59330512   2088 2335124    0    0     0     0  467  831  0  0 100  0  0 2021-07-24 07:27:08
3  0  0      0 59330512   2088 2335124    0    0     0   256  535  895  0  0 100  0  0 2021-07-24 07:27:09
3  0  0      0 59330416   2088 2335124    0    0     0     0  512  899  0  0 100  0  0 2021-07-24 07:27:10
3  0  0      0 59330416   2088 2335124    0    0     0    60  918  969  0  0 100  0  0 2021-07-24 07:27:11
3  0  0      0 59330416   2088 2335124    0    0     0     0  487  858  0  0 100  0  0 2021-07-24 07:27:12
3  0  0      0 59330416   2088 2335124    0    0     0     0  484  852  0  0 100  0  0 2021-07-24 07:27:13
3  0  0      0 59329568   2088 2335124    0    0     0     0  769 1112  0  0 100  0  0 2021-07-24 07:27:14
3  0  0      0 59329292   2088 2335132    0    0     0     0  516  906  0  0 100  0  0 2021-07-24 07:27:15
3  0  0      0 59329292   2088 2335132    0    0     0     0  513  892  0  0 100  0  0 2021-07-24 07:27:16
3  0  0      0 59329292   2088 2335132    0    0     0     0  484  852  0  0 100  0  0 2021-07-24 07:27:17
3  0  0      0 59329292   2088 2335132    0    0     0     0  519  921  0  0 100  0  0 2021-07-24 07:27:18
3  0  0      0 59329292   2088 2335132    0    0     0     4  519  934  0  0 100  0  0 2021-07-24 07:27:19
3  0  0      0 59329292   2088 2335132    0    0     0     0  498  879  0  0 100  0  0 2021-07-24 07:27:20
3  0  0      0 59329292   2088 2335132    0    0     0     0  500  891  0  0 100  0  0 2021-07-24 07:27:21
3  0  0      0 59329292   2088 2335132    0    0     0     0  535  927  0  0 100  0  0 2021-07-24 07:27:22
3  0  0      0 59329292   2088 2335132    0    0     0     0  551  942  0  0 100  0  0 2021-07-24 07:27:23
3  0  0      0 59329292   2088 2335132    0    0     0     0  541  943  0  0 100  0  0 2021-07-24 07:27:24
3  0  0      0 59329236   2088 2335132    0    0     0     0  654 1074  0  0 100  0  0 2021-07-24 07:27:25
3  0  0      0 59329236   2088 2335132    0    0     0     0  509  897  0  0 100  0  0 2021-07-24 07:27:26
3  0  0      0 59329284   2088 2335132    0    0     0     0  864  923  0  0 100  0  0 2021-07-24 07:27:27
3  0  0      0 59329292   2088 2335132    0    0     0     0  504  899  0  0 100  0  0 2021-07-24 07:27:28
3  0  0      0 59329292   2088 2335132    0    0     0     0  527  946  0  0 100  0  0 2021-07-24 07:27:29
3  0  0      0 59329292   2088 2335132    0    0     0     0  497  883  0  0 100  0  0 2021-07-24 07:27:30
3  0  0      0 59329292   2088 2335132    0    0     0     0  506  896  0  0 100  0  0 2021-07-24 07:27:31
3  0  0      0 59329292   2088 2335132    0    0     0     0  486  863  0  0 100  0  0 2021-07-24 07:27:32
3  0  0      0 59329292   2088 2335132    0    0     0     0  500  878  0  0 100  0  0 2021-07-24 07:27:33
3  0  0      0 59329292   2088 2335132    0    0     0     4  526  933  0  0 100  0  0 2021-07-24 07:27:34
3  0  0      0 59329292   2088 2335132    0    0     0     0  490  870  0  0 100  0  0 2021-07-24 07:27:35
3  0  0      0 59329292   2088 2335132    0    0     0     0  511  903  0  0 100  0  0 2021-07-24 07:27:36
3  0  0      0 59329292   2088 2335132    0    0     0     0  513  902  0  0 100  0  0 2021-07-24 07:27:37
3  0  0      0 59329292   2088 2335136    0    0     0     0  496  888  0  0 100  0  0 2021-07-24 07:27:38
3  0  0      0 59329292   2088 2335136    0    0     0     0  531  943  0  0 100  0  0 2021-07-24 07:27:39
3  0  0      0 59329292   2088 2335136    0    0     0     0  493  869  0  0 100  0  0 2021-07-24 07:27:40
3  0  0      0 59329292   2088 2335136    0    0     0    26  513  906  0  0 100  0  0 2021-07-24 07:27:41
3  0  0      0 59329292   2088 2335136    0    0     0   171  532  909  0  0 100  0  0 2021-07-24 07:27:42
3  0  0      0 59329292   2088 2335136    0    0     0     0  858  945  0  0 100  0  0 2021-07-24 07:27:43
3  0  0      0 59329356   2088 2335136    0    0     0    16  538  943  0  0 100  0  0 2021-07-24 07:27:44
3  0  0      0 59329356   2088 2335136    0    0     0     0  499  890  0  0 100  0  0 2021-07-24 07:27:45
3  0  0      0 59329356   2088 2335136    0    0     0     0  514  912  0  0 100  0  0 2021-07-24 07:27:46
3  0  0      0 59329356   2088 2335136    0    0     0     0  474  852  0  0 100  0  0 2021-07-24 07:27:47
3  0  0      0 59329356   2088 2335136    0    0     0     0  520  922  0  0 100  0  0 2021-07-24 07:27:48
3  0  0      0 59329356   2088 2335136    0    0     0     0  504  879  0  0 100  0  0 2021-07-24 07:27:49
3  0  0      0 59329356   2088 2335136    0    0     0     0  522  910  0  0 100  0  0 2021-07-24 07:27:50
3  0  0      0 59329356   2088 2335136    0    0     0     0  493  868  0  0 100  0  0 2021-07-24 07:27:51
3  0  0      0 59329356   2088 2335136    0    0     0     0  489  850  0  0 100  0  0 2021-07-24 07:27:52
3  0  0      0 59329356   2088 2335136    0    0     0     0  515  912  0  0 100  0  0 2021-07-24 07:27:53
3  0  0      0 59329356   2088 2335140    0    0     0     0  511  898  0  0 100  0  0 2021-07-24 07:27:54
3  1  0      0 59315940   2088 2335140    0    0     0     0  816 1226  2  0 98  0  0 2021-07-24 07:27:55
3  8  0      0 59183444   2088 2335148    0    0     0     0 2246 1328 17  8 75  0  0 2021-07-24 07:27:56
3  0  0      0 59153040   2088 2335148    0    0     0     0 3218 2360  8  5 87  0  0 2021-07-24 07:27:57
3  1  0      0 58620668   2088 2345392    0    0     0     0 1558 1467  8  4 88  0  0 2021-07-24 07:27:58
3  1  0      0 57996968   2088 2345392    0    0     0     0 1144  978  9  4 87  0  0 2021-07-24 07:27:59
3  1  0      0 57361732   2088 2345392    0    0     0     0  786  945  9  3 87  0  0 2021-07-24 07:28:00
3  1  0      0 56710416   2088 2345392    0    0     0     0  810  950  9  4 87  0  0 2021-07-24 07:28:01
3  1  0      0 56598128   2088 2385104    0    0     0     0 5760 2462 15  4 82  0  0 2021-07-24 07:28:02
3  4  0      0 56456116   2088 2465496    0    0     0     0 1823 1747 18  2 80  0  0 2021-07-24 07:28:03
3  1  0      0 56379000   2088 2540876    0    0     0     0 2397 2187 24  1 75  0  0 2021-07-24 07:28:04
3  4  0      0 56386356   2088 2540876    0    0     0     8 1371 1404 17  1 83  0  0 2021-07-24 07:28:05
3  1  0      0 56386572   2088 2540876    0    0     0     0 2613 2315 24  3 74  0  0 2021-07-24 07:28:06
3  4  0      0 56387196   2088 2540876    0    0     0     0 2471 2119 24  3 73  0  0 2021-07-24 07:28:07
3  1  0      0 56386580   2088 2540876    0    0     0     0 2503 2236 24  2 74  0  0 2021-07-24 07:28:08
3  1  0      0 56374556   2088 2540876    0    0     0     0 2268 2074 23  1 76  0  0 2021-07-24 07:28:09
3  4  0      0 56374560   2088 2540876    0    0     0     0 2404 2171 24  2 74  0  0 2021-07-24 07:28:10
3  1  0      0 56374320   2088 2540888    0    0     0     0 2557 2260 26  1 73  0  0 2021-07-24 07:28:11
3  4  0      0 56370232   2088 2540888    0    0     0    82 2263 2024 23  2 75  0  0 2021-07-24 07:28:12
3  2  0      0 56343576   2088 2540892    0    0     0     0 2223 2015 23  2 75  0  0 2021-07-24 07:28:13
3  4  0      0 56343460   2088 2540892    0    0     0     0 2365 2205 23  1 76  0  0 2021-07-24 07:28:14
3  2  0      0 56341564   2088 2540892    0    0     0     0 2408 2045 23  2 75  0  0 2021-07-24 07:28:15
3  2  0      0 56341936   2088 2540892    0    0     0     0 2675 2292 25  1 74  0  0 2021-07-24 07:28:16
3  1  0      0 56350244   2088 2540900    0    0     0     0 1764 1703 19  2 79  0  0 2021-07-24 07:28:17
3  4  0      0 56367980   2088 2540900    0    0     0     0 1726 1697 19  0 80  0  0 2021-07-24 07:28:18
3  1  0      0 56367240   2088 2540900    0    0     0     0 1967 1881 20  1 78  0  0 2021-07-24 07:28:19
3  2  0      0 56367244   2088 2540900    0    0     0    32 2276 2116 23  1 75  0  0 2021-07-24 07:28:20
3  1  0      0 56380144   2088 2540900    0    0     0     0 1779 1648 20  2 79  0  0 2021-07-24 07:28:21
3  4  0      0 56379900   2088 2540900    0    0     0     0 2577 2347 26  1 73  0  0 2021-07-24 07:28:22
3  1  0      0 56380028   2088 2540900    0    0     0     0 2536 2149 25  3 72  0  0 2021-07-24 07:28:23
3  1  0      0 56380032   2088 2540900    0    0     0     0 2465 2194 24  2 74  0  0 2021-07-24 07:28:24
3  4  0      0 56363912   2088 2540900    0    0     0     0 2296 2160 22  2 76  0  0 2021-07-24 07:28:25
3  4  0      0 56347660   2088 2540912    0    0     0     0 2457 2206 24  2 74  0  0 2021-07-24 07:28:26
3  1  0      0 56346924   2088 2540912    0    0     0     0 2534 2164 25  3 72  0  0 2021-07-24 07:28:27
3  1  0      0 56346804   2088 2540912    0    0     0     0 2233 2013 23  1 75  0  0 2021-07-24 07:28:28
3  1  0      0 56379796   2088 2540912    0    0     0     0 2507 2254 23  2 74  0  0 2021-07-24 07:28:29
3  1  0      0 56348048   2088 2540912    0    0     0     0 2316 2151 24  1 75  0  0 2021-07-24 07:28:30
3  4  0      0 56342792   2088 2540912    0    0     0     0 2197 2055 23  1 76  0  0 2021-07-24 07:28:31
3  1  0      0 56342668   2088 2540920    0    0     0     0 2836 2354 25  1 74  0  0 2021-07-24 07:28:32
3  1  0      0 56348296   2088 2540920    0    0     0     0 1777 1737 18  2 80  0  0 2021-07-24 07:28:33
3  4  0      0 56364420   2088 2540920    0    0     0     0 1470 1493 18  0 82  0  0 2021-07-24 07:28:34
3  1  0      0 56363060   2088 2540920    0    0     0     0 2299 2118 24  1 75  0  0 2021-07-24 07:28:35
3  1  0      0 56347316   2088 2540920    0    0     0    12 1996 1833 21  1 77  0  0 2021-07-24 07:28:36
3  4  0      0 56380056   2088 2540920    0    0     0     0 1903 1751 20  2 78  0  0 2021-07-24 07:28:37
3  4  0      0 56379688   2088 2540924    0    0     0     0 2777 2493 28  1 71  0  0 2021-07-24 07:28:38
3  2  0      0 56379196   2088 2540924    0    0     0     0 2540 2081 25  4 71  0  0 2021-07-24 07:28:39
3  4  0      0 56289300   2088 2540932    0    0     0     0 2076 1970 21  1 78  0  0 2021-07-24 07:28:40
3  4  0      0 56363336   2088 2540932    0    0     0    44 2493 2155 24  2 74  0  0 2021-07-24 07:28:41
3  1  0      0 56363460   2088 2540932    0    0     0     0 2514 2316 25  1 74  0  0 2021-07-24 07:28:42
3  4  0      0 56362600   2088 2540932    0    0     0   100 2426 2166 24  2 74  0  0 2021-07-24 07:28:43
3  1  0      0 56380100   2088 2540932    0    0     0     0 2011 1859 21  1 78  0  0 2021-07-24 07:28:44
3  1  0      0 56379844   2088 2540932    0    0     0     0 2823 2425 28  1 71  0  0 2021-07-24 07:28:45
3  1  0      0 56348720   2088 2540932    0    0     0     6 2477 2255 25  2 73  0  0 2021-07-24 07:28:46
3  4  0      0 56330492   2088 2540940    0    0     0     0 2248 2139 22  1 77  0  0 2021-07-24 07:28:47
3  1  0      0 56379660   2088 2540940    0    0     0     0 2233 1865 20  1 79  0  0 2021-07-24 07:28:48
3  1  0      0 56379628   2088 2540944    0    0     0     0 2236 1749 19  1 79  0  0 2021-07-24 07:28:49
3  1  0      0 56363484   2088 2540944    0    0     0     0 2242 1773 20  1 79  0  0 2021-07-24 07:28:50
3  1  0      0 56363612   2088 2540944    0    0     0     0 2384 2222 23  1 75  0  0 2021-07-24 07:28:51
3  4  0      0 56379616   2088 2540944    0    0     0     0 1327 1387 16  1 83  0  0 2021-07-24 07:28:52
3  2  0      0 56363864   2088 2540944    0    0     0     0 2570 2273 25  2 73  0  0 2021-07-24 07:28:53
3  1  0      0 56363620   2088 2540944    0    0     0     0 2507 2161 24  3 73  0  0 2021-07-24 07:28:54
3  1  0      0 56363380   2088 2540952    0    0     0     0 2665 2308 27  2 71  0  0 2021-07-24 07:28:55
3  1  0      0 56363384   2088 2540952    0    0     0     8 2295 2109 23  1 75  0  0 2021-07-24 07:28:56
3  1  0      0 56363388   2088 2540952    0    0     0     0 2359 2114 24  2 74  0  0 2021-07-24 07:28:57
3  1  0      0 56363512   2088 2540952    0    0     0     0 2589 2349 26  1 73  0  0 2021-07-24 07:28:58
3  4  0      0 56324088   2088 2540952    0    0     0     0 2244 2037 22  2 76  0  0 2021-07-24 07:28:59
3  4  0      0 56353976   2088 2540952    0    0     0     0 2240 2002 23  2 75  0  0 2021-07-24 07:29:00
3  1  0      0 56364896   2088 2540952    0    0     0     0 2357 2199 22  2 77  0  0 2021-07-24 07:29:01
3  2  0      0 56330220   2088 2540960    0    0     0     0 2260 2099 24  2 75  0  0 2021-07-24 07:29:02
3  1  0      0 56331044   2088 2540960    0    0     0     0 2481 2342 23  2 75  0  0 2021-07-24 07:29:03
3  4  0      0 56342324   2088 2540960    0    0     0     0 2147 1702 20  2 79  0  0 2021-07-24 07:29:04
3  1  0      0 56338360   2088 2540960    0    0     0     0 1690 1682 19  1 80  0  0 2021-07-24 07:29:05
3  4  0      0 56337620   2088 2540960    0    0     0     0 1907 1825 20  1 79  0  0 2021-07-24 07:29:06
3  1  0      0 56337624   2088 2540960    0    0     0     0 2340 2130 24  1 74  0  0 2021-07-24 07:29:07
3  1  0      0 56376932   2088 2540960    0    0     0     0 1870 1756 20  2 78  0  0 2021-07-24 07:29:08
3  1  0      0 56363176   2088 2540960    0    0     0     0 2629 2345 27  1 72  0  0 2021-07-24 07:29:09
3  4  0      0 56363676   2088 2540968    0    0     0     0 2560 2121 26  3 71  0  0 2021-07-24 07:29:10
3  1  0      0 56360084   2088 2540968    0    0     0     8 2286 2075 22  2 76  0  0 2021-07-24 07:29:11
3  2  0      0 56345452   2088 2540972    0    0     0     0 2470 2228 23  3 74  0  0 2021-07-24 07:29:12
3  1  0      0 56346084   2088 2540972    0    0     0     3 2371 2082 23  2 75  0  0 2021-07-24 07:29:13
3  1  0      0 56345468   2088 2540972    0    0     0     0 2455 2174 25  2 73  0  0 2021-07-24 07:29:14
3  1  0      0 56285952   2088 2540972    0    0     0     0 2052 1876 21  2 77  0  0 2021-07-24 07:29:15
3  1  0      0 56348628   2088 2540980    0    0     0   156 2677 2318 26  2 72  0  0 2021-07-24 07:29:16
3  4  0      0 56347516   2088 2540980    0    0     0     0 2541 2308 26  1 73  0  0 2021-07-24 07:29:17
3  1  0      0 56345280   2088 2540980    0    0     0     0 2170 2028 22  1 76  0  0 2021-07-24 07:29:18
3  1  0      0 56344416   2088 2540980    0    0     0     0 2308 2160 24  1 75  0  0 2021-07-24 07:29:19
3  1  0      0 56337472   2088 2540980    0    0     0     0 1877 1756 20  1 79  0  0 2021-07-24 07:29:20
3  1  0      0 56320608   2088 2540980    0    0     0     0 1855 1593 17  1 82  0  0 2021-07-24 07:29:21
3  2  0      0 56319496   2088 2540980    0    0     0     0 2424 2240 23  3 74  0  0 2021-07-24 07:29:22
3  1  0      0 56319748   2088 2540980    0    0     0     0 1726 1705 19  1 81  0  0 2021-07-24 07:29:23
3  1  0      0 56340708   2088 2540980    0    0     0     0 2228 2000 23  2 75  0  0 2021-07-24 07:29:24
3  2  0      0 56339348   2088 2540988    0    0     0     0 2653 2303 25  3 72  0  0 2021-07-24 07:29:25
3  1  0      0 56339476   2088 2540992    0    0     0     0 2545 2173 23  4 73  0  0 2021-07-24 07:29:26
3  1  0      0 56339104   2088 2540992    0    0     0     0 2367 2208 23  1 75  0  0 2021-07-24 07:29:27
3  1  0      0 56335868   2088 2540992    0    0     0     0 2422 2177 24  2 74  0  0 2021-07-24 07:29:28
3  1  0      0 56335124   2088 2540992    0    0     0     0 2454 2290 23  1 75  0  0 2021-07-24 07:29:29
3  1  0      0 56336000   2088 2540992    0    0     0     0 2478 2227 25  2 73  0  0 2021-07-24 07:29:30
3  1  0      0 56351008   2088 2540992    0    0     0     0 1967 1815 21  2 78  0  0 2021-07-24 07:29:31
3  2  0      0 56340972   2088 2541000    0    0     0     4 2578 2360 24  2 74  0  0 2021-07-24 07:29:32
3  1  0      0 56368128   2088 2541000    0    0     0     0 2332 2102 25  1 75  0  0 2021-07-24 07:29:33
3  1  0      0 56339980   2088 2541000    0    0     0     0 2501 2280 24  3 74  0  0 2021-07-24 07:29:34
3  1  0      0 56324728   2088 2541000    0    0     0     0 1704 1699 19  1 80  0  0 2021-07-24 07:29:35
3  1  0      0 56344196   2088 2541000    0    0     0     0 1756 1775 16  2 82  0  0 2021-07-24 07:29:36
3  4  0      0 56312456   2088 2541000    0    0     0     0 2429 1956 22  1 77  0  0 2021-07-24 07:29:37
3  1  0      0 56312584   2088 2541000    0    0     0     0 2180 1976 23  1 76  0  0 2021-07-24 07:29:38
3  2  0      0 56366772   2088 2541008    0    0     0     0 1750 1652 20  1 79  0  0 2021-07-24 07:29:39
3  1  0      0 56335036   2088 2541008    0    0     0     0 2655 2363 26  1 73  0  0 2021-07-24 07:29:40
3  1  0      0 56334544   2088 2541008    0    0     0     0 2544 2101 26  3 71  0  0 2021-07-24 07:29:41
3  1  0      0 56335788   2088 2541008    0    0     0     8 2625 2282 26  2 72  0  0 2021-07-24 07:29:42
3  4  0      0 56335172   2088 2541008    0    0     0     0 2297 2035 24  2 75  0  0 2021-07-24 07:29:43
3  1  0      0 56335424   2088 2541008    0    0     0    35 2426 2140 24  2 74  0  0 2021-07-24 07:29:44
3  1  0      0 56335308   2088 2541008    0    0     0     0 2569 2218 24  3 73  0  0 2021-07-24 07:29:45
3  1  0      0 56335436   2088 2541016    0    0     0     0 2238 2008 22  2 75  0  0 2021-07-24 07:29:46
3  2  0      0 56350940   2088 2541016    0    0     0     4 2408 2138 23  2 75  0  0 2021-07-24 07:29:47
3  4  0      0 56342136   2088 2541016    0    0     0     0 2340 2148 23  1 76  0  0 2021-07-24 07:29:48
3  4  0      0 56340152   2088 2541016    0    0     0     0 2132 2035 20  2 78  0  0 2021-07-24 07:29:49
3  1  0      0 56340648   2088 2541016    0    0     0     0 2591 2383 25  1 74  0  0 2021-07-24 07:29:50
3  1  0      0 56324284   2088 2541016    0    0     0     0 1844 1766 18  2 80  0  0 2021-07-24 07:29:51
3  1  0      0 56314984   2088 2541016    0    0     0     0 1355 1414 16  1 84  0  0 2021-07-24 07:29:52
3  1  0      0 56314120   2088 2541016    0    0     0     0 2515 2055 22  2 77  0  0 2021-07-24 07:29:53
3  1  0      0 56314620   2088 2541024    0    0     0     0 2081 1918 21  1 77  0  0 2021-07-24 07:29:54
3  1  0      0 56341404   2088 2541024    0    0     0     0 1909 1766 20  1 78  0  0 2021-07-24 07:29:55
3  1  0      0 56340048   2088 2541024    0    0     0     0 2749 2444 26  2 72  0  0 2021-07-24 07:29:56
3  2  0      0 56340672   2088 2541028    0    0     0    44 2535 2077 23  5 72  0  0 2021-07-24 07:29:57
3  1  0      0 56337204   2088 2541028    0    0     0     0 2135 2010 22  1 77  0  0 2021-07-24 07:29:58
3  1  0      0 56336096   2088 2541028    0    0     0     0 2579 2145 25  3 72  0  0 2021-07-24 07:29:59
3  4  0      0 56336720   2088 2541028    0    0     0     0 2600 2289 27  1 72  0  0 2021-07-24 07:30:00
3  1  0      0 56336104   2088 2541040    0    0     0     0 2410 2138 25  2 73  0  0 2021-07-24 07:30:01
3  1  0      0 56346832   2088 2541060    0    0     0     0 2501 2261 22  2 76  0  0 2021-07-24 07:30:02
3  1  0      0 56337604   2088 2541060    0    0     0     0 2678 2434 24  2 74  0  0 2021-07-24 07:30:03
3  1  0      0 56327064   2088 2541060    0    0     0     0 2419 2278 23  1 76  0  0 2021-07-24 07:30:04
3  4  0      0 56333460   2088 2541060    0    0     0     0 2321 2094 24  1 75  0  0 2021-07-24 07:30:05
3  1  0      0 56368044   2088 2541060    0    0     0     0 1850 1842 19  1 80  0  0 2021-07-24 07:30:06
3  1  0      0 56352732   2088 2541060    0    0     0     0 1855 1779 18  2 80  0  0 2021-07-24 07:30:07
3  1  0      0 56309088   2088 2541068    0    0     0     8 1867 1777 20  1 79  0  0 2021-07-24 07:30:08
3  1  0      0 56309216   2088 2541068    0    0     0     0 2861 2323 24  1 74  0  0 2021-07-24 07:30:09
3  1  0      0 56367748   2088 2541068    0    0     0     0 1400 1430 17  0 82  0  0 2021-07-24 07:30:10
3  1  0      0 56335264   2088 2541068    0    0     0     0 2505 2206 24  2 74  0  0 2021-07-24 07:30:11
3  1  0      0 56335268   2088 2541068    0    0     0     0 2555 2133 25  3 72  0  0 2021-07-24 07:30:12
3  4  0      0 56335396   2088 2541068    0    0     0     8 2643 2302 26  2 72  0  0 2021-07-24 07:30:13
3  1  0      0 56335028   2088 2541068    0    0     0     0 2370 2173 24  1 75  0  0 2021-07-24 07:30:14
3  1  0      0 56334412   2088 2541068    0    0     0     5 2361 2076 24  2 74  0  0 2021-07-24 07:30:15
3  4  0      0 56334668   2088 2541080    0    0     0     0 2525 2289 24  1 75  0  0 2021-07-24 07:30:16
3  1  0      0 56333348   2088 2541080    0    0     0     0 2375 2071 24  2 74  0  0 2021-07-24 07:30:17
3  4  0      0 56335796   2088 2541080    0    0     0     0 2235 2013 22  2 76  0  0 2021-07-24 07:30:18
3  1  0      0 56336052   2088 2541080    0    0     0     0 2488 2220 23  2 75  0  0 2021-07-24 07:30:19
3  2  0      0 56333444   2088 2541084    0    0     0     0 2252 2067 22  2 76  0  0 2021-07-24 07:30:20
3  1  0      0 56333696   2088 2541084    0    0     0     0 2479 2292 24  2 75  0  0 2021-07-24 07:30:21
3  1  0      0 56318192   2088 2541084    0    0     0     0 1797 1777 18  2 81  0  0 2021-07-24 07:30:22
3  1  0      0 56311748   2088 2541092    0    0     0     0 1595 1629 17  1 83  0  0 2021-07-24 07:30:23
3  4  0      0 56310884   2088 2541092    0    0     0     0 1898 1809 20  1 79  0  0 2021-07-24 07:30:24
3  1  0      0 56310760   2088 2541092    0    0     0     0 2388 2080 25  2 74  0  0 2021-07-24 07:30:25
3  1  0      0 56364708   2088 2541092    0    0     0     0 2286 1804 19  2 79  0  0 2021-07-24 07:30:26
3  1  0      0 56327512   2088 2541092    0    0     0     0 2641 2308 26  2 72  0  0 2021-07-24 07:30:27
3  1  0      0 56327028   2088 2541092    0    0     0     0 2754 2409 24  4 72  0  0 2021-07-24 07:30:28
3  1  0      0 56327404   2088 2541092    0    0     0     0 2275 2007 23  2 75  0  0 2021-07-24 07:30:29
3  2  0      0 56327904   2088 2541100    0    0     0     0 2562 2324 24  2 74  0  0 2021-07-24 07:30:30
3  1  0      0 56327660   2088 2541100    0    0     0     0 2387 2120 23  2 75  0  0 2021-07-24 07:30:31
3  4  0      0 56327664   2088 2541100    0    0     0     0 2410 2065 24  2 73  0  0 2021-07-24 07:30:32
3  1  0      0 56275056   2088 2541100    0    0     0   324 2105 1868 21  2 77  0  0 2021-07-24 07:30:33
3  4  0      0 56339048   2088 2541100    0    0     0     0 2722 2354 25  2 73  0  0 2021-07-24 07:30:34
3  4  0      0 56337436   2088 2541100    0    0     0     0 2573 2284 26  1 73  0  0 2021-07-24 07:30:35
3  1  0      0 56327512   2088 2541100    0    0     0     0 2146 2011 21  1 77  0  0 2021-07-24 07:30:36
3  1  0      0 56326772   2088 2541104    0    0     0     0 2343 2106 25  1 75  0  0 2021-07-24 07:30:37
3  1  0      0 56314368   2088 2541112    0    0     0     0 1814 1734 18  2 80  0  0 2021-07-24 07:30:38
3  1  0      0 56306560   2088 2541112    0    0     0     0 1563 1575 18  1 81  0  0 2021-07-24 07:30:39
3  2  0      0 56306188   2088 2541112    0    0     0     0 2307 2114 22  2 76  0  0 2021-07-24 07:30:40
3  1  0      0 56306196   2088 2541112    0    0     0     0 1737 1679 20  0 80  0  0 2021-07-24 07:30:41
3  1  0      0 56315500   2088 2541112    0    0     0     0 2563 2060 22  1 76  0  0 2021-07-24 07:30:42
3  2  0      0 56314632   2088 2541112    0    0     0     0 2597 2280 24  2 73  0  0 2021-07-24 07:30:43
3  1  0      0 56314892   2088 2541112    0    0     0    12 2523 2158 23  4 73  0  0 2021-07-24 07:30:44
3  4  0      0 56314896   2088 2541120    0    0     0     0 2223 2041 23  1 76  0  0 2021-07-24 07:30:45
3  4  0      0 56314776   2088 2541120    0    0     0     5 2483 2191 25  2 73  0  0 2021-07-24 07:30:46
3  1  0      0 56314900   2088 2541120    0    0     0     0 2679 2319 28  1 71  0  0 2021-07-24 07:30:47
3  1  0      0 56314784   2088 2541120    0    0     0     0 2473 2201 24  2 74  0  0 2021-07-24 07:30:48
3  4  0      0 56337976   2088 2541120    0    0     0     4 2099 1864 21  2 76  0  0 2021-07-24 07:30:49
3  4  0      0 56334512   2088 2541120    0    0     0     0 2628 2363 25  2 74  0  0 2021-07-24 07:30:50
3  1  0      0 56355344   2088 2541120    0    0     0     0 2177 2113 21  1 78  0  0 2021-07-24 07:30:51
3  4  0      0 56331532   2088 2541120    0    0     0     0 2611 2275 26  2 72  0  0 2021-07-24 07:30:52
3  4  0      0 56317028   2088 2541128    0    0     0     0 1628 1679 17  1 82  0  0 2021-07-24 07:30:53
3  1  0      0 56336372   2088 2541128    0    0     0     0 1759 1728 17  2 81  0  0 2021-07-24 07:30:54
3  4  0      0 56304256   2088 2541128    0    0     0     0 2073 1957 20  2 78  0  0 2021-07-24 07:30:55
3  1  0      0 56304388   2088 2541128    0    0     0     0 2136 1974 22  1 76  0  0 2021-07-24 07:30:56
3  2  0      0 56361180   2088 2541128    0    0     0     0 1713 1610 19  2 79  0  0 2021-07-24 07:30:57
3  1  0      0 56316176   2088 2541128    0    0     0     0 3014 2401 26  2 72  0  0 2021-07-24 07:30:58
3  4  0      0 56316180   2088 2541128    0    0     0     0 2416 2123 23  4 73  0  0 2021-07-24 07:30:59
3  4  0      0 56316676   2088 2541136    0    0     0     0 2597 2257 26  2 72  0  0 2021-07-24 07:31:00
3  4  0      0 56316064   2088 2541136    0    0     0     0 2238 2049 24  1 75  0  0 2021-07-24 07:31:01
3  1  0      0 56316688   2088 2541136    0    0     0     0 2366 2144 23  2 75  0  0 2021-07-24 07:31:02
3  2  0      0 56316320   2088 2541136    0    0     0     0 2653 2220 27  3 70  0  0 2021-07-24 07:31:03
3  1  0      0 56316328   2088 2541136    0    0     0     0 2276 2086 22  2 76  0  0 2021-07-24 07:31:04
3  1  0      0 56336044   2088 2541136    0    0     0     0 2728 2213 22  2 76  0  0 2021-07-24 07:31:05
3  1  0      0 56326872   2088 2541136    0    0     0     0 2401 2187 24  2 75  0  0 2021-07-24 07:31:06
3  4  0      0 56324892   2088 2541144    0    0     0     0 2210 2017 24  1 75  0  0 2021-07-24 07:31:07
3  1  0      0 56325508   2088 2541144    0    0     0     0 2583 2387 26  1 73  0  0 2021-07-24 07:31:08
3  1  0      0 56304556   2088 2541144    0    0     0    44 1932 1823 20  2 78  0  0 2021-07-24 07:31:09
3  1  0      0 56299968   2088 2541144    0    0     0     0 1448 1485 17  1 82  0  0 2021-07-24 07:31:10
3  3  0      0 56299972   2088 2541144    0    0     0     0 2306 2123 23  1 75  0  0 2021-07-24 07:31:11
3  1  0      0 56299604   2088 2541144    0    0     0     0 2109 1891 22  1 77  0  0 2021-07-24 07:31:12
3  1  0      0 56341148   2088 2541144    0    0     0     0 1865 1779 19  2 79  0  0 2021-07-24 07:31:13
3  1  0      0 56313004   2088 2541148    0    0     0     0 3209 2424 30  1 69  0  0 2021-07-24 07:31:14
3  2  0      0 56312884   2088 2541160    0    0     0     0 2585 2134 24  4 71  0  0 2021-07-24 07:31:15
3  1  0      0 56311768   2088 2541164    0    0     0    27 2160 1941 23  1 76  0  0 2021-07-24 07:31:16
3  1  0      0 56311524   2088 2541164    0    0     0     0 2530 2192 23  3 74  0  0 2021-07-24 07:31:17
3  4  0      0 56312024   2088 2541164    0    0     0     0 2569 2276 26  1 73  0  0 2021-07-24 07:31:18
3  1  0      0 56311408   2088 2541164    0    0     0     8 2407 2153 23  2 74  0  0 2021-07-24 07:31:19
3  1  0      0 56340924   2088 2541164    0    0     0     0 2142 1938 21  2 77  0  0 2021-07-24 07:31:20
3  1  0      0 56326176   2088 2541172    0    0     0     0 2718 2404 26  2 73  0  0 2021-07-24 07:31:21
3  1  0      0 56317248   2088 2541172    0    0     0     0 2549 2312 26  1 72  0  0 2021-07-24 07:31:22
3  1  0      0 56324192   2088 2541172    0    0     0     0 2202 2056 22  1 76  0  0 2021-07-24 07:31:23
3  4  0      0 56342224   2088 2541172    0    0     0   120 1835 1790 18  2 80  0  0 2021-07-24 07:31:24
3  1  0      0 56343776   2088 2541172    0    0     0     0 1908 1765 20  2 78  0  0 2021-07-24 07:31:25
3  1  0      0 56293684   2088 2541172    0    0     0     0 1808 1736 19  1 79  0  0 2021-07-24 07:31:26
3  1  0      0 56293936   2088 2541176    0    0     0     0 2523 2291 25  1 74  0  0 2021-07-24 07:31:27
3  4  0      0 56350924   2088 2541176    0    0     0     0 1317 1388 16  1 84  0  0 2021-07-24 07:31:28
3  2  0      0 56305572   2088 2541188    0    0     0     0 2646 2397 24  3 74  0  0 2021-07-24 07:31:29
3  1  0      0 56305332   2088 2541188    0    0     0     0 2846 2165 23  4 73  0  0 2021-07-24 07:31:30
3  1  0      0 56305456   2088 2541188    0    0     0     0 2503 2226 25  2 73  0  0 2021-07-24 07:31:31
3  1  0      0 56305340   2088 2541188    0    0     0     0 2374 2126 25  1 74  0  0 2021-07-24 07:31:32
3  4  0      0 56305840   2088 2541188    0    0     0     0 2330 2075 23  3 74  0  0 2021-07-24 07:31:33
3  4  0      0 56305224   2088 2541188    0    0     0     0 2544 2351 24  1 74  0  0 2021-07-24 07:31:34
3  4  0      0 56257484   2088 2541188    0    0     0     0 2307 2102 23  2 75  0  0 2021-07-24 07:31:35
3  1  0      0 56328916   2088 2541188    0    0     0     0 2282 1996 24  1 74  0  0 2021-07-24 07:31:36
3  1  0      0 56325948   2088 2541196    0    0     0     0 2443 2240 23  2 75  0  0 2021-07-24 07:31:37
3  2  0      0 56323464   2088 2541196    0    0     0     0 2298 2078 23  2 75  0  0 2021-07-24 07:31:38
3  1  0      0 56323760   2088 2541196    0    0     0     0 2432 2219 24  1 74  0  0 2021-07-24 07:31:39
3  4  0      0 56303204   2088 2541196    0    0     0     0 1778 1757 18  2 81  0  0 2021-07-24 07:31:40
3  1  0      0 56298296   2088 2541196    0    0     0     0 1635 1602 18  1 81  0  0 2021-07-24 07:31:41
3  1  0      0 56298420   2088 2541196    0    0     0     0 1920 1815 20  1 78  0  0 2021-07-24 07:31:42
3  1  0      0 56297808   2088 2541196    0    0     0     0 2297 2150 22  1 77  0  0 2021-07-24 07:31:43
3  1  0      0 56349272   2088 2541204    0    0     0     0 1823 1703 19  2 79  0  0 2021-07-24 07:31:44
3  1  0      0 56308356   2088 2541204    0    0     0    44 2585 2319 25  1 73  0  0 2021-07-24 07:31:45
3  4  0      0 56308856   2088 2541204    0    0     0     0 2864 2150 24  4 72  0  0 2021-07-24 07:31:46
3  1  0      0 56308240   2088 2541204    0    0     0    85 2303 2078 23  2 75  0  0 2021-07-24 07:31:47
3  2  0      0 56309608   2088 2541204    0    0     0     0 2507 2215 25  2 73  0  0 2021-07-24 07:31:48
3  1  0      0 56308624   2088 2541204    0    0     0     0 2387 2131 22  3 75  0  0 2021-07-24 07:31:49
3  1  0      0 56308752   2088 2541208    0    0     0     8 2402 2143 23  2 74  0  0 2021-07-24 07:31:50
3  1  0      0 56255436   2088 2541216    0    0     0     0 2077 1907 21  2 77  0  0 2021-07-24 07:31:51
3  4  0      0 56326368   2088 2541216    0    0     0     0 2750 2343 26  2 72  0  0 2021-07-24 07:31:52
3  1  0      0 56325004   2088 2541216    0    0     0     0 2543 2273 26  1 73  0  0 2021-07-24 07:31:53
3  4  0      0 56320668   2088 2541216    0    0     0     0 2193 2056 22  1 77  0  0 2021-07-24 07:31:54
3  1  0      0 56318312   2088 2541216    0    0     0     0 2330 2122 24  1 75  0  0 2021-07-24 07:31:55
3  1  0      0 56300704   2088 2541216    0    0     0     0 1887 1729 20  1 79  0  0 2021-07-24 07:31:56
3  1  0      0 56297356   2088 2541216    0    0     0     0 1564 1569 18  1 81  0  0 2021-07-24 07:31:57
3  2  0      0 56296364   2088 2541224    0    0     0     0 2501 2170 25  3 73  0  0 2021-07-24 07:31:58
3  2  0      0 56295132   2088 2541224    0    0     0     0 1767 1763 19  0 81  0  0 2021-07-24 07:31:59
3  1  0      0 56302324   2088 2541224    0    0     0     8 2193 1983 22  2 76  0  0 2021-07-24 07:32:00
3  2  0      0 56301340   2088 2541224    0    0     0     0 2798 2352 27  3 71  0  0 2021-07-24 07:32:01
3  1  0      0 56302084   2088 2541224    0    0     0     0 2492 2112 22  4 74  0  0 2021-07-24 07:32:02
3  1  0      0 56301476   2088 2541224    0    0     0     0 2520 2021 22  1 77  0  0 2021-07-24 07:32:03
3  1  0      0 56301480   2088 2541224    0    0     0     0 2527 2166 26  1 73  0  0 2021-07-24 07:32:04
3  1  0      0 56301976   2088 2541224    0    0     0     0 2587 2322 25  2 73  0  0 2021-07-24 07:32:05
3  2  0      0 56301236   2088 2541232    0    0     0     0 2502 2170 25  2 73  0  0 2021-07-24 07:32:06
3  4  0      0 56325292   2088 2541232    0    0     0     0 2021 1794 21  2 78  0  0 2021-07-24 07:32:07
3  4  0      0 56323448   2088 2541232    0    0     0     0 2746 2414 25  2 73  0  0 2021-07-24 07:32:08
3  1  0      0 56346512   2088 2541232    0    0     0     0 2377 2133 24  1 74  0  0 2021-07-24 07:32:09
3  4  0      0 56319676   2088 2541232    0    0     0     0 2630 2296 27  2 71  0  0 2021-07-24 07:32:10
3  1  0      0 56300632   2088 2541232    0    0     0     0 1667 1713 17  1 82  0  0 2021-07-24 07:32:11
3  1  0      0 56326052   2088 2541232    0    0     0     0 1838 1721 19  2 79  0  0 2021-07-24 07:32:12
3  1  0      0 56294928   2088 2541240    0    0     0     0 2059 1931 21  1 78  0  0 2021-07-24 07:32:13
3  1  0      0 56294440   2088 2541240    0    0     0     0 2155 1945 23  1 76  0  0 2021-07-24 07:32:14
3  2  0      0 56347264   2088 2541240    0    0     0     0 1685 1597 18  2 80  0  0 2021-07-24 07:32:15
3  1  0      0 56302632   2088 2541240    0    0     0     0 2633 2308 25  2 73  0  0 2021-07-24 07:32:16
3  1  0      0 56302384   2088 2541240    0    0     0     0 2488 2099 24  3 73  0  0 2021-07-24 07:32:17
3  4  0      0 56302636   2088 2541240    0    0     0    19 2745 2320 27  2 71  0  0 2021-07-24 07:32:18
3  1  0      0 56302892   2088 2541240    0    0     0     0 2584 2008 23  1 76  0  0 2021-07-24 07:32:19
3  4  0      0 56302896   2088 2541240    0    0     0     0 2438 2157 24  2 74  0  0 2021-07-24 07:32:20
3  1  0      0 56302648   2088 2541248    0    0     0    48 2684 2251 25  3 72  0  0 2021-07-24 07:32:21
3  1  0      0 56303156   2088 2541248    0    0     0     0 2274 2081 22  2 76  0  0 2021-07-24 07:32:22
3  2  0      0 56323496   2088 2541248    0    0     0     0 2446 2200 23  2 75  0  0 2021-07-24 07:32:23
3  4  0      0 56317668   2088 2541248    0    0     0     0 2311 2174 22  1 77  0  0 2021-07-24 07:32:24
3  1  0      0 56316308   2088 2541252    0    0     0     0 2251 2046 24  1 75  0  0 2021-07-24 07:32:25
3  1  0      0 56316432   2088 2541252    0    0     0     0 2576 2358 25  2 73  0  0 2021-07-24 07:32:26
3  1  0      0 56297212   2088 2541264    0    0     0     0 1858 1750 19  2 80  0  0 2021-07-24 07:32:27
3  1  0      0 56289772   2088 2541264    0    0     0     0 1396 1462 16  1 84  0  0 2021-07-24 07:32:28
3  4  0      0 56289524   2088 2541264    0    0     0     0 2204 2086 21  1 78  0  0 2021-07-24 07:32:29
3  1  0      0 56289152   2088 2541264    0    0     0     0 2196 2111 21  1 78  0  0 2021-07-24 07:32:30
3  1  0      0 56317668   2088 2541264    0    0     0     0 1918 1766 20  2 79  0  0 2021-07-24 07:32:31
3  4  0      0 56300188   2088 2541268    0    0     0     0 2821 2487 28  1 71  0  0 2021-07-24 07:32:32
3  2  0      0 56300312   2088 2541268    0    0     0     0 2612 2132 25  4 71  0  0 2021-07-24 07:32:33
3  4  0      0 56300444   2088 2541272    0    0     0     0 2126 1954 23  1 77  0  0 2021-07-24 07:32:34
3  1  0      0 56300444   2088 2541280    0    0     0     0 2889 2148 25  3 72  0  0 2021-07-24 07:32:35
3  4  0      0 56300580   2088 2541280    0    0     0     8 2565 2339 24  2 74  0  0 2021-07-24 07:32:36
3  1  0      0 56300456   2088 2541280    0    0     0     0 2479 2168 25  2 73  0  0 2021-07-24 07:32:37
3  1  0      0 56323528   2088 2541280    0    0     0     0 2038 1821 20  2 78  0  0 2021-07-24 07:32:38
3  1  0      0 56312624   2088 2541280    0    0     0     0 2773 2411 26  2 72  0  0 2021-07-24 07:32:39
3  1  0      0 56308408   2088 2541280    0    0     0     0 2553 2399 24  1 75  0  0 2021-07-24 07:32:40
3  1  0      0 56314608   2088 2541280    0    0     0     0 2240 2126 21  1 77  0  0 2021-07-24 07:32:41
3  1  0      0 56337920   2088 2541280    0    0     0     0 1801 1783 18  2 81  0  0 2021-07-24 07:32:42
3  1  0      0 56323660   2088 2541288    0    0     0     0 1818 1767 18  2 80  0  0 2021-07-24 07:32:43
3  1  0      0 56291548   2088 2541288    0    0     0     0 1885 1798 20  2 79  0  0 2021-07-24 07:32:44
3  1  0      0 56291796   2088 2541288    0    0     0     0 2541 2256 26  1 73  0  0 2021-07-24 07:32:45
3  1  0      0 56350152   2088 2541288    0    0     0     0 1383 1416 17  0 83  0  0 2021-07-24 07:32:46
3  1  0      0 56301356   2088 2541288    0    0     0     0 2554 2252 24  3 74  0  0 2021-07-24 07:32:47
3  4  0      0 56301976   2088 2541288    0    0     0     3 2574 2113 26  3 71  0  0 2021-07-24 07:32:48
3  1  0      0 56301732   2088 2541296    0    0     0     0 2595 2284 25  2 73  0  0 2021-07-24 07:32:49
3  1  0      0 56301736   2088 2541296    0    0     0     0 2386 2171 23  1 75  0  0 2021-07-24 07:32:50
3  1  0      0 56301616   2088 2541296    0    0     0     0 2775 2117 24  2 73  0  0 2021-07-24 07:32:51
3  4  0      0 56301620   2088 2541296    0    0     0     0 2562 2338 26  1 73  0  0 2021-07-24 07:32:52
3  2  0      0 56301500   2088 2541296    0    0     0     0 2349 2087 23  3 74  0  0 2021-07-24 07:32:53
3  4  0      0 56297288   2088 2541296    0    0     0     0 2259 2038 23  2 75  0  0 2021-07-24 07:32:54
3  1  0      0 56314660   2088 2541296    0    0     0     0 2534 2235 25  1 73  0  0 2021-07-24 07:32:55
3  2  0      0 56311852   2088 2541296    0    0     0     0 2240 2023 23  2 75  0  0 2021-07-24 07:32:56
3  1  0      0 56311560   2088 2541304    0    0     0     8 2456 2319 23  1 76  0  0 2021-07-24 07:32:57
3  4  0      0 56292460   2088 2541304    0    0     0     0 1828 1805 19  1 80  0  0 2021-07-24 07:32:58
3  1  0      0 56290356   2088 2541304    0    0     0     0 1733 1701 19  1 80  0  0 2021-07-24 07:32:59
3  1  0      0 56289984   2088 2541304    0    0     0     0 1917 1847 19  2 79  0  0 2021-07-24 07:33:00
3  1  0      0 56289988   2088 2541308    0    0     0     0 2428 2123 26  1 73  0  0 2021-07-24 07:33:01
3  1  0      0 56336620   2088 2541308    0    0     0    48 1833 1728 19  1 80  0  0 2021-07-24 07:33:02
3  1  0      0 56302896   2088 2541308    0    0     0     0 2596 2314 25  2 73  0  0 2021-07-24 07:33:03
3  1  0      0 56303516   2088 2541316    0    0     0     0 2579 2186 25  3 72  0  0 2021-07-24 07:33:04
3  1  0      0 56303148   2088 2541316    0    0     0     0 2182 1991 21  2 77  0  0 2021-07-24 07:33:05
3  2  0      0 56303028   2088 2541316    0    0     0     0 2547 2237 24  2 73  0  0 2021-07-24 07:33:06
3  4  0      0 56303032   2088 2541316    0    0     0     4 2763 2109 23  2 75  0  0 2021-07-24 07:33:07
3  1  0      0 56303660   2088 2541316    0    0     0     0 2329 2154 22  2 76  0  0 2021-07-24 07:33:08
3  1  0      0 56250100   2088 2541316    0    0     0     0 2131 1916 22  2 76  0  0 2021-07-24 07:33:09
3  1  0      0 56312844   2088 2541316    0    0     0     0 2692 2358 25  2 73  0  0 2021-07-24 07:33:10
3  4  0      0 56311852   2088 2541316    0    0     0     0 2642 2327 27  1 72  0  0 2021-07-24 07:33:11
3  4  0      0 56310248   2088 2541324    0    0     0     0 2238 2058 23  1 76  0  0 2021-07-24 07:33:12
3  1  0      0 56310000   2088 2541324    0    0     0     0 2379 2125 25  1 74  0  0 2021-07-24 07:33:13
3  1  0      0 58930164   2088 2548628    0    0     0     0 2002 1748 13  4 83  0  0 2021-07-24 07:33:14
3  0  0      0 59281940   2088 2380396    0    0     0     0  758  976  1  1 98  0  0 2021-07-24 07:33:15
3  0  0      0 59281940   2088 2380396    0    0     0     0  539  929  0  0 100  0  0 2021-07-24 07:33:16
3  0  0      0 59281948   2088 2380396    0    0     0     0  505  889  0  0 100  0  0 2021-07-24 07:33:17
3  0  0      0 59281948   2088 2380396    0    0     0     0  534  944  0  0 100  0  0 2021-07-24 07:33:18
3  0  0      0 59281948   2088 2380396    0    0     0     5  455  827  0  0 100  0  0 2021-07-24 07:33:19
3  0  0      0 59281948   2088 2380396    0    0     0     0  516  917  0  0 100  0  0 2021-07-24 07:33:20
3  0  0      0 59281948   2088 2380396    0    0     0     0  506  892  0  0 100  0  0 2021-07-24 07:33:21
3  0  0      0 59281948   2088 2380396    0    0     0    44  496  873  0  0 100  0  0 2021-07-24 07:33:22
3  0  0      0 59281948   2088 2380396    0    0     0     0  855  919  0  0 100  0  0 2021-07-24 07:33:23
3  0  0      0 59281948   2088 2380396    0    0     0     0  495  889  0  0 100  0  0 2021-07-24 07:33:24
3  0  0      0 59281948   2088 2380396    0    0     0     0  486  864  0  0 100  0  0 2021-07-24 07:33:25
3  0  0      0 59281948   2088 2380396    0    0     0     0  517  920  0  0 100  0  0 2021-07-24 07:33:26
3  0  0      0 59281948   2088 2380396    0    0     0     0  513  906  0  0 100  0  0 2021-07-24 07:33:27
3  0  0      0 59281948   2088 2380396    0    0     0     0  523  918  0  0 100  0  0 2021-07-24 07:33:28
3  0  0      0 59281948   2088 2380396    0    0     0     0  503  892  0  0 100  0  0 2021-07-24 07:33:29
3  0  0      0 59281948   2088 2380396    0    0     0     0  520  902  0  0 100  0  0 2021-07-24 07:33:30
3  0  0      0 59281948   2088 2380396    0    0     0     0  591 1010  0  0 100  0  0 2021-07-24 07:33:31
3  0  0      0 59281956   2088 2380396    0    0     0   120  531  900  0  0 100  0  0 2021-07-24 07:33:32
3  0  0      0 59281956   2088 2380396    0    0     0     0  516  915  0  0 100  0  0 2021-07-24 07:33:33
3  0  0      0 59281980   2088 2380396    0    0     0     0  503  894  0  0 100  0  0 2021-07-24 07:33:34
3  0  0      0 59281980   2088 2380396    0    0     0     0  472  855  0  0 100  0  0 2021-07-24 07:33:35
3  0  0      0 59281980   2088 2380396    0    0     0     0  498  884  0  0 100  0  0 2021-07-24 07:33:36
3  0  0      0 59281980   2088 2380396    0    0     0     0  524  918  0  0 100  0  0 2021-07-24 07:33:37
3  0  0      0 59281980   2088 2380396    0    0     0    24  536  956  0  0 100  0  0 2021-07-24 07:33:38
3  0  0      0 59281980   2088 2380400    0    0     0     0  487  866  0  0 100  0  0 2021-07-24 07:33:39
3  0  0      0 59281980   2088 2380400    0    0     0     0  862  919  0  0 100  0  0 2021-07-24 07:33:40
3  0  0      0 59281980   2088 2380400    0    0     0     0  488  876  0  0 100  0  0 2021-07-24 07:33:41
3  0  0      0 59281856   2088 2380404    0    0     0     0  491  870  0  0 100  0  0 2021-07-24 07:33:42
3  0  0      0 59281856   2088 2380404    0    0     0     0  503  898  0  0 100  0  0 2021-07-24 07:33:43
3  0  0      0 59281856   2088 2380404    0    0     0     0  500  884  0  0 100  0  0 2021-07-24 07:33:44
3  0  0      0 59281856   2088 2380404    0    0     0     0  526  914  0  0 100  0  0 2021-07-24 07:33:45
3  0  0      0 59281856   2088 2380404    0    0     0     7  522  920  0  0 100  0  0 2021-07-24 07:33:46
3  0  0      0 59281856   2088 2380404    0    0     0     0  493  887  0  0 100  0  0 2021-07-24 07:33:47
3  0  0      0 59281832   2088 2380404    0    0     0 43760  833  920  0  0 99  0  0 2021-07-24 07:33:48
3  0  0      0 59281832   2088 2380404    0    0     0     0  493  882  0  0 100  0  0 2021-07-24 07:33:49
3  0  0      0 59281832   2088 2380404    0    0     0    76  529  941  0  0 100  0  0 2021-07-24 07:33:50
3  0  0      0 59281832   2088 2380404    0    0     0     0  483  866  0  0 100  0  0 2021-07-24 07:33:51
3  0  0      0 59281832   2088 2380404    0    0     0     0  512  913  0  0 100  0  0 2021-07-24 07:33:52
3  0  0      0 59281832   2088 2380404    0    0     0     0  506  896  0  0 100  0  0 2021-07-24 07:33:53
3  0  0      0 59281832   2088 2380404    0    0     0     0  475  850  0  0 100  0  0 2021-07-24 07:33:54
3  0  0      0 59281832   2088 2380404    0    0     0     0  525  920  0  0 100  0  0 2021-07-24 07:33:55
3  0  0      0 59281832   2088 2380404    0    0     0     0  843  895  0  0 100  0  0 2021-07-24 07:33:56
3  0  0      0 59281832   2088 2380404    0    0     0     0  516  911  0  0 100  0  0 2021-07-24 07:33:57
3  0  0      0 59281832   2088 2380404    0    0     0     4  533  940  0  0 100  0  0 2021-07-24 07:33:58
3  0  0      0 59281832   2088 2380404    0    0     0     0  496  886  0  0 100  0  0 2021-07-24 07:33:59
3  0  0      0 59281832   2088 2380404    0    0     0     0  506  892  0  0 100  0  0 2021-07-24 07:34:00
