#Date       Time        gpu rxpci txpci    sm   mem   enc   dec
#YYYYMMDD   HH:MM:SS    Idx  MB/s  MB/s     %     %     %     %
 20210724   05:33:23      0     0     0     0     0     0     0
 20210724   05:33:24      0     0     0     0     0     0     0
 20210724   05:33:25      0     0     0     0     0     0     0
 20210724   05:33:26      0     0     0     0     0     0     0
 20210724   05:33:28      0     0     0     0     0     0     0
 20210724   05:33:29      0     0     0     0     0     0     0
 20210724   05:33:30      0     0     0     0     0     0     0
 20210724   05:33:31      0     0     0     0     0     0     0
 20210724   05:33:32      0     0     0     0     0     0     0
 20210724   05:33:33      0     0     0     0     0     0     0
 20210724   05:33:34      0     0     0     0     0     0     0
 20210724   05:33:35      0     0     0     0     0     0     0
 20210724   05:33:37      0     0     0     0     0     0     0
 20210724   05:33:38      0     0     0     0     0     0     0
 20210724   05:33:39      0     0     0     0     0     0     0
 20210724   05:33:40      0     0     0     0     0     0     0
 20210724   05:33:41      0     0     0     0     0     0     0
 20210724   05:33:42      0     0     0     0     0     0     0
 20210724   05:33:43      0     0     0     0     0     0     0
 20210724   05:33:44      0     0     0     0     0     0     0
 20210724   05:33:46      0     0     0     0     0     0     0
 20210724   05:33:47      0     0     0     0     0     0     0
 20210724   05:33:48      0     0     0     0     0     0     0
 20210724   05:33:49      0     0     0     0     0     0     0
 20210724   05:33:50      0     0     0     0     0     0     0
 20210724   05:33:51      0     0     0     0     0     0     0
 20210724   05:33:52      0     0     0     0     0     0     0
 20210724   05:33:53      0     0     0     0     0     0     0
 20210724   05:33:54      0     0     0     0     0     0     0
 20210724   05:33:55      0     0     0     0     0     0     0
 20210724   05:33:57      0     0     0     0     0     0     0
 20210724   05:33:58      0     0     0     0     0     0     0
 20210724   05:33:59      0     0     0     0     0     0     0
 20210724   05:34:00      0     0     0     0     0     0     0
 20210724   05:34:01      0     0     0     0     0     0     0
 20210724   05:34:02      0     0     0     0     0     0     0
 20210724   05:34:03      0     0     0     0     0     0     0
 20210724   05:34:04      0     0     0     0     0     0     0
 20210724   05:34:05      0     0     0     0     0     0     0
 20210724   05:34:07      0     0     0     0     0     0     0
 20210724   05:34:08      0     0     0     0     0     0     0
 20210724   05:34:09      0     0     0     0     0     0     0
 20210724   05:34:10      0     0     0     0     0     0     0
 20210724   05:34:11      0   539    42     3     0     0     0
#Date       Time        gpu rxpci txpci    sm   mem   enc   dec
#YYYYMMDD   HH:MM:SS    Idx  MB/s  MB/s     %     %     %     %
 20210724   05:34:12      0    35   114     7     0     0     0
 20210724   05:34:13      0    88     0     4     0     0     0
 20210724   05:34:14      0     0     0     0     0     0     0
 20210724   05:34:15      0     0     0     0     0     0     0
 20210724   05:34:17      0     0     0     0     0     0     0
 20210724   05:34:18      0     0     0     0     0     0     0
 20210724   05:34:19      0     0     0     0     0     0     0
 20210724   05:34:20      0     0   513     0     0     0     0
 20210724   05:34:21      0  3396    95    21    13     0     0
 20210724   05:34:22      0     2     0    42    28     0     0
 20210724   05:34:23      0     0     0     0     0     0     0
 20210724   05:34:24      0     0     0     0     0     0     0
 20210724   05:34:25      0  3516   478    18    11     0     0
 20210724   05:34:26      0     2     0    24    14     0     0
 20210724   05:34:27      0     0     0    39    25     0     0
 20210724   05:34:29      0     0     0     0     0     0     0
 20210724   05:34:30      0     0     0     0     0     0     0
 20210724   05:34:31      0     0     0     0     0     0     0
 20210724   05:34:32      0     0     0    41    28     0     0
 20210724   05:34:33      0     0     0     0     0     0     0
 20210724   05:34:34      0     0     0    33    25     0     0
 20210724   05:34:35      0     0     0     0     0     0     0
 20210724   05:34:36      0  2697   595     0     0     0     0
 20210724   05:34:37      0     0     0     0     0     0     0
 20210724   05:34:39      0     0     0     0     0     0     0
 20210724   05:34:40      0     0     0     0     0     0     0
 20210724   05:34:41      0  4379   484     0     0     0     0
 20210724   05:34:42      0  3705   266     0     0     0     0
 20210724   05:34:43      0    28     5    39    25     0     0
 20210724   05:34:44      0     0     0    27    19     0     0
 20210724   05:34:45      0     0     0     0     0     0     0
 20210724   05:34:46      0     0     0     0     0     0     0
 20210724   05:34:47      0     0     0    41    28     0     0
 20210724   05:34:48      0     0     0     0     0     0     0
 20210724   05:34:50      0  1879     0    15     9     0     0
 20210724   05:34:51      0     0     0    12     8     0     0
 20210724   05:34:52      0     0     0     0     0     0     0
 20210724   05:34:53      0     0   603     0     0     0     0
 20210724   05:34:54      0     0     0     7     0     0     0
 20210724   05:34:55      0     0     0     0     0     0     0
 20210724   05:34:56      0     0     0     0     0     0     0
 20210724   05:34:57      0     0     0     0     0     0     0
 20210724   05:34:58      0     0   307     0     0     0     0
 20210724   05:35:00      0     0     0    22    13     0     0
#Date       Time        gpu rxpci txpci    sm   mem   enc   dec
#YYYYMMDD   HH:MM:SS    Idx  MB/s  MB/s     %     %     %     %
 20210724   05:35:01      0     0     0     0     0     0     0
 20210724   05:35:02      0     0     0     0     0     0     0
 20210724   05:35:03      0     0     0     0     0     0     0
 20210724   05:35:04      0  1427     0    18    11     0     0
 20210724   05:35:05      0     0     0     0     0     0     0
 20210724   05:35:06      0  3077   171     0     0     0     0
 20210724   05:35:07      0     0     0   100     0     0     0
 20210724   05:35:08      0     0     0     0     0     0     0
 20210724   05:35:09      0     0     0     0     0     0     0
 20210724   05:35:10      0     0     0     0     0     0     0
 20210724   05:35:11      0     0     0    75    16     0     0
 20210724   05:35:13      0     0     0     0     0     0     0
 20210724   05:35:14      0     0     0     0     0     0     0
 20210724   05:35:15      0     0     0     0     0     0     0
 20210724   05:35:16      0     0     0    39    25     0     0
 20210724   05:35:17      0    25     1    32    21     0     0
 20210724   05:35:18      0     0     0     0     0     0     0
 20210724   05:35:19      0     0     0     0     0     0     0
 20210724   05:35:20      0     0     0     0     0     0     0
 20210724   05:35:21      0     0     0     0     0     0     0
 20210724   05:35:22      0  3404   387    26    17     0     0
 20210724   05:35:23      0     0     0    94    28     0     0
 20210724   05:35:25      0     0     0    16    12     0     0
 20210724   05:35:26      0     0     0     0     0     0     0
 20210724   05:35:27      0     0   678     0     0     0     0
 20210724   05:35:28      0  3614   426     0     0     0     0
 20210724   05:35:29      0  3556   389     0     0     0     0
 20210724   05:35:30      0  3215   112    12     6     0     0
 20210724   05:35:31      0     0     0    39    26     0     0
 20210724   05:35:32      0     0     0     0     0     0     0
 20210724   05:35:33      0     0     0     0     0     0     0
 20210724   05:35:34      0     0     0     0     0     0     0
 20210724   05:35:35      0  3547     1    40    27     0     0
 20210724   05:35:36      0     0     0     0     0     0     0
 20210724   05:35:37      0     0     0     0     0     0     0
 20210724   05:35:38      0  3023     1    96     0     0     0
 20210724   05:35:39      0     0     0     0     0     0     0
 20210724   05:35:41      0     0     0     0     0     0     0
 20210724   05:35:42      0     0     0     0     0     0     0
 20210724   05:35:43      0     0     0     0     0     0     0
 20210724   05:35:44      0     0     0     0     0     0     0
 20210724   05:35:45      0     0     0     0     0     0     0
 20210724   05:35:46      0     0     0     0     0     0     0
 20210724   05:35:47      0  5475   405     0     0     0     0
#Date       Time        gpu rxpci txpci    sm   mem   enc   dec
#YYYYMMDD   HH:MM:SS    Idx  MB/s  MB/s     %     %     %     %
 20210724   05:35:48      0     0     0     0     0     0     0
 20210724   05:35:49      0     0     0     0     0     0     0
 20210724   05:35:51      0     0     0     0     0     0     0
 20210724   05:35:52      0     0     0     0     0     0     0
 20210724   05:35:53      0     0     0     0     0     0     0
 20210724   05:35:54      0  3351   386   100    27     0     0
 20210724   05:35:55      0     0     0    25     0     0     0
 20210724   05:35:56      0     0     0     0     0     0     0
 20210724   05:35:57      0     0     0     0     0     0     0
 20210724   05:35:58      0  3383   136    71    28     0     0
 20210724   05:35:59      0     0     0     0     0     0     0
 20210724   05:36:01      0     0     0     0     0     0     0
 20210724   05:36:02      0     0     0     0     0     0     0
 20210724   05:36:03      0     0   685     0     0     0     0
 20210724   05:36:04      0     0     0     0     0     0     0
 20210724   05:36:05      0     0     0     0     0     0     0
 20210724   05:36:06      0     0     0     0     0     0     0
 20210724   05:36:07      0     0     0     0     0     0     0
 20210724   05:36:09      0     0     0     0     0     0     0
 20210724   05:36:10      0  3396   387    53    28     0     0
 20210724   05:36:11      0     0     0     0     0     0     0
 20210724   05:36:12      0     0     0     0     0     0     0
 20210724   05:36:13      0     0     0     0     0     0     0
 20210724   05:36:14      0  3402   387     1     0     0     0
 20210724   05:36:15      0     0     0    63    15     0     0
 20210724   05:36:16      0     0     0    47    32     0     0
 20210724   05:36:17      0     0     0    39    25     0     0
 20210724   05:36:18      0     0     0     0     0     0     0
 20210724   05:36:19      0     0     0     0     0     0     0
 20210724   05:36:21      0     0     0     0     0     0     0
 20210724   05:36:22      0     0     0     0     0     0     0
 20210724   05:36:23      0     0     0     0     0     0     0
 20210724   05:36:24      0     0     0     0     0     0     0
 20210724   05:36:25      0     0    50     0     0     0     0
 20210724   05:36:26      0  3401   387    47    28     0     0
 20210724   05:36:27      0  3674   373     0     0     0     0
 20210724   05:36:28      0     0     0     0     0     0     0
 20210724   05:36:29      0     0     0     0     0     0     0
 20210724   05:36:31      0     0   119     0     0     0     0
 20210724   05:36:32      0     0   791     5     0     0     0
 20210724   05:36:33      0  5161   408     0     0     0     0
 20210724   05:36:34      0     0     0    19    14     0     0
 20210724   05:36:35      0     0     0     0     0     0     0
 20210724   05:36:36      0     0     0     0     0     0     0
#Date       Time        gpu rxpci txpci    sm   mem   enc   dec
#YYYYMMDD   HH:MM:SS    Idx  MB/s  MB/s     %     %     %     %
 20210724   05:36:37      0  3687   145    41    28     0     0
 20210724   05:36:38      0     0     0    28    20     0     0
 20210724   05:36:39      0     0     0     0     0     0     0
 20210724   05:36:40      0     0     0     0     0     0     0
 20210724   05:36:42      0     0     0     0     0     0     0
 20210724   05:36:43      0     0     0     0     0     0     0
 20210724   05:36:44      0     0     0    86    17     0     0
 20210724   05:36:45      0     0     0     0     0     0     0
 20210724   05:36:46      0     0     0     0     0     0     0
 20210724   05:36:47      0     0     0     0     0     0     0
 20210724   05:36:48      0     0     0     0     0     0     0
 20210724   05:36:49      0     0   468     0     0     0     0
 20210724   05:36:50      0     0     0     0     0     0     0
 20210724   05:36:52      0     0     0     4     1     0     0
 20210724   05:36:53      0     0     0     0     0     0     0
 20210724   05:36:54      0     0     0    41    28     0     0
 20210724   05:36:55      0     0     0     0     0     0     0
 20210724   05:36:56      0     0     0    41    27     0     0
 20210724   05:36:57      0     0     0     0     0     0     0
 20210724   05:36:58      0     0     0     0     0     0     0
 20210724   05:37:00      0  3921   436     0     0     0     0
 20210724   05:37:01      0     0     0    18    11     0     0
 20210724   05:37:02      0     0     0     0     0     0     0
 20210724   05:37:03      0     0     0     0     0     0     0
 20210724   05:37:04      0     0     0     0     0     0     0
 20210724   05:37:05      0     0     0     0     0     0     0
 20210724   05:37:06      0     0     0    39    25     0     0
 20210724   05:37:07      0    27     2    31    20     0     0
 20210724   05:37:08      0     0     0     0     0     0     0
 20210724   05:37:09      0     0     0     0     0     0     0
 20210724   05:37:10      0     0     0     0     0     0     0
 20210724   05:37:11      0     0     0     0     0     0     0
 20210724   05:37:13      0  3542   399    26    11     0     0
 20210724   05:37:14      0     0     0     2     0     0     0
 20210724   05:37:15      0     0     0     0     0     0     0
 20210724   05:37:16      0     0     0     0     0     0     0
 20210724   05:37:17      0  3401   387     0     0     0     0
 20210724   05:37:18      0     0     0    55    12     0     0
 20210724   05:37:19      0     0     0     8     0     0     0
 20210724   05:37:20      0     0     0     0     0     0     0
 20210724   05:37:21      0     0    92     0     0     0     0
 20210724   05:37:23      0     0     0     0     0     0     0
 20210724   05:37:24      0     0     0     0     0     0     0
 20210724   05:37:25      0     0     0     0     0     0     0
#Date       Time        gpu rxpci txpci    sm   mem   enc   dec
#YYYYMMDD   HH:MM:SS    Idx  MB/s  MB/s     %     %     %     %
 20210724   05:37:26      0     0     0     0     0     0     0
 20210724   05:37:27      0     0     0    38    28     0     0
 20210724   05:37:28      0     0     0     0     0     0     0
 20210724   05:37:29      0  3769   399    38    26     0     0
 20210724   05:37:30      0  1451   704     0     0     0     0
 20210724   05:37:31      0     0     0    53     0     0     0
 20210724   05:37:32      0     0     0     0     0     0     0
 20210724   05:37:33      0     0     0     0     0     0     0
 20210724   05:37:34      0     0     0     0     0     0     0
 20210724   05:37:35      0     0     0     0     0     0     0
 20210724   05:37:37      0  3130     9     0     0     0     0
 20210724   05:37:38      0     0     0     0     0     0     0
 20210724   05:37:39      0     0     0    28    18     0     0
 20210724   05:37:40      0     0     0     0     0     0     0
 20210724   05:37:41      0     0     0    42    28     0     0
 20210724   05:37:42      0     0     0     0     0     0     0
 20210724   05:37:43      0  2517     0    29    19     0     0
 20210724   05:37:44      0     0     0    74     0     0     0
 20210724   05:37:45      0     0     0     0     0     0     0
 20210724   05:37:46      0     0     0     0     0     0     0
 20210724   05:37:47      0     0     0     0     0     0     0
 20210724   05:37:49      0     0     0    52     0     0     0
 20210724   05:37:50      0     0     0    23     0     0     0
 20210724   05:37:51      0     0     0     0     0     0     0
 20210724   05:37:52      0     0     0     0     0     0     0
 20210724   05:37:53      0     0     0     0     0     0     0
 20210724   05:37:54      0     0     0     0     0     0     0
 20210724   05:37:55      0     0     0     0     0     0     0
 20210724   05:37:56      0     0     0     0     0     0     0
 20210724   05:37:57      0     0     0     0     0     0     0
 20210724   05:37:58      0     0     0    31    23     0     0
 20210724   05:37:59      0     2     0     0     0     0     0
 20210724   05:38:00      0  3628   429     0     0     0     0
 20210724   05:38:02      0     0     0     0     0     0     0
 20210724   05:38:03      0     0     0    40     0     0     0
 20210724   05:38:04      0     0     0     0     0     0     0
 20210724   05:38:05      0     0   763     0     0     0     0
 20210724   05:38:06      0  5932   470     0     0     0     0
 20210724   05:38:07      0  3796   471     0     0     0     0
 20210724   05:38:08      0     0     0    39    25     0     0
 20210724   05:38:09      0     0     0     0     0     0     0
 20210724   05:38:10      0     0     0     0     0     0     0
 20210724   05:38:11      0     0     0     0     0     0     0
 20210724   05:38:12      0     0     0    42    28     0     0
#Date       Time        gpu rxpci txpci    sm   mem   enc   dec
#YYYYMMDD   HH:MM:SS    Idx  MB/s  MB/s     %     %     %     %
 20210724   05:38:14      0     0     0     0     0     0     0
 20210724   05:38:15      0     0     0     8     6     0     0
 20210724   05:38:16      0     0     0     0     0     0     0
 20210724   05:38:17      0     0     0     0     0     0     0
 20210724   05:38:18      0     0   380     0     0     0     0
 20210724   05:38:19      0   408     0    12     6     0     0
 20210724   05:38:20      0     0     0     0     0     0     0
 20210724   05:38:21      0     0     0     0     0     0     0
 20210724   05:38:22      0     0     0     0     0     0     0
 20210724   05:38:23      0     0     0     0     0     0     0
 20210724   05:38:25      0     0     0    39    25     0     0
 20210724   05:38:26      0  3446   460     0     0     0     0
 20210724   05:38:27      0     0     0     0     0     0     0
 20210724   05:38:28      0     0     0     0     0     0     0
 20210724   05:38:29      0     0     0     0     0     0     0
 20210724   05:38:30      0     0     0     0     0     0     0
 20210724   05:38:31      0  3393   385    11     5     0     0
 20210724   05:38:32      0     0     0    27     0     0     0
 20210724   05:38:33      0     0     0    23    17     0     0
 20210724   05:38:34      0     0     0     0     0     0     0
 20210724   05:38:35      0     0     0     0     0     0     0
 20210724   05:38:37      0     0     0     0     0     0     0
 20210724   05:38:38      0  4415   486     0     0     0     0
 20210724   05:38:39      0  3624   450    35    24     0     0
 20210724   05:38:40      0  2805     9     5     1     0     0
 20210724   05:38:41      0     0     0    39    25     0     0
 20210724   05:38:42      0     0     0     0     0     0     0
 20210724   05:38:43      0     0     0     0     0     0     0
 20210724   05:38:44      0  3711   471     0     0     0     0
 20210724   05:38:45      0     0     0     0     0     0     0
 20210724   05:38:46      0     0     0     0     0     0     0
 20210724   05:38:47      0     0     0    20    14     0     0
 20210724   05:38:49      0     0     0     0     0     0     0
 20210724   05:38:50      0     0     0     0     0     0     0
 20210724   05:38:51      0  3264   347     0     0     0     0
 20210724   05:38:52      0     0     0    42    28     0     0
 20210724   05:38:53      0     0     0     0     0     0     0
 20210724   05:38:54      0     0     0     0     0     0     0
 20210724   05:38:55      0     0     0     0     0     0     0
 20210724   05:38:56      0     0     0     0     0     0     0
 20210724   05:38:57      0     0     0     0     0     0     0
 20210724   05:38:58      0     0     0     5     1     0     0
 20210724   05:39:00      0     0     0     0     0     0     0
 20210724   05:39:01      0  4676   448     0     0     0     0
#Date       Time        gpu rxpci txpci    sm   mem   enc   dec
#YYYYMMDD   HH:MM:SS    Idx  MB/s  MB/s     %     %     %     %
 20210724   05:39:02      0     0     0     0     0     0     0
 20210724   05:39:03      0     0     0     0     0     0     0
 20210724   05:39:04      0  3077     1   100     0     0     0
 20210724   05:39:05      0     0     0     0     0     0     0
 20210724   05:39:06      0     0     0     0     0     0     0
 20210724   05:39:07      0  3491   449     0     0     0     0
 20210724   05:39:08      0     0     0     0     0     0     0
 20210724   05:39:09      0     0     0     0     0     0     0
 20210724   05:39:11      0     0     0     0     0     0     0
 20210724   05:39:12      0     0     0     0     0     0     0
 20210724   05:39:13      0     0     0    39    25     0     0
 20210724   05:39:14      0     0    32    39    25     0     0
 20210724   05:39:15      0     0     0     0     0     0     0
 20210724   05:39:16      0     0     0     0     0     0     0
 20210724   05:39:17      0     0     0     0     0     0     0
 20210724   05:39:18      0     0     0     0     0     0     0
 20210724   05:39:19      0  3384    34   100     0     0     0
 20210724   05:39:21      0     0     0     0     0     0     0
 20210724   05:39:22      0     0     0     0     0     0     0
 20210724   05:39:23      0     0   223     0     0     0     0
 20210724   05:39:24      0     0     0     0     0     0     0
 20210724   05:39:25      0     0     0     0     0     0     0
 20210724   05:39:26      0     0     0     0     0     0     0
 20210724   05:39:27      0     0     0     0     0     0     0
 20210724   05:39:28      0     0     0    30    22     0     0
 20210724   05:39:30      0  4363   401     0     0     0     0
 20210724   05:39:31      0     0     0     0     0     0     0
 20210724   05:39:32      0     0     0     0     0     0     0
 20210724   05:39:33      0     0     0     0     0     0     0
 20210724   05:39:34      0     0     0     0     0     0     0
 20210724   05:39:35      0     0     0     0     0     0     0
 20210724   05:39:36      0     0     0     0     0     0     0
 20210724   05:39:37      0     0     0     0     0     0     0
 20210724   05:39:38      0     0     0     0     0     0     0
 20210724   05:39:39      0     0     0     0     0     0     0
 20210724   05:39:41      0     0     0     0     0     0     0
 20210724   05:39:42      0     0     0     0     0     0     0
 20210724   05:39:43      0     0     0     0     0     0     0
 20210724   05:39:44      0     0     0     0     0     0     0
 20210724   05:39:45      0     0     0     0     0     0     0
 20210724   05:39:46      0     0     0     0     0     0     0
 20210724   05:39:47      0     0     0     0     0     0     0
 20210724   05:39:49      0     0     0     0     0     0     0
 20210724   05:39:50      0     0     0     0     0     0     0
#Date       Time        gpu rxpci txpci    sm   mem   enc   dec
#YYYYMMDD   HH:MM:SS    Idx  MB/s  MB/s     %     %     %     %
 20210724   05:39:51      0     0     0     0     0     0     0
 20210724   05:39:52      0     0     0     0     0     0     0
 20210724   05:39:53      0     0     0     0     0     0     0
 20210724   05:39:54      0     0     0     0     0     0     0
 20210724   05:39:55      0     0     0     0     0     0     0
 20210724   05:39:56      0     0     0     0     0     0     0
 20210724   05:39:57      0     0     0     0     0     0     0
 20210724   05:39:58      0     0     0     0     0     0     0
 20210724   05:40:00      0     0     0     0     0     0     0
 20210724   05:40:01      0     0     0     0     0     0     0
 20210724   05:40:02      0     0     0     0     0     0     0
 20210724   05:40:03      0     0     0     0     0     0     0
 20210724   05:40:04      0     0     0     0     0     0     0
 20210724   05:40:05      0     0     0     0     0     0     0
 20210724   05:40:07      0     0     0     0     0     0     0
 20210724   05:40:08      0     0     0     0     0     0     0
