procs -----------memory---------- ---swap-- -----io---- -system-- ------cpu----- -----timestamp-----
 r  b   swpd   free   buff  cache   si   so    bi    bo   in   cs us sy id wa st                 UTC
 1  0      0 59339904   2088 2330476    0    0    47    28  156  155  8  1 91  0  0 2021-07-24 05:33:31
 0  0      0 59339400   2088 2330480    0    0     0     0  604 1001  0  0 100  0  0 2021-07-24 05:33:32
 0  0      0 59339400   2088 2330480    0    0     0     0  467  836  0  0 100  0  0 2021-07-24 05:33:33
 0  0      0 59339400   2088 2330480    0    0     0     0  508  897  0  0 100  0  0 2021-07-24 05:33:34
 0  0      0 59339400   2088 2330480    0    0     0     0  472  837  0  0 100  0  0 2021-07-24 05:33:35
 0  0      0 59339400   2088 2330480    0    0     0     0  492  832  0  0 100  0  0 2021-07-24 05:33:36
 0  0      0 59339400   2088 2330480    0    0     0     0  476  846  0  0 100  0  0 2021-07-24 05:33:37
 0  0      0 59339400   2088 2330480    0    0     0     0  517  910  0  0 100  0  0 2021-07-24 05:33:38
 0  0      0 59339400   2088 2330480    0    0     0     0  468  831  0  0 100  0  0 2021-07-24 05:33:39
 0  0      0 59338152   2088 2330488    0    0     0     0  798 1155  0  0 100  0  0 2021-07-24 05:33:40
 0  0      0 59338152   2088 2330488    0    0     0     0  485  866  0  0 100  0  0 2021-07-24 05:33:41
 0  0      0 59338152   2088 2330488    0    0     0     0  489  889  0  0 100  0  0 2021-07-24 05:33:42
 0  0      0 59338152   2088 2330488    0    0     0     0  511  912  0  0 100  0  0 2021-07-24 05:33:43
 0  0      0 59338152   2088 2330488    0    0     0     0  861  910  0  0 100  0  0 2021-07-24 05:33:44
 0  0      0 59338152   2088 2330488    0    0     0     0  498  884  0  0 100  0  0 2021-07-24 05:33:45
 0  0      0 59338152   2088 2330488    0    0     0     0  534  949  0  0 100  0  0 2021-07-24 05:33:46
 0  0      0 59338152   2088 2330488    0    0     0     0  506  895  0  0 100  0  0 2021-07-24 05:33:47
 0  0      0 59338152   2088 2330488    0    0     0     0  522  918  0  0 100  0  0 2021-07-24 05:33:48
 0  0      0 59338152   2088 2330488    0    0     0     0  500  899  0  0 100  0  0 2021-07-24 05:33:49
 0  0      0 59338152   2088 2330488    0    0     0     0  522  920  0  0 100  0  0 2021-07-24 05:33:50
 0  0      0 59338152   2088 2330488    0    0     0     0  499  893  0  0 100  0  0 2021-07-24 05:33:51
procs -----------memory---------- ---swap-- -----io---- -system-- ------cpu----- -----timestamp-----
 r  b   swpd   free   buff  cache   si   so    bi    bo   in   cs us sy id wa st                 UTC
 0  0      0 59338152   2088 2330488    0    0     0     0  501  884  0  0 100  0  0 2021-07-24 05:33:52
 0  0      0 59338152   2088 2330488    0    0     0     0  556  934  0  0 100  0  0 2021-07-24 05:33:53
 0  0      0 59338152   2088 2330488    0    0     0     0  560  961  0  0 100  0  0 2021-07-24 05:33:54
 0  0      0 59338048   2088 2330488    0    0     0   224  531  889  0  0 100  0  0 2021-07-24 05:33:55
 0  0      0 59338048   2088 2330488    0    0     0     0  506  897  0  0 100  0  0 2021-07-24 05:33:56
 0  0      0 59338048   2088 2330488    0    0     0     0  514  910  0  0 100  0  0 2021-07-24 05:33:57
 0  0      0 59338048   2088 2330488    0    0     0     0  518  912  0  0 100  0  0 2021-07-24 05:33:58
 0  0      0 59338048   2088 2330488    0    0     0     0  491  888  0  0 100  0  0 2021-07-24 05:33:59
 0  0      0 59338048   2088 2330488    0    0     0     0  821  864  0  0 100  0  0 2021-07-24 05:34:00
 0  0      0 59338048   2088 2330488    0    0     0    20  530  931  0  0 100  0  0 2021-07-24 05:34:01
 0  0      0 59338048   2088 2330488    0    0     0     0  530  946  0  0 100  0  0 2021-07-24 05:34:02
 0  0      0 59338048   2088 2330488    0    0     0     0  511  924  0  0 100  0  0 2021-07-24 05:34:03
 0  0      0 59338048   2088 2330488    0    0     0     0  494  898  0  0 100  0  0 2021-07-24 05:34:04
 0  0      0 59338048   2088 2330488    0    0     0     4  501  887  0  0 100  0  0 2021-07-24 05:34:05
 0  0      0 59338048   2088 2330488    0    0     0     0  514  900  0  0 100  0  0 2021-07-24 05:34:06
 0  0      0 59338048   2088 2330492    0    0     0     0  525  900  0  0 100  0  0 2021-07-24 05:34:07
 0  0      0 59338048   2088 2330492    0    0     0     0  522  926  0  0 100  0  0 2021-07-24 05:34:08
 1  0      0 59300832   2088 2330492    0    0     0     0  771 1138  3  0 97  0  0 2021-07-24 05:34:09
 1  0      0 59181620   2088 2330504    0    0     0     4 3134 1414 21 13 67  0  0 2021-07-24 05:34:10
 1  0      0 58931992   2088 2340748    0    0     0     0 2223 2043  6  3 91  0  0 2021-07-24 05:34:11
 1  0      0 58230100   2088 2340748    0    0     0     0  775  930  9  4 87  0  0 2021-07-24 05:34:12
procs -----------memory---------- ---swap-- -----io---- -system-- ------cpu----- -----timestamp-----
 r  b   swpd   free   buff  cache   si   so    bi    bo   in   cs us sy id wa st                 UTC
 1  0      0 57588944   2088 2340748    0    0     0     0  788  949  9  4 88  0  0 2021-07-24 05:34:13
 1  0      0 56924008   2088 2340748    0    0     0     0  821  965  9  4 87  0  0 2021-07-24 05:34:14
 1  0      0 56617960   2088 2380288    0    0     0     8 5499 2450 14  3 83  0  0 2021-07-24 05:34:15
 1  0      0 56551172   2088 2380508    0    0     0     0 1772 1441 17  1 82  0  0 2021-07-24 05:34:16
 4  0      0 56463024   2088 2460896    0    0     0     0 2218 2089 21  1 78  0  0 2021-07-24 05:34:17
 4  0      0 56385880   2088 2536304    0    0     0     0 2136 2006 20  2 78  0  0 2021-07-24 05:34:18
 1  0      0 56397540   2088 2536304    0    0     0     0 1858 1777 18  2 80  0  0 2021-07-24 05:34:19
 1  0      0 56397668   2088 2536304    0    0     0     0 2762 2423 28  1 71  0  0 2021-07-24 05:34:20
 2  0      0 56397424   2088 2536304    0    0     0     0 2594 2157 25  4 71  0  0 2021-07-24 05:34:21
 3  0      0 56381928   2088 2536304    0    0     0     0 2126 1925 24  2 75  0  0 2021-07-24 05:34:22
 1  0      0 56381440   2088 2536304    0    0     0     0 2476 2186 24  3 73  0  0 2021-07-24 05:34:23
 1  0      0 56381412   2088 2536316    0    0     0     0 2393 2257 25  1 73  0  0 2021-07-24 05:34:24
 4  0      0 56368520   2088 2536316    0    0     0     0 2312 2101 23  2 75  0  0 2021-07-24 05:34:25
 1  0      0 56397528   2088 2536316    0    0     0     0 2129 1961 23  2 76  0  0 2021-07-24 05:34:26
 1  0      0 56398044   2088 2536316    0    0     0     0 2598 2404 25  2 73  0  0 2021-07-24 05:34:27
 1  0      0 56366548   2088 2536316    0    0     0     0 2367 2287 24  1 75  0  0 2021-07-24 05:34:28
 4  0      0 56348816   2088 2536316    0    0     0     0 2181 2061 25  1 74  0  0 2021-07-24 05:34:29
 1  0      0 56393036   2088 2536324    0    0     0     0 1795 1842 18  1 81  0  0 2021-07-24 05:34:30
 4  0      0 56396336   2088 2536328    0    0     0     0 1907 1879 20  1 79  0  0 2021-07-24 05:34:31
 1  0      0 56364440   2088 2536328    0    0     0    64 2198 1861 19  1 79  0  0 2021-07-24 05:34:32
 4  0      0 56363316   2088 2536344    0    0     0     0 2442 2378 23  1 76  0  0 2021-07-24 05:34:33
procs -----------memory---------- ---swap-- -----io---- -system-- ------cpu----- -----timestamp-----
 r  b   swpd   free   buff  cache   si   so    bi    bo   in   cs us sy id wa st                 UTC
 1  0      0 56339968   2088 2536344    0    0     0     0 1272 1364 16  0 83  0  0 2021-07-24 05:34:34
 3  0      0 56359844   2088 2536344    0    0     0     0 2457 2278 24  2 73  0  0 2021-07-24 05:34:35
 2  0      0 56359980   2088 2536344    0    0     0     0 2509 2128 23  4 72  0  0 2021-07-24 05:34:36
 1  0      0 56360232   2088 2536344    0    0     0     0 2535 2257 25  2 73  0  0 2021-07-24 05:34:37
 1  0      0 56360360   2088 2536344    0    0     0     0 2220 2093 23  2 76  0  0 2021-07-24 05:34:38
 4  0      0 56357264   2088 2536352    0    0     0     0 2379 2151 25  2 74  0  0 2021-07-24 05:34:39
 1  0      0 56357268   2088 2536352    0    0     0     0 2339 2251 24  1 75  0  0 2021-07-24 05:34:40
 1  0      0 56357396   2088 2536352    0    0     0     8 2255 2051 23  2 75  0  0 2021-07-24 05:34:41
 1  0      0 56391872   2088 2536356    0    0     0     0 2180 2044 22  2 76  0  0 2021-07-24 05:34:42
 1  0      0 56381588   2088 2536356    0    0     0     0 2492 2329 24  2 75  0  0 2021-07-24 05:34:43
 1  0      0 56338188   2088 2536356    0    0     0     0 2127 2064 23  1 76  0  0 2021-07-24 05:34:44
 1  0      0 56337196   2088 2536364    0    0     0     0 2510 2287 27  1 72  0  0 2021-07-24 05:34:45
 1  0      0 56363856   2088 2536364    0    0     0    28 1839 1763 21  1 78  0  0 2021-07-24 05:34:46
 1  0      0 56368072   2088 2536364    0    0     0     0 1631 1675 17  1 82  0  0 2021-07-24 05:34:47
 1  0      0 56367208   2088 2536364    0    0     0     0 2263 1861 20  1 79  0  0 2021-07-24 05:34:48
 1  0      0 56367212   2088 2536364    0    0     0     0 2393 2147 27  1 72  0  0 2021-07-24 05:34:49
 4  0      0 56388172   2088 2536364    0    0     0     0 1835 1774 19  1 80  0  0 2021-07-24 05:34:50
 4  0      0 56356928   2088 2536364    0    0     0     0 2534 2307 26  1 73  0  0 2021-07-24 05:34:51
 4  0      0 56356560   2088 2536364    0    0     0     0 2431 2163 25  2 73  0  0 2021-07-24 05:34:52
 1  0      0 56356564   2088 2536372    0    0     0     0 2280 2057 25  2 73  0  0 2021-07-24 05:34:53
 1  0      0 56334748   2088 2536372    0    0     0     0 2436 2208 25  2 73  0  0 2021-07-24 05:34:54
procs -----------memory---------- ---swap-- -----io---- -system-- ------cpu----- -----timestamp-----
 r  b   swpd   free   buff  cache   si   so    bi    bo   in   cs us sy id wa st                 UTC
 3  0      0 56353348   2088 2536372    0    0     0     0 2287 2040 23  2 74  0  0 2021-07-24 05:34:55
 1  0      0 56353232   2088 2536372    0    0     0    44 2440 2208 24  2 74  0  0 2021-07-24 05:34:56
 1  0      0 56305740   2088 2536372    0    0     0     0 1994 1879 21  2 77  0  0 2021-07-24 05:34:57
 1  0      0 56359568   2088 2536372    0    0     0     0 2592 2356 26  2 72  0  0 2021-07-24 05:34:58
 4  0      0 56358700   2088 2536372    0    0     0     0 2411 2302 24  1 74  0  0 2021-07-24 05:34:59
 1  0      0 56353368   2088 2536380    0    0     0     0 2146 2039 23  1 75  0  0 2021-07-24 05:35:00
 1  0      0 56353120   2088 2536380    0    0     0     4 2301 2179 26  1 73  0  0 2021-07-24 05:35:01
 1  0      0 56337992   2088 2536380    0    0     0     0 1771 1746 18  2 80  0  0 2021-07-24 05:35:02
 1  0      0 56340968   2088 2536380    0    0     0    52 1551 1570 19  1 80  0  0 2021-07-24 05:35:03
 2  0      0 56340228   2088 2536380    0    0     0     0 2617 2120 23  2 75  0  0 2021-07-24 05:35:04
 1  0      0 56340356   2088 2536380    0    0     0     0 1704 1680 19  1 80  0  0 2021-07-24 05:35:05
 1  0      0 56352264   2088 2536380    0    0     0     0 2072 1967 21  2 77  0  0 2021-07-24 05:35:06
 2  0      0 56351648   2088 2536380    0    0     0     0 2577 2360 24  3 73  0  0 2021-07-24 05:35:07
 4  0      0 56351160   2088 2536388    0    0     0     0 2440 2110 23  4 73  0  0 2021-07-24 05:35:08
 4  0      0 56351660   2088 2536388    0    0     0     0 2268 2048 23  1 75  0  0 2021-07-24 05:35:09
 1  0      0 56351912   2088 2536388    0    0     0     0 2473 2237 24  2 74  0  0 2021-07-24 05:35:10
 4  0      0 56351792   2088 2536388    0    0     0     0 2494 2351 26  1 73  0  0 2021-07-24 05:35:11
 1  0      0 56351920   2088 2536388    0    0     0     0 2304 2097 24  2 74  0  0 2021-07-24 05:35:12
 1  0      0 56382924   2088 2536388    0    0     0     0 1989 1823 21  2 77  0  0 2021-07-24 05:35:13
 1  0      0 56352304   2088 2536396    0    0     0     0 2589 2397 25  2 73  0  0 2021-07-24 05:35:14
 1  0      0 56334324   2088 2536396    0    0     0     0 2177 2117 24  1 76  0  0 2021-07-24 05:35:15
procs -----------memory---------- ---swap-- -----io---- -system-- ------cpu----- -----timestamp-----
 r  b   swpd   free   buff  cache   si   so    bi    bo   in   cs us sy id wa st                 UTC
 1  0      0 56333704   2088 2536396    0    0     0    12 2404 2241 25  2 73  0  0 2021-07-24 05:35:16
 1  0      0 56345980   2088 2536396    0    0     0     0 1766 1774 20  0 79  0  0 2021-07-24 05:35:17
 1  0      0 56355900   2088 2536400    0    0     0     0 1828 1816 19  1 80  0  0 2021-07-24 05:35:18
 4  0      0 56337180   2088 2536400    0    0     0     0 1921 1847 21  1 78  0  0 2021-07-24 05:35:19
 1  0      0 56337184   2088 2536400    0    0     0     0 2217 2069 24  1 75  0  0 2021-07-24 05:35:20
 4  0      0 56339788   2088 2536404    0    0     0     0 1909 1597 19  1 80  0  0 2021-07-24 05:35:21
 4  0      0 56350088   2088 2536404    0    0     0     0 2594 2303 26  2 72  0  0 2021-07-24 05:35:22
 1  0      0 56350092   2088 2536412    0    0     0     0 2422 2095 24  3 72  0  0 2021-07-24 05:35:23
 1  0      0 56350096   2088 2536412    0    0     0     0 2555 2259 26  2 71  0  0 2021-07-24 05:35:24
 1  0      0 56350348   2088 2536412    0    0     0     0 2175 2023 24  1 75  0  0 2021-07-24 05:35:25
 4  0      0 56350228   2088 2536412    0    0     0     0 2459 2229 25  2 73  0  0 2021-07-24 05:35:26
 2  0      0 56349980   2088 2536412    0    0     0     0 2615 2266 27  2 72  0  0 2021-07-24 05:35:27
 2  0      0 56349616   2088 2536412    0    0     0     0 2317 2070 23  3 75  0  0 2021-07-24 05:35:28
 4  0      0 56286752   2088 2536412    0    0     0     0 2132 1949 22  2 76  0  0 2021-07-24 05:35:29
 1  0      0 56351984   2088 2536420    0    0     0     0 2465 2231 24  1 75  0  0 2021-07-24 05:35:30
 4  0      0 56304864   2088 2536420    0    0     0     0 2240 2054 23  1 75  0  0 2021-07-24 05:35:31
 1  0      0 56348636   2088 2536420    0    0     0    44 2502 2213 26  1 73  0  0 2021-07-24 05:35:32
 2  0      0 56344172   2088 2536420    0    0     0    18 1775 1806 18  1 80  0  0 2021-07-24 05:35:33
 1  0      0 56337592   2088 2536420    0    0     0     0 1781 1808 18  1 81  0  0 2021-07-24 05:35:34
 1  0      0 56336976   2088 2536420    0    0     0     0 1972 1867 21  1 78  0  0 2021-07-24 05:35:35
 4  0      0 56336732   2088 2536420    0    0     0     0 2353 2089 24  1 74  0  0 2021-07-24 05:35:36
procs -----------memory---------- ---swap-- -----io---- -system-- ------cpu----- -----timestamp-----
 r  b   swpd   free   buff  cache   si   so    bi    bo   in   cs us sy id wa st                 UTC
 4  0      0 56381004   2088 2536420    0    0     0     0 2162 1727 19  2 79  0  0 2021-07-24 05:35:37
 4  0      0 56348644   2088 2536432    0    0     0     0 2621 2377 26  1 73  0  0 2021-07-24 05:35:38
 1  0      0 56348400   2088 2536432    0    0     0     0 2508 2140 24  3 72  0  0 2021-07-24 05:35:39
 1  0      0 56349024   2088 2536432    0    0     0     0 2397 2119 23  2 74  0  0 2021-07-24 05:35:40
 4  0      0 56348904   2088 2536432    0    0     0     0 2425 2142 24  1 74  0  0 2021-07-24 05:35:41
 4  0      0 56275252   2088 2536432    0    0     0     0 2378 2088 23  2 74  0  0 2021-07-24 05:35:42
 2  0      0 56348912   2088 2536432    0    0     0     0 2580 2190 25  3 73  0  0 2021-07-24 05:35:43
 1  0      0 56348796   2088 2536432    0    0     0     0 2251 1923 24  1 74  0  0 2021-07-24 05:35:44
 1  0      0 56360828   2088 2536440    0    0     0     0 2544 2224 24  2 74  0  0 2021-07-24 05:35:45
 4  0      0 56351156   2088 2536440    0    0     0     0 2418 2204 24  1 75  0  0 2021-07-24 05:35:46
 4  0      0 56350136   2088 2536440    0    0     0    16 2152 2042 21  1 78  0  0 2021-07-24 05:35:47
 1  0      0 56350260   2088 2536440    0    0     0     0 2495 2328 24  1 75  0  0 2021-07-24 05:35:48
 1  0      0 56331164   2088 2536440    0    0     0     0 1852 1739 20  1 79  0  0 2021-07-24 05:35:49
 1  0      0 56321120   2088 2536440    0    0     0     0 1443 1451 18  1 82  0  0 2021-07-24 05:35:50
 1  0      0 56320752   2088 2536440    0    0     0     0 2284 2027 24  1 75  0  0 2021-07-24 05:35:51
 1  0      0 56320632   2088 2536448    0    0     0     0 2060 1858 22  1 77  0  0 2021-07-24 05:35:52
 1  0      0 56347420   2088 2536448    0    0     0     0 2270 1791 20  2 79  0  0 2021-07-24 05:35:53
 4  0      0 56346432   2088 2536448    0    0     0     0 2836 2471 28  1 71  0  0 2021-07-24 05:35:54
 2  0      0 56346436   2088 2536452    0    0     0     0 2503 2090 23  5 72  0  0 2021-07-24 05:35:55
 4  0      0 56343092   2088 2536452    0    0     0     0 2151 1932 23  1 76  0  0 2021-07-24 05:35:56
 1  0      0 56342476   2088 2536452    0    0     0     0 2518 2112 24  3 73  0  0 2021-07-24 05:35:57
procs -----------memory---------- ---swap-- -----io---- -system-- ------cpu----- -----timestamp-----
 r  b   swpd   free   buff  cache   si   so    bi    bo   in   cs us sy id wa st                 UTC
 1  0      0 56342356   2088 2536452    0    0     0     0 2581 2333 24  1 74  0  0 2021-07-24 05:35:58
 4  0      0 56342488   2088 2536460    0    0     0     0 2485 2144 25  2 73  0  0 2021-07-24 05:35:59
 2  0      0 56355512   2088 2536460    0    0     0     0 2046 1846 20  2 77  0  0 2021-07-24 05:36:00
 1  0      0 56344728   2088 2536460    0    0     0     0 2737 2400 25  1 73  0  0 2021-07-24 05:36:01
 1  0      0 56335556   2088 2536460    0    0     0     0 2529 2318 25  1 74  0  0 2021-07-24 05:36:02
 4  0      0 56342376   2088 2536460    0    0     0     0 2255 2096 22  1 76  0  0 2021-07-24 05:36:03
 1  0      0 56375048   2088 2536460    0    0     0     3 1876 1790 19  2 79  0  0 2021-07-24 05:36:04
 1  0      0 56368416   2088 2536460    0    0     0     0 1774 1724 17  1 81  0  0 2021-07-24 05:36:05
 1  0      0 56316460   2088 2536460    0    0     0     0 1915 1739 21  1 77  0  0 2021-07-24 05:36:06
 3  0      0 56316592   2088 2536468    0    0     0     0 2604 2237 27  1 72  0  0 2021-07-24 05:36:07
 4  0      0 56374744   2088 2536468    0    0     0    44 1327 1384 16  0 84  0  0 2021-07-24 05:36:08
 2  0      0 56342140   2088 2536468    0    0     0     0 2962 2302 24  3 73  0  0 2021-07-24 05:36:09
 4  0      0 56342516   2088 2536468    0    0     0     0 2561 2128 24  4 73  0  0 2021-07-24 05:36:10
 4  0      0 56342400   2088 2536468    0    0     0     0 2659 2252 26  2 71  0  0 2021-07-24 05:36:11
 1  0      0 56342280   2088 2536468    0    0     0     0 2315 2127 23  1 76  0  0 2021-07-24 05:36:12
 1  0      0 56342652   2088 2536468    0    0     0   108 2426 2100 24  2 74  0  0 2021-07-24 05:36:13
 1  0      0 56342224   2088 2536476    0    0     0     0 2568 2295 26  1 73  0  0 2021-07-24 05:36:14
 1  0      0 56342228   2088 2536476    0    0     0     0 2334 2070 23  2 75  0  0 2021-07-24 05:36:15
 1  0      0 56353640   2088 2536476    0    0     0     0 2230 1976 22  2 76  0  0 2021-07-24 05:36:16
 1  0      0 56344596   2088 2536476    0    0     0     0 2600 2319 24  2 75  0  0 2021-07-24 05:36:17
 4  0      0 56343232   2088 2536476    0    0     0     8 2175 2054 20  2 78  0  0 2021-07-24 05:36:18
procs -----------memory---------- ---swap-- -----io---- -system-- ------cpu----- -----timestamp-----
 r  b   swpd   free   buff  cache   si   so    bi    bo   in   cs us sy id wa st                 UTC
 1  0      0 56342488   2088 2536476    0    0     0     0 2563 2291 25  2 73  0  0 2021-07-24 05:36:19
 4  0      0 56252588   2088 2536476    0    0     0     0 1777 1761 18  1 80  0  0 2021-07-24 05:36:20
 4  0      0 56317316   2088 2536484    0    0     0     0 1660 1587 18  1 81  0  0 2021-07-24 05:36:21
 1  0      0 56316328   2088 2536484    0    0     0     0 2108 1893 22  1 76  0  0 2021-07-24 05:36:22
 4  0      0 56316576   2088 2536484    0    0     0     4 2252 2055 23  1 76  0  0 2021-07-24 05:36:23
 1  0      0 56375112   2088 2536484    0    0     0     0 1788 1695 19  1 80  0  0 2021-07-24 05:36:24
 2  0      0 56342504   2088 2536484    0    0     0     0 2881 2282 24  2 74  0  0 2021-07-24 05:36:25
 1  0      0 56342260   2088 2536484    0    0     0     0 2474 2103 24  3 73  0  0 2021-07-24 05:36:26
 1  0      0 56342512   2088 2536484    0    0     0     0 2484 2162 25  3 73  0  0 2021-07-24 05:36:27
 4  0      0 56340532   2088 2536484    0    0     0     0 2386 2119 24  1 75  0  0 2021-07-24 05:36:28
 4  0      0 56340656   2088 2536496    0    0     0     0 2305 2033 23  2 75  0  0 2021-07-24 05:36:29
 2  0      0 56341160   2088 2536496    0    0     0     0 2547 2150 24  3 73  0  0 2021-07-24 05:36:30
 1  0      0 56340548   2088 2536500    0    0     0     0 2351 2091 23  2 75  0  0 2021-07-24 05:36:31
 4  0      0 56349976   2088 2536500    0    0     0     0 2469 2135 25  2 73  0  0 2021-07-24 05:36:32
 1  0      0 56342168   2088 2536500    0    0     0     0 2485 2176 25  1 74  0  0 2021-07-24 05:36:33
 4  0      0 56340304   2088 2536500    0    0     0     0 2375 2180 24  1 75  0  0 2021-07-24 05:36:34
 4  0      0 56340192   2088 2536500    0    0     0    19 2609 2459 24  1 75  0  0 2021-07-24 05:36:35
 1  0      0 56322584   2088 2536512    0    0     0     0 1909 1821 19  2 79  0  0 2021-07-24 05:36:36
 1  0      0 56312664   2088 2536512    0    0     0     0 1413 1473 16  1 83  0  0 2021-07-24 05:36:37
 6  0      0 56311920   2088 2536512    0    0     0     0 2150 1989 22  1 77  0  0 2021-07-24 05:36:38
 4  0      0 56312052   2088 2536512    0    0     0     0 2123 1915 22  1 76  0  0 2021-07-24 05:36:39
procs -----------memory---------- ---swap-- -----io---- -system-- ------cpu----- -----timestamp-----
 r  b   swpd   free   buff  cache   si   so    bi    bo   in   cs us sy id wa st                 UTC
 1  0      0 56361780   2088 2536512    0    0     0     0 1930 1799 19  2 79  0  0 2021-07-24 05:36:40
 1  0      0 56331776   2088 2536512    0    0     0     0 2924 2299 25  2 73  0  0 2021-07-24 05:36:41
 1  0      0 56331328   2088 2536512    0    0     0     0 2584 2156 25  4 71  0  0 2021-07-24 05:36:42
 4  0      0 56331660   2088 2536512    0    0     0     0 2192 1889 23  1 76  0  0 2021-07-24 05:36:43
 2  0      0 56331984   2088 2536520    0    0     0     0 2673 2252 26  3 71  0  0 2021-07-24 05:36:44
 1  0      0 56332160   2088 2536520    0    0     0     0 2412 2142 24  2 74  0  0 2021-07-24 05:36:45
 2  0      0 56331552   2088 2536524    0    0     0     0 2425 2170 23  2 75  0  0 2021-07-24 05:36:46
 1  0      0 56370088   2088 2536524    0    0     0     0 2135 1866 22  2 76  0  0 2021-07-24 05:36:47
 4  0      0 56344460   2088 2536524    0    0     0     0 2654 2389 24  2 74  0  0 2021-07-24 05:36:48
 4  0      0 56343344   2088 2536524    0    0     0    56 2500 2279 25  1 74  0  0 2021-07-24 05:36:49
 1  0      0 56342724   2088 2536524    0    0     0     0 2252 2039 23  1 75  0  0 2021-07-24 05:36:50
 1  0      0 56336524   2088 2536532    0    0     0     0 2171 2024 22  2 77  0  0 2021-07-24 05:36:51
 1  0      0 56326852   2088 2536532    0    0     0     0 1882 1733 20  2 79  0  0 2021-07-24 05:36:52
 1  0      0 56316808   2088 2536532    0    0     0     0 1496 1540 17  1 83  0  0 2021-07-24 05:36:53
 2  0      0 56316564   2088 2536532    0    0     0     0 2438 2140 24  2 74  0  0 2021-07-24 05:36:54
 1  0      0 56316692   2088 2536532    0    0     0     0 1693 1675 19  0 81  0  0 2021-07-24 05:36:55
 4  0      0 56330088   2088 2536532    0    0     0     0 2221 1993 22  1 76  0  0 2021-07-24 05:36:56
 2  0      0 56329472   2088 2536532    0    0     0     0 2989 2326 24  3 73  0  0 2021-07-24 05:36:57
 1  0      0 56329476   2088 2536532    0    0     0     0 2547 2060 25  4 71  0  0 2021-07-24 05:36:58
 2  0      0 56329356   2088 2536540    0    0     0     8 2324 2024 26  1 73  0  0 2021-07-24 05:36:59
 4  0      0 56329364   2088 2536540    0    0     0     0 2503 2265 23  2 75  0  0 2021-07-24 05:37:00
procs -----------memory---------- ---swap-- -----io---- -system-- ------cpu----- -----timestamp-----
 r  b   swpd   free   buff  cache   si   so    bi    bo   in   cs us sy id wa st                 UTC
 4  0      0 56329616   2088 2536540    0    0     0     0 2632 2333 26  1 73  0  0 2021-07-24 05:37:01
 4  0      0 56329372   2088 2536540    0    0     0     0 2360 2099 23  2 75  0  0 2021-07-24 05:37:02
 1  0      0 56353060   2088 2536540    0    0     0     0 1951 1794 19  2 79  0  0 2021-07-24 05:37:03
 1  0      0 56344016   2088 2536540    0    0     0     0 2745 2386 26  2 72  0  0 2021-07-24 05:37:04
 1  0      0 56332112   2088 2536540    0    0     0    19 2494 2218 25  1 73  0  0 2021-07-24 05:37:05
 1  0      0 56338188   2088 2536552    0    0     0     1 2403 2105 26  1 73  0  0 2021-07-24 05:37:06
 4  0      0 56361004   2088 2536552    0    0     0     0 1896 1799 20  2 79  0  0 2021-07-24 05:37:07
 1  0      0 56344388   2088 2536552    0    0     0     0 1773 1723 18  2 81  0  0 2021-07-24 05:37:08
 4  0      0 56312152   2088 2536552    0    0     0     0 1884 1781 20  1 79  0  0 2021-07-24 05:37:09
 1  0      0 56312528   2088 2536552    0    0     0     0 2632 2379 25  1 73  0  0 2021-07-24 05:37:10
 1  0      0 56370804   2088 2536552    0    0     0     0 1334 1397 16  0 84  0  0 2021-07-24 05:37:11
 2  0      0 56324560   2088 2536552    0    0     0     0 2582 2225 25  2 73  0  0 2021-07-24 05:37:12
 1  0      0 56324692   2088 2536552    0    0     0     0 2658 2133 23  3 74  0  0 2021-07-24 05:37:13
 1  0      0 56324820   2088 2536560    0    0     0     0 2849 2326 26  2 72  0  0 2021-07-24 05:37:14
 1  0      0 56324700   2088 2536560    0    0     0     0 2423 2125 26  1 73  0  0 2021-07-24 05:37:15
 1  0      0 56325196   2088 2536560    0    0     0     0 2398 2098 24  2 74  0  0 2021-07-24 05:37:16
 4  0      0 56325696   2088 2536560    0    0     0     0 2543 2310 25  1 74  0  0 2021-07-24 05:37:17
 4  0      0 56262464   2088 2536560    0    0     0     0 2377 2111 24  2 74  0  0 2021-07-24 05:37:18
 1  0      0 56346788   2088 2536560    0    0     0     4 2252 2018 23  2 75  0  0 2021-07-24 05:37:19
 1  0      0 56337496   2088 2536560    0    0     0     0 2471 2200 24  1 75  0  0 2021-07-24 05:37:20
 2  0      0 56335884   2088 2536568    0    0     0     0 2321 2061 24  2 74  0  0 2021-07-24 05:37:21
procs -----------memory---------- ---swap-- -----io---- -system-- ------cpu----- -----timestamp-----
 r  b   swpd   free   buff  cache   si   so    bi    bo   in   cs us sy id wa st                 UTC
 1  0      0 56335264   2088 2536568    0    0     0     0 2609 2272 27  1 72  0  0 2021-07-24 05:37:22
 1  0      0 56320136   2088 2536568    0    0     0     0 1827 1739 19  2 79  0  0 2021-07-24 05:37:23
 1  0      0 56309100   2088 2536568    0    0     0    52 1623 1648 17  1 82  0  0 2021-07-24 05:37:24
 1  0      0 56308604   2088 2536568    0    0     0     0 1938 1830 21  1 78  0  0 2021-07-24 05:37:25
 1  0      0 56308612   2088 2536568    0    0     0     0 2364 2161 24  1 75  0  0 2021-07-24 05:37:26
 1  0      0 56361932   2088 2536568    0    0     0     0 1842 1725 20  1 79  0  0 2021-07-24 05:37:27
 1  0      0 56319408   2088 2536576    0    0     0     0 2570 2308 26  1 73  0  0 2021-07-24 05:37:28
 1  0      0 56319412   2088 2536576    0    0     0     0 2513 2079 25  3 72  0  0 2021-07-24 05:37:29
 1  0      0 56319540   2088 2536576    0    0     0     0 2716 2136 24  2 75  0  0 2021-07-24 05:37:30
 4  0      0 56319664   2088 2536576    0    0     0     0 2405 2146 25  1 74  0  0 2021-07-24 05:37:31
 2  0      0 56319176   2088 2536576    0    0     0     0 2346 2038 24  2 74  0  0 2021-07-24 05:37:32
 1  0      0 56319556   2088 2536576    0    0     0     0 2646 2265 26  2 72  0  0 2021-07-24 05:37:33
 1  0      0 56305296   2088 2536576    0    0     0     0 2086 1874 22  2 77  0  0 2021-07-24 05:37:34
 1  0      0 56346224   2088 2536584    0    0     0     0 2708 2399 25  2 73  0  0 2021-07-24 05:37:35
 1  0      0 56336052   2088 2536584    0    0     0     4 2477 2340 24  1 75  0  0 2021-07-24 05:37:36
 4  0      0 56334812   2088 2536584    0    0     0     0 2124 1994 21  2 77  0  0 2021-07-24 05:37:37
 1  0      0 56334812   2088 2536584    0    0     0     0 2412 2237 24  1 75  0  0 2021-07-24 05:37:38
 1  0      0 56314104   2088 2536584    0    0     0     0 1837 1724 19  2 79  0  0 2021-07-24 05:37:39
 1  0      0 56309392   2088 2536584    0    0     0     4 1440 1493 16  1 83  0  0 2021-07-24 05:37:40
 1  0      0 56309024   2088 2536584    0    0     0     0 2303 2098 24  1 75  0  0 2021-07-24 05:37:41
 1  0      0 56308904   2088 2536584    0    0     0     0 1902 1757 21  1 78  0  0 2021-07-24 05:37:42
procs -----------memory---------- ---swap-- -----io---- -system-- ------cpu----- -----timestamp-----
 r  b   swpd   free   buff  cache   si   so    bi    bo   in   cs us sy id wa st                 UTC
 1  0      0 56316472   2088 2536592    0    0     0     0 2056 1886 21  2 77  0  0 2021-07-24 05:37:43
 2  0      0 56316476   2088 2536596    0    0     0     0 2755 2445 26  2 72  0  0 2021-07-24 05:37:44
 2  0      0 56315984   2088 2536596    0    0     0     0 2420 2026 23  4 73  0  0 2021-07-24 05:37:45
 2  0      0 56316112   2088 2536596    0    0     0     0 2521 2037 22  1 77  0  0 2021-07-24 05:37:46
 1  0      0 56316612   2088 2536596    0    0     0     0 2413 2124 23  2 75  0  0 2021-07-24 05:37:47
 1  0      0 56316244   2088 2536596    0    0     0     0 2540 2331 24  1 75  0  0 2021-07-24 05:37:48
 4  0      0 56316252   2088 2536596    0    0     0     0 2412 2144 24  2 74  0  0 2021-07-24 05:37:49
 1  0      0 56344032   2088 2536604    0    0     0     0 1986 1826 20  2 78  0  0 2021-07-24 05:37:50
 1  0      0 56337344   2088 2536604    0    0     0     0 2756 2363 27  2 71  0  0 2021-07-24 05:37:51
 1  0      0 56331392   2088 2536608    0    0     0     0 2485 2247 25  1 74  0  0 2021-07-24 05:37:52
 4  0      0 56330400   2088 2536608    0    0     0     0 2295 2076 24  1 75  0  0 2021-07-24 05:37:53
 1  0      0 56365120   2088 2536608    0    0     0     0 1995 1834 22  1 77  0  0 2021-07-24 05:37:54
 1  0      0 56363260   2088 2536608    0    0     0     8 1830 1752 18  2 80  0  0 2021-07-24 05:37:55
 1  0      0 56307712   2088 2536608    0    0     0     0 1870 1708 20  2 78  0  0 2021-07-24 05:37:56
 4  0      0 56307344   2088 2536608    0    0     0     0 2604 2235 27  1 71  0  0 2021-07-24 05:37:57
 1  0      0 56360832   2088 2536616    0    0     0     0 1333 1390 16  1 83  0  0 2021-07-24 05:37:58
 2  0      0 56323468   2088 2536616    0    0     0     0 2592 2312 25  2 73  0  0 2021-07-24 05:37:59
 1  0      0 56323096   2088 2536616    0    0     0   148 2574 2117 24  4 72  0  0 2021-07-24 05:38:00
 1  0      0 56323224   2088 2536616    0    0     0     0 2592 2281 25  2 73  0  0 2021-07-24 05:38:01
 4  0      0 56322424   2088 2536620    0    0     0     0 3157 2341 24  1 74  0  0 2021-07-24 05:38:02
 1  0      0 56322552   2088 2536620    0    0     0     0 2478 2113 25  2 72  0  0 2021-07-24 05:38:03
procs -----------memory---------- ---swap-- -----io---- -system-- ------cpu----- -----timestamp-----
 r  b   swpd   free   buff  cache   si   so    bi    bo   in   cs us sy id wa st                 UTC
 4  0      0 56322556   2088 2536620    0    0     0     0 2449 2194 24  1 74  0  0 2021-07-24 05:38:04
 1  0      0 56322436   2088 2536632    0    0     0     0 2268 2047 22  2 76  0  0 2021-07-24 05:38:05
 4  0      0 56339176   2088 2536632    0    0     0     0 2175 1915 22  2 76  0  0 2021-07-24 05:38:06
 1  0      0 56330132   2088 2536632    0    0     0     6 2732 2389 26  2 72  0  0 2021-07-24 05:38:07
 1  0      0 56327036   2088 2536632    0    0     0     0 2181 2007 22  1 76  0  0 2021-07-24 05:38:08
 1  0      0 56326664   2088 2536632    0    0     0     0 2589 2294 26  2 73  0  0 2021-07-24 05:38:09
 1  0      0 56306452   2088 2536632    0    0     0     0 1892 1788 22  0 77  0  0 2021-07-24 05:38:10
 1  0      0 56302484   2088 2536632    0    0     0     0 1732 1669 18  1 81  0  0 2021-07-24 05:38:11
 1  0      0 56301868   2088 2536640    0    0     0     0 2078 2019 20  1 78  0  0 2021-07-24 05:38:12
 4  0      0 56301872   2088 2536640    0    0     0     0 2144 1955 22  2 77  0  0 2021-07-24 05:38:13
 1  0      0 56356056   2088 2536640    0    0     0     0 1786 1675 19  1 80  0  0 2021-07-24 05:38:14
 1  0      0 56311056   2088 2536640    0    0     0     0 2529 2244 25  2 73  0  0 2021-07-24 05:38:15
 4  0      0 56311184   2088 2536640    0    0     0     0 2541 2097 26  3 71  0  0 2021-07-24 05:38:16
 1  0      0 56311312   2088 2536640    0    0     0     0 2585 2223 26  2 72  0  0 2021-07-24 05:38:17
 1  0      0 56311440   2088 2536640    0    0     0     0 2582 2073 23  1 76  0  0 2021-07-24 05:38:18
 1  0      0 56311564   2088 2536644    0    0     0     0 2400 2147 23  2 74  0  0 2021-07-24 05:38:19
 2  0      0 56311320   2088 2536652    0    0     0     0 2541 2199 24  3 73  0  0 2021-07-24 05:38:20
 4  0      0 56311084   2088 2536652    0    0     0     8 2333 2012 23  2 75  0  0 2021-07-24 05:38:21
 4  0      0 56337128   2088 2536652    0    0     0     0 2232 2073 22  1 77  0  0 2021-07-24 05:38:22
 1  0      0 56327212   2088 2536652    0    0     0     0 2456 2150 25  2 74  0  0 2021-07-24 05:38:23
 4  0      0 56325972   2088 2536652    0    0     0   136 2351 2132 25  1 74  0  0 2021-07-24 05:38:24
procs -----------memory---------- ---swap-- -----io---- -system-- ------cpu----- -----timestamp-----
 r  b   swpd   free   buff  cache   si   so    bi    bo   in   cs us sy id wa st                 UTC
 1  0      0 56326344   2088 2536652    0    0     0     0 2694 2332 29  1 70  0  0 2021-07-24 05:38:25
 1  0      0 56305632   2088 2536652    0    0     0    12 1905 1825 18  2 80  0  0 2021-07-24 05:38:26
 1  0      0 56297328   2088 2536660    0    0     0     0 1520 1490 19  0 81  0  0 2021-07-24 05:38:27
 1  0      0 56296956   2088 2536660    0    0     0     0 2029 1929 20  1 79  0  0 2021-07-24 05:38:28
 4  0      0 56297084   2088 2536660    0    0     0     0 2212 1966 24  1 76  0  0 2021-07-24 05:38:29
 1  0      0 56349664   2088 2536660    0    0     0     0 2023 1853 20  2 78  0  0 2021-07-24 05:38:30
 4  0      0 56317180   2088 2536660    0    0     0     0 2546 2270 25  1 74  0  0 2021-07-24 05:38:31
 4  0      0 56317308   2088 2536660    0    0     0     0 2523 2151 24  3 73  0  0 2021-07-24 05:38:32
 1  0      0 56317192   2088 2536660    0    0     0     0 2134 1931 21  2 77  0  0 2021-07-24 05:38:33
 1  0      0 56317072   2088 2536660    0    0     0     0 2139 1818 25  1 74  0  0 2021-07-24 05:38:34
 1  0      0 56317200   2088 2536668    0    0     0     0 2133 1407 25  2 73  0  0 2021-07-24 05:38:35
 1  0      0 56317200   2088 2536668    0    0     0    64 2109 1790 27  0 72  0  0 2021-07-24 05:38:36
 1  0      0 56317444   2088 2536668    0    0     0     0 2677 2345 23  4 73  0  0 2021-07-24 05:38:37
 1  0      0 56317576   2088 2536668    0    0     0    81 2290 2094 22  2 76  0  0 2021-07-24 05:38:38
 3  0      0 56339648   2088 2536668    0    0     0     0 2531 2224 24  2 74  0  0 2021-07-24 05:38:39
 1  0      0 56324528   2088 2536668    0    0     0     0 2339 2175 23  2 76  0  0 2021-07-24 05:38:40
 1  0      0 56322788   2088 2536668    0    0     0     0 2096 2025 20  1 78  0  0 2021-07-24 05:38:41
 4  0      0 56323040   2088 2536668    0    0     0     0 2579 2406 25  1 74  0  0 2021-07-24 05:38:42
 1  0      0 56306172   2088 2536668    0    0     0     0 2278 1822 20  2 79  0  0 2021-07-24 05:38:43
 1  0      0 56299356   2088 2536680    0    0     0     0 1410 1417 17  1 82  0  0 2021-07-24 05:38:44
 1  0      0 56298988   2088 2536680    0    0     0     0 2144 1966 22  1 77  0  0 2021-07-24 05:38:45
procs -----------memory---------- ---swap-- -----io---- -system-- ------cpu----- -----timestamp-----
 r  b   swpd   free   buff  cache   si   so    bi    bo   in   cs us sy id wa st                 UTC
 1  0      0 56298992   2088 2536680    0    0     0     0 2202 1961 24  1 75  0  0 2021-07-24 05:38:46
 1  0      0 56342516   2088 2536680    0    0     0     0 1958 1772 21  1 78  0  0 2021-07-24 05:38:47
 1  0      0 56316484   2088 2536680    0    0     0     0 2698 2394 26  1 72  0  0 2021-07-24 05:38:48
 2  0      0 56316612   2088 2536680    0    0     0     0 2576 2168 25  3 72  0  0 2021-07-24 05:38:49
 1  0      0 56316364   2088 2536680    0    0     0     0 2018 1872 20  2 78  0  0 2021-07-24 05:38:50
 1  0      0 56316372   2088 2536688    0    0     0     0 2995 2202 25  3 72  0  0 2021-07-24 05:38:51
 1  0      0 56316372   2088 2536688    0    0     0     0 2446 2214 25  1 74  0  0 2021-07-24 05:38:52
 1  0      0 56316508   2088 2536688    0    0     0     0 2484 2152 25  2 73  0  0 2021-07-24 05:38:53
 4  0      0 56356408   2088 2536688    0    0     0     0 2169 1931 21  2 77  0  0 2021-07-24 05:38:54
 1  0      0 56325572   2088 2536692    0    0     0     0 2625 2351 24  2 74  0  0 2021-07-24 05:38:55
 4  0      0 56324704   2088 2536692    0    0     0     0 2442 2221 24  1 75  0  0 2021-07-24 05:38:56
 4  0      0 56323464   2088 2536692    0    0     0    12 2253 2053 23  2 75  0  0 2021-07-24 05:38:57
 1  0      0 56248816   2088 2536700    0    0     0     0 1919 1872 19  1 80  0  0 2021-07-24 05:38:58
 1  0      0 56355780   2088 2536700    0    0     0     0 2131 1794 17  1 82  0  0 2021-07-24 05:38:59
 1  0      0 56297304   2088 2536704    0    0     0     0 1831 1757 19  1 80  0  0 2021-07-24 05:39:00
 2  0      0 56297552   2088 2536704    0    0     0     0 2468 2218 25  1 74  0  0 2021-07-24 05:39:01
 1  0      0 56318924   2088 2536704    0    0     0     0 1359 1393 17  0 83  0  0 2021-07-24 05:39:02
 2  0      0 56308720   2088 2536704    0    0     0     0 2585 2285 25  2 73  0  0 2021-07-24 05:39:03
 1  0      0 56308600   2088 2536704    0    0     0     0 2416 2026 22  4 74  0  0 2021-07-24 05:39:04
 1  0      0 56308484   2088 2536704    0    0     0     0 2660 2301 26  2 72  0  0 2021-07-24 05:39:05
 4  0      0 56308364   2088 2536716    0    0     0     0 2397 2137 24  1 75  0  0 2021-07-24 05:39:06
procs -----------memory---------- ---swap-- -----io---- -system-- ------cpu----- -----timestamp-----
 r  b   swpd   free   buff  cache   si   so    bi    bo   in   cs us sy id wa st                 UTC
 1  0      0 56308492   2088 2536716    0    0     0     0 2669 2057 24  1 75  0  0 2021-07-24 05:39:07
 4  0      0 56308372   2088 2536716    0    0     0    60 2696 2376 27  1 72  0  0 2021-07-24 05:39:08
 4  0      0 56308744   2088 2536716    0    0     0     0 2411 2167 23  3 74  0  0 2021-07-24 05:39:09
 1  0      0 56336280   2088 2536716    0    0     0     0 2257 2047 23  2 75  0  0 2021-07-24 05:39:10
 1  0      0 56325872   2088 2536716    0    0     0     0 2619 2290 25  2 74  0  0 2021-07-24 05:39:11
 4  0      0 56327360   2088 2536716    0    0     0     0 2104 1974 21  2 77  0  0 2021-07-24 05:39:12
 4  0      0 56326616   2088 2536724    0    0     0     0 2543 2315 25  2 73  0  0 2021-07-24 05:39:13
 1  0      0 56306600   2088 2536724    0    0     0     0 1853 1761 21  1 77  0  0 2021-07-24 05:39:14
 4  0      0 56301444   2088 2536724    0    0     0     0 1655 1658 17  1 82  0  0 2021-07-24 05:39:15
 1  0      0 56301076   2088 2536724    0    0     0     0 1965 1896 21  1 78  0  0 2021-07-24 05:39:16
 4  0      0 56300956   2088 2536724    0    0     0    48 2225 2132 21  2 77  0  0 2021-07-24 05:39:17
 1  0      0 56353036   2088 2536724    0    0     0     0 1771 1773 18  1 81  0  0 2021-07-24 05:39:18
 4  0      0 56309768   2088 2536724    0    0     0     0 2542 2345 26  1 73  0  0 2021-07-24 05:39:19
 4  0      0 56309896   2088 2536732    0    0     0     0 2308 2035 22  3 74  0  0 2021-07-24 05:39:20
 4  0      0 56309528   2088 2536732    0    0     0     0 2325 2107 25  2 73  0  0 2021-07-24 05:39:21
 1  0      0 56309532   2088 2536732    0    0     0     0 2347 2179 25  1 74  0  0 2021-07-24 05:39:22
 2  0      0 56310032   2088 2536732    0    0     0     0 2672 2079 24  3 74  0  0 2021-07-24 05:39:23
 5  0      0 56310036   2088 2536732    0    0     0     0 2576 2229 25  3 73  0  0 2021-07-24 05:39:24
 1  0      0 56310284   2088 2536732    0    0     0     0 2165 1847 23  2 75  0  0 2021-07-24 05:39:25
 1  0      0 56331996   2088 2536732    0    0     0     0 2615 2279 24  2 74  0  0 2021-07-24 05:39:26
 4  0      0 56323816   2088 2536732    0    0     0     8 2401 2204 25  1 75  0  0 2021-07-24 05:39:27
procs -----------memory---------- ---swap-- -----io---- -system-- ------cpu----- -----timestamp-----
 r  b   swpd   free   buff  cache   si   so    bi    bo   in   cs us sy id wa st                 UTC
 4  0      0 56322572   2088 2536740    0    0     0     0 2317 2082 25  1 74  0  0 2021-07-24 05:39:28
 1  0      0 56322576   2088 2536740    0    0     0     0 2482 2257 25  1 74  0  0 2021-07-24 05:39:29
 1  0      0 57943764   2088 2544080    0    0     0     0 2035 1691 15  3 82  0  0 2021-07-24 05:39:30
 0  0      0 59291140   2088 2375940    0    0     0     0  836 1076  1  2 97  0  0 2021-07-24 05:39:31
 0  0      0 59291728   2088 2375968    0    0     0    12  515  910  0  0 100  0  0 2021-07-24 05:39:32
 0  0      0 59291728   2088 2375968    0    0     0     0  527  931  0  0 100  0  0 2021-07-24 05:39:33
 0  0      0 59291728   2088 2375968    0    0     0     0  491  888  0  0 100  0  0 2021-07-24 05:39:34
 0  0      0 59291728   2088 2375968    0    0     0     0  512  920  0  0 100  0  0 2021-07-24 05:39:35
 0  0      0 59291728   2088 2375968    0    0     0     0  519  904  0  0 100  0  0 2021-07-24 05:39:36
 0  0      0 59291728   2088 2375968    0    0     0     0  539  934  0  0 100  0  0 2021-07-24 05:39:37
 0  0      0 59291728   2088 2375968    0    0     0     0  642 1072  0  0 100  0  0 2021-07-24 05:39:38
 0  0      0 59291736   2088 2375968    0    0     0    11  904  961  0  0 100  0  0 2021-07-24 05:39:39
 0  0      0 59291736   2088 2375968    0    0     0     0  497  880  0  0 100  0  0 2021-07-24 05:39:40
 0  0      0 59291736   2088 2375968    0    0     0     0  492  873  0  0 100  0  0 2021-07-24 05:39:41
 0  0      0 59291736   2088 2375968    0    0     0     0  480  867  0  0 100  0  0 2021-07-24 05:39:42
 0  0      0 59291736   2088 2375968    0    0     0     0  514  931  0  0 100  0  0 2021-07-24 05:39:43
 0  0      0 59291736   2088 2375968    0    0     0     0  495  872  0  0 100  0  0 2021-07-24 05:39:44
 0  0      0 59291736   2088 2375968    0    0     0     0  509  901  0  0 100  0  0 2021-07-24 05:39:45
 0  0      0 59291736   2088 2375968    0    0     0     0  502  899  0  0 100  0  0 2021-07-24 05:39:46
 0  0      0 59291736   2088 2375968    0    0     0     0  514  910  0  0 100  0  0 2021-07-24 05:39:47
 0  0      0 59291736   2088 2375968    0    0     0     0  491  877  0  0 100  0  0 2021-07-24 05:39:48
procs -----------memory---------- ---swap-- -----io---- -system-- ------cpu----- -----timestamp-----
 r  b   swpd   free   buff  cache   si   so    bi    bo   in   cs us sy id wa st                 UTC
 0  0      0 59291736   2088 2375968    0    0     0     0  488  874  0  0 100  0  0 2021-07-24 05:39:49
 0  0      0 59291736   2088 2375968    0    0     0     0  527  935  0  0 100  0  0 2021-07-24 05:39:50
 0  0      0 59291736   2088 2375968    0    0     0     0  496  881  0  0 100  0  0 2021-07-24 05:39:51
 0  0      0 59291736   2088 2375968    0    0     0     0  495  880  0  0 100  0  0 2021-07-24 05:39:52
 0  0      0 59291736   2088 2375968    0    0     0    24  503  904  0  0 100  0  0 2021-07-24 05:39:53
 0  0      0 59291736   2088 2375968    0    0     0     0  495  884  0  0 100  0  0 2021-07-24 05:39:54
 0  0      0 59291736   2088 2375968    0    0     0     0  855  906  0  0 100  0  0 2021-07-24 05:39:55
 0  0      0 59291736   2088 2375968    0    0     0     0  524  916  0  0 100  0  0 2021-07-24 05:39:56
 0  0      0 59291736   2088 2375968    0    0     0     0  487  864  0  0 100  0  0 2021-07-24 05:39:57
 0  0      0 59291736   2088 2375968    0    0     0     0  497  885  0  0 100  0  0 2021-07-24 05:39:58
 0  0      0 59291736   2088 2375968    0    0     0     0  509  902  0  0 100  0  0 2021-07-24 05:39:59
 0  0      0 59291736   2088 2375968    0    0     0     0  503  886  0  0 100  0  0 2021-07-24 05:40:00
