#Date       Time        gpu rxpci txpci    sm   mem   enc   dec
#YYYYMMDD   HH:MM:SS    Idx  MB/s  MB/s     %     %     %     %
 20210724   06:59:14      0     0     0     0     0     0     0
 20210724   06:59:15      0     0     0     0     0     0     0
 20210724   06:59:16      0     0     0     0     0     0     0
 20210724   06:59:17      0     0     0     0     0     0     0
 20210724   06:59:18      0     0     0     0     0     0     0
 20210724   06:59:19      0     0     0     0     0     0     0
 20210724   06:59:21      0     0     0     0     0     0     0
 20210724   06:59:22      0     0     0     0     0     0     0
 20210724   06:59:23      0     0     0     0     0     0     0
 20210724   06:59:24      0     0     0     0     0     0     0
 20210724   06:59:25      0     0     0     0     0     0     0
 20210724   06:59:26      0     0     0     0     0     0     0
 20210724   06:59:27      0     0     0     0     0     0     0
 20210724   06:59:28      0     0     0     0     0     0     0
 20210724   06:59:30      0     0     0     0     0     0     0
 20210724   06:59:31      0     0     0     0     0     0     0
 20210724   06:59:32      0     0     0     0     0     0     0
 20210724   06:59:33      0     0     0     0     0     0     0
 20210724   06:59:34      0     0     0     0     0     0     0
 20210724   06:59:35      0     0     0     0     0     0     0
 20210724   06:59:36      0     0     0     0     0     0     0
 20210724   06:59:37      0     0     0     0     0     0     0
 20210724   06:59:38      0     0     0     0     0     0     0
 20210724   06:59:40      0     0     0     0     0     0     0
 20210724   06:59:41      0     0     0     0     0     0     0
 20210724   06:59:42      0     0     0     0     0     0     0
 20210724   06:59:43      0     0     0     0     0     0     0
 20210724   06:59:44      0     0     0     0     0     0     0
 20210724   06:59:45      0     0     0     0     0     0     0
 20210724   06:59:46      0     0     0     0     0     0     0
 20210724   06:59:48      0     0     0     0     0     0     0
 20210724   06:59:49      0     0     0     0     0     0     0
 20210724   06:59:50      0     0     0     0     0     0     0
 20210724   06:59:51      0     0     0     0     0     0     0
 20210724   06:59:52      0     0     0     0     0     0     0
 20210724   06:59:53      0     0     0     0     0     0     0
 20210724   06:59:54      0     0     0     0     0     0     0
 20210724   06:59:55      0     0     0     0     0     0     0
 20210724   06:59:56      0     0     0     0     0     0     0
 20210724   06:59:57      0     0     0     0     0     0     0
 20210724   06:59:58      0     0     0     0     0     0     0
 20210724   07:00:00      0   723     0     3     0     0     0
 20210724   07:00:01      0     0    97     3     0     0     0
 20210724   07:00:02      0   212     7     3     0     0     0
#Date       Time        gpu rxpci txpci    sm   mem   enc   dec
#YYYYMMDD   HH:MM:SS    Idx  MB/s  MB/s     %     %     %     %
 20210724   07:00:03      0     0     0     4     0     0     0
 20210724   07:00:04      0     0     0     0     0     0     0
 20210724   07:00:05      0     0     0     0     0     0     0
 20210724   07:00:06      0     0     0     0     0     0     0
 20210724   07:00:07      0     0     0     0     0     0     0
 20210724   07:00:08      0  3599   406    93    29     0     0
 20210724   07:00:09      0     0     0     0     0     0     0
 20210724   07:00:10      0     0     0     0     0     0     0
 20210724   07:00:12      0     0     0     0     0     0     0
 20210724   07:00:13      0  3049     1    60    28     0     0
 20210724   07:00:14      0     0     0     0     0     0     0
 20210724   07:00:15      0     0     0    28     2     0     0
 20210724   07:00:16      0     0     0     0     0     0     0
 20210724   07:00:17      0  1074     8     9     4     0     0
 20210724   07:00:18      0     0     0     0     0     0     0
 20210724   07:00:19      0     0     0     0     0     0     0
 20210724   07:00:20      0     0     0     0     0     0     0
 20210724   07:00:22      0     0     0     0     0     0     0
 20210724   07:00:23      0     0     0     0     0     0     0
 20210724   07:00:24      0     0   429     0     0     0     0
 20210724   07:00:25      0  2551     0    68    28     0     0
 20210724   07:00:26      0     0     0    39    28     0     0
 20210724   07:00:27      0     0     0     0     0     0     0
 20210724   07:00:28      0     0    40     0     0     0     0
 20210724   07:00:29      0  3593   393     0     0     0     0
 20210724   07:00:30      0   120   264    44    29     0     0
 20210724   07:00:31      0     0     0    39    25     0     0
 20210724   07:00:32      0     0     0     0     0     0     0
 20210724   07:00:34      0     0     0     0     0     0     0
 20210724   07:00:35      0     0     0     0     0     0     0
 20210724   07:00:36      0     0     0     0     0     0     0
 20210724   07:00:37      0     0     0     0     0     0     0
 20210724   07:00:38      0     0     0     0     0     0     0
 20210724   07:00:39      0     0     0     0     0     0     0
 20210724   07:00:40      0     0     0     0     0     0     0
 20210724   07:00:41      0     0   710     0     0     0     0
 20210724   07:00:42      0     0   495     0     0     0     0
 20210724   07:00:43      0     0     0     0     0     0     0
 20210724   07:00:44      0     0     0     0     0     0     0
 20210724   07:00:46      0     0     0     0     0     0     0
 20210724   07:00:47      0     0   510     0     0     0     0
 20210724   07:00:48      0     0   647     0     0     0     0
 20210724   07:00:49      0     0     0    39    25     0     0
 20210724   07:00:50      0     0     0     0     0     0     0
#Date       Time        gpu rxpci txpci    sm   mem   enc   dec
#YYYYMMDD   HH:MM:SS    Idx  MB/s  MB/s     %     %     %     %
 20210724   07:00:51      0     0     0     0     0     0     0
 20210724   07:00:52      0  6052   483     0     0     0     0
 20210724   07:00:53      0     0     0     0     0     0     0
 20210724   07:00:54      0     0     0     0     0     0     0
 20210724   07:00:55      0     0     0    19    14     0     0
 20210724   07:00:57      0     0     0     0     0     0     0
 20210724   07:00:58      0     0     0     0     0     0     0
 20210724   07:00:59      0     0     0    73    28     0     0
 20210724   07:01:00      0     0     0     0     0     0     0
 20210724   07:01:01      0     0     0     0     0     0     0
 20210724   07:01:02      0  5201   443     0     0     0     0
 20210724   07:01:03      0  5196   388     0     0     0     0
 20210724   07:01:04      0     0     0    15    11     0     0
 20210724   07:01:06      0     0     0     0     0     0     0
 20210724   07:01:07      0     0     0     0     0     0     0
 20210724   07:01:08      0  5218   472     0     0     0     0
 20210724   07:01:09      0     0     0    30    22     0     0
 20210724   07:01:10      0     0     0     0     0     0     0
 20210724   07:01:11      0     0     0    42    28     0     0
 20210724   07:01:12      0     0     0     0     0     0     0
 20210724   07:01:13      0     0     0     0     0     0     0
 20210724   07:01:14      0     0     3     0     0     0     0
 20210724   07:01:15      0     0     0    42    28     0     0
 20210724   07:01:16      0     0     0     0     0     0     0
 20210724   07:01:18      0     0     0     0     0     0     0
 20210724   07:01:19      0     0     0     0     0     0     0
 20210724   07:01:20      0     0     0     0     0     0     0
 20210724   07:01:21      0     0     0    39    25     0     0
 20210724   07:01:22      0  5181   410     0     0     0     0
 20210724   07:01:23      0     0     0     0     0     0     0
 20210724   07:01:24      0     0     0     0     0     0     0
 20210724   07:01:25      0     0     0     0     0     0     0
 20210724   07:01:26      0     0     0     0     0     0     0
 20210724   07:01:27      0  3595   238   100     7     0     0
 20210724   07:01:29      0     0     0     0     0     0     0
 20210724   07:01:30      0     0     0     0     0     0     0
 20210724   07:01:31      0     0    16     0     0     0     0
 20210724   07:01:32      0     0     0    77    17     0     0
 20210724   07:01:33      0     0     0     0     0     0     0
 20210724   07:01:34      0     0     0     0     0     0     0
 20210724   07:01:35      0     0     0     0     0     0     0
 20210724   07:01:36      0     0   701     0     0     0     0
 20210724   07:01:37      0     0     0     0     0     0     0
 20210724   07:01:38      0     0     0     0     0     0     0
#Date       Time        gpu rxpci txpci    sm   mem   enc   dec
#YYYYMMDD   HH:MM:SS    Idx  MB/s  MB/s     %     %     %     %
 20210724   07:01:39      0     0     0     0     0     0     0
 20210724   07:01:41      0     0     0     0     0     0     0
 20210724   07:01:42      0     0     0     0     0     0     0
 20210724   07:01:43      0  1552   697     0     0     0     0
 20210724   07:01:44      0     0     0    68     6     0     0
 20210724   07:01:45      0     0     0    42    28     0     0
 20210724   07:01:46      0     0     0     0     0     0     0
 20210724   07:01:47      0     0     0     0     0     0     0
 20210724   07:01:48      0     0   491     0     0     0     0
 20210724   07:01:49      0  3781   442     0     0     0     0
 20210724   07:01:50      0  2123     9    28    17     0     0
 20210724   07:01:51      0     0     0     0     0     0     0
 20210724   07:01:52      0     0     0     0     0     0     0
 20210724   07:01:54      0     0     0     0     0     0     0
 20210724   07:01:55      0     0     0    34    23     0     0
 20210724   07:01:56      0     0     0     0     0     0     0
 20210724   07:01:57      0  4588   477    15     8     0     0
 20210724   07:01:58      0     0     0    19    14     0     0
 20210724   07:01:59      0     0     0     0     0     0     0
 20210724   07:02:00      0     0     0     0     0     0     0
 20210724   07:02:01      0     0     0    86    28     0     0
 20210724   07:02:02      0     0     0     0     0     0     0
 20210724   07:02:04      0     0     0     0     0     0     0
 20210724   07:02:05      0     0     0     0     0     0     0
 20210724   07:02:06      0  6130   385     0     0     0     0
 20210724   07:02:07      0     0     0    29    19     0     0
 20210724   07:02:08      0     0     0     0     0     0     0
 20210724   07:02:09      0     0     0     0     0     0     0
 20210724   07:02:10      0  6195   447     0     0     0     0
 20210724   07:02:11      0     0     0    15    11     0     0
 20210724   07:02:12      0     0     0     0     0     0     0
 20210724   07:02:13      0     0     0    42    28     0     0
 20210724   07:02:15      0     0     0     0     0     0     0
 20210724   07:02:16      0     0     0     0     0     0     0
 20210724   07:02:17      0  3743   378     0     0     0     0
 20210724   07:02:18      0     0     0    42    28     0     0
 20210724   07:02:19      0     0     0     0     0     0     0
 20210724   07:02:20      0     0     0     0     0     0     0
 20210724   07:02:21      0     0     0     0     0     0     0
 20210724   07:02:22      0     0     0     0     0     0     0
 20210724   07:02:23      0     0     0     0     0     0     0
 20210724   07:02:24      0     0     0     4     1     0     0
 20210724   07:02:26      0     0     0     0     0     0     0
 20210724   07:02:27      0  4731   480     0     0     0     0
#Date       Time        gpu rxpci txpci    sm   mem   enc   dec
#YYYYMMDD   HH:MM:SS    Idx  MB/s  MB/s     %     %     %     %
 20210724   07:02:28      0     0     0     0     0     0     0
 20210724   07:02:29      0     0     0     0     0     0     0
 20210724   07:02:30      0     0     0   100     8     0     0
 20210724   07:02:31      0     0     0     0     0     0     0
 20210724   07:02:32      0     0     0     0     0     0     0
 20210724   07:02:33      0     0     0     0     0     0     0
 20210724   07:02:34      0     0     0    83    28     0     0
 20210724   07:02:35      0     0     0     0     0     0     0
 20210724   07:02:36      0     0     0     2     0     0     0
 20210724   07:02:38      0     0     0     0     0     0     0
 20210724   07:02:39      0     0     0     0     0     0     0
 20210724   07:02:40      0     0     0     0     0     0     0
 20210724   07:02:41      0     0     0     0     0     0     0
 20210724   07:02:42      0     0     0     0     0     0     0
 20210724   07:02:43      0     0     0     0     0     0     0
 20210724   07:02:44      0     0     0     0     0     0     0
 20210724   07:02:45      0     0   665     0     0     0     0
 20210724   07:02:46      0   825     0    24     0     0     0
 20210724   07:02:48      0     0     0     0     0     0     0
 20210724   07:02:49      0     0     0     0     0     0     0
 20210724   07:02:50      0  2576     0    66    28     0     0
 20210724   07:02:51      0     0     0    68    28     0     0
 20210724   07:02:52      0     0     0    30     3     0     0
 20210724   07:02:53      0     0     0     0     0     0     0
 20210724   07:02:54      0     0   237     0     0     0     0
 20210724   07:02:55      0     0     0     0     0     0     0
 20210724   07:02:56      0     0     0     0     0     0     0
 20210724   07:02:58      0     0     0     0     0     0     0
 20210724   07:02:59      0     0     0     0     0     0     0
 20210724   07:03:00      0     0     0     0     0     0     0
 20210724   07:03:01      0     0     0     0     0     0     0
 20210724   07:03:02      0  3795   440    13     7     0     0
 20210724   07:03:03      0     0   686     0     0     0     0
 20210724   07:03:04      0     0     0     0     0     0     0
 20210724   07:03:05      0     0     0     0     0     0     0
 20210724   07:03:06      0     0     0     0     0     0     0
 20210724   07:03:07      0  5360   445     0     0     0     0
 20210724   07:03:08      0  5737   388     9     3     0     0
 20210724   07:03:09      0     0     0    39    25     0     0
 20210724   07:03:11      0     0     0     0     0     0     0
 20210724   07:03:12      0     0     0     0     0     0     0
 20210724   07:03:13      0  5338   437     0     0     0     0
 20210724   07:03:14      0     0     0     0     0     0     0
 20210724   07:03:15      0     0   584     2     0     0     0
#Date       Time        gpu rxpci txpci    sm   mem   enc   dec
#YYYYMMDD   HH:MM:SS    Idx  MB/s  MB/s     %     %     %     %
 20210724   07:03:16      0     0     0    28    21     0     0
 20210724   07:03:17      0     0     0     0     0     0     0
 20210724   07:03:18      0     0     0     0     0     0     0
 20210724   07:03:19      0  4881   479     0     0     0     0
 20210724   07:03:20      0     0     0    24    14     0     0
 20210724   07:03:21      0     0     0     0     0     0     0
 20210724   07:03:23      0     0     0     0     0     0     0
 20210724   07:03:24      0     0     0     0     0     0     0
 20210724   07:03:25      0     0     0     0     0     0     0
 20210724   07:03:26      0     0     0    37    25     0     0
 20210724   07:03:27      0     2    26    39    25     0     0
 20210724   07:03:28      0     0     0     0     0     0     0
 20210724   07:03:29      0     0     0     0     0     0     0
 20210724   07:03:30      0     0     0     0     0     0     0
 20210724   07:03:31      0     0     0     0     0     0     0
 20210724   07:03:32      0  3411   387     0     0     0     0
 20210724   07:03:33      0  3579   405   100     0     0     0
 20210724   07:03:35      0     0     0    24     0     0     0
 20210724   07:03:36      0     0     0     0     0     0     0
 20210724   07:03:37      0     0     0     0     0     0     0
 20210724   07:03:38      0     1     0    61    28     0     0
 20210724   07:03:39      0     0     0     0     0     0     0
 20210724   07:03:40      0     0     0     0     0     0     0
 20210724   07:03:41      0     0     0     0     0     0     0
 20210724   07:03:42      0   220   737     4     0     0     0
 20210724   07:03:43      0     0     0     0     0     0     0
 20210724   07:03:45      0     0     0     0     0     0     0
 20210724   07:03:46      0     0     0     0     0     0     0
 20210724   07:03:47      0     0     0     0     0     0     0
 20210724   07:03:48      0     0     0     0     0     0     0
 20210724   07:03:49      0  3493   403    31    20     0     0
 20210724   07:03:50      0     0     0     0     0     0     0
 20210724   07:03:51      0     0     0     0     0     0     0
 20210724   07:03:52      0     0     0     0     0     0     0
 20210724   07:03:53      0  3517   398    40    27     0     0
 20210724   07:03:55      0     0     0    66    28     0     0
 20210724   07:03:56      0     0     0    32     5     0     0
 20210724   07:03:57      0     0     0     0     0     0     0
 20210724   07:03:58      0     0   217     0     0     0     0
 20210724   07:03:59      0     0     0     0     0     0     0
 20210724   07:04:00      0     0     0     0     0     0     0
 20210724   07:04:01      0     0     0     0     0     0     0
 20210724   07:04:02      0     0     0     0     0     0     0
 20210724   07:04:04      0     0     0     0     0     0     0
#Date       Time        gpu rxpci txpci    sm   mem   enc   dec
#YYYYMMDD   HH:MM:SS    Idx  MB/s  MB/s     %     %     %     %
 20210724   07:04:05      0  4667   485     4     0     0     0
 20210724   07:04:06      0     0     0     3     0     0     0
 20210724   07:04:07      0     0     0     8     6     0     0
 20210724   07:04:08      0     0     0     0     0     0     0
 20210724   07:04:09      0  5857   452     0     0     0     0
 20210724   07:04:10      0  3113     1     7     2     0     0
 20210724   07:04:11      0   654   311    13     6     0     0
 20210724   07:04:12      0     0     0     0     0     0     0
 20210724   07:04:13      0     0     0     0     0     0     0
 20210724   07:04:15      0     0     0     0     0     0     0
 20210724   07:04:16      0     0     0     0     0     0     0
 20210724   07:04:17      0     0     0     0     0     0     0
 20210724   07:04:18      0     0     0     0     0     0     0
 20210724   07:04:19      0     0     0     0     0     0     0
 20210724   07:04:20      0     0   316     0     0     0     0
 20210724   07:04:21      0   627     0    44     0     0     0
 20210724   07:04:22      0     0     0    42    28     0     0
 20210724   07:04:23      0     0     0     0     0     0     0
 20210724   07:04:25      0     0     0     0     0     0     0
 20210724   07:04:26      0  3665   417     0     0     0     0
 20210724   07:04:27      0     0   117    42    28     0     0
 20210724   07:04:28      0     0     0    39    25     0     0
 20210724   07:04:29      0     0     0     0     0     0     0
 20210724   07:04:30      0     0     0     0     0     0     0
 20210724   07:04:31      0     0     0     0     0     0     0
 20210724   07:04:32      0     0     0     0     0     0     0
 20210724   07:04:33      0     0     0     0     0     0     0
 20210724   07:04:35      0     0     0    20    14     0     0
 20210724   07:04:36      0     0     0     0     0     0     0
 20210724   07:04:37      0  3498   388     0     0     0     0
 20210724   07:04:38      0  5667   447     0     0     0     0
 20210724   07:04:39      0     0     0     0     0     0     0
 20210724   07:04:40      0     0     0     0     0     0     0
 20210724   07:04:41      0     0     0     0     0     0     0
 20210724   07:04:42      0     0     0     0     0     0     0
 20210724   07:04:43      0  1836   622     0     0     0     0
 20210724   07:04:44      0     0     0    20    12     0     0
 20210724   07:04:45      0     0     0     0     0     0     0
 20210724   07:04:47      0     0     0     0     0     0     0
 20210724   07:04:48      0  5333   458     0     0     0     0
 20210724   07:04:49      0     0     0    41    28     0     0
 20210724   07:04:50      0     0   595     0     0     0     0
 20210724   07:04:51      0     0     0     0     0     0     0
 20210724   07:04:52      0     0     0     0     0     0     0
#Date       Time        gpu rxpci txpci    sm   mem   enc   dec
#YYYYMMDD   HH:MM:SS    Idx  MB/s  MB/s     %     %     %     %
 20210724   07:04:53      0     0   623     0     0     0     0
 20210724   07:04:55      0     0     0     0     0     0     0
 20210724   07:04:56      0     0     0     0     0     0     0
 20210724   07:04:57      0     0     0     0     0     0     0
 20210724   07:04:58      0     0     0     0     0     0     0
 20210724   07:04:59      0  6218   368     0     0     0     0
 20210724   07:05:00      0     0     0    39    25     0     0
 20210724   07:05:01      0     0     0     0     0     0     0
 20210724   07:05:02      0     0     0     0     0     0     0
 20210724   07:05:03      0  5195   489     0     0     0     0
 20210724   07:05:04      0     0     0    41    28     0     0
 20210724   07:05:06      0     0   355     0     0     0     0
 20210724   07:05:07      0     0     0    41    28     0     0
 20210724   07:05:08      0     0     0     0     0     0     0
 20210724   07:05:09      0     0     0     0     0     0     0
 20210724   07:05:10      0  3402   387    69    28     0     0
 20210724   07:05:11      0     0     0    31    22     0     0
 20210724   07:05:12      0     0     0     0     0     0     0
 20210724   07:05:13      0     0     0     0     0     0     0
 20210724   07:05:15      0     0   659     0     0     0     0
 20210724   07:05:16      0     0     0    13     7     0     0
 20210724   07:05:17      0     0     0     0     0     0     0
 20210724   07:05:18      0     0     0     6     1     0     0
 20210724   07:05:19      0     0     0     0     0     0     0
 20210724   07:05:20      0     0     0     0     0     0     0
 20210724   07:05:21      0     0     0     0     0     0     0
 20210724   07:05:22      0     0     0     0     0     0     0
 20210724   07:05:23      0     0     0     0     0     0     0
 20210724   07:05:24      0     0     0     0     0     0     0
 20210724   07:05:26      0     0     0     0     0     0     0
 20210724   07:05:27      0     0     0     0     0     0     0
 20210724   07:05:28      0     0     0     0     0     0     0
 20210724   07:05:29      0     0     0     0     0     0     0
 20210724   07:05:30      0     0     0     0     0     0     0
 20210724   07:05:31      0     0     0     0     0     0     0
 20210724   07:05:32      0     0     0     0     0     0     0
 20210724   07:05:33      0     0     0     0     0     0     0
 20210724   07:05:35      0     0     0     0     0     0     0
 20210724   07:05:36      0     0     0     0     0     0     0
 20210724   07:05:37      0     0     0     0     0     0     0
 20210724   07:05:38      0     0     0     0     0     0     0
 20210724   07:05:39      0     0     0     0     0     0     0
 20210724   07:05:40      0     0     0     0     0     0     0
 20210724   07:05:41      0     0     0     0     0     0     0
#Date       Time        gpu rxpci txpci    sm   mem   enc   dec
#YYYYMMDD   HH:MM:SS    Idx  MB/s  MB/s     %     %     %     %
 20210724   07:05:43      0     0     0     0     0     0     0
 20210724   07:05:44      0     0     0     0     0     0     0
 20210724   07:05:45      0     0     0     0     0     0     0
 20210724   07:05:46      0     0     0     0     0     0     0
 20210724   07:05:47      0     0     0     0     0     0     0
 20210724   07:05:48      0     0     0     0     0     0     0
 20210724   07:05:49      0     0     0     0     0     0     0
 20210724   07:05:50      0     0     0     0     0     0     0
 20210724   07:05:51      0     0     0     0     0     0     0
 20210724   07:05:52      0     0     0     0     0     0     0
 20210724   07:05:54      0     0     0     0     0     0     0
 20210724   07:05:55      0     0     0     0     0     0     0
