15  0  0      0 59331500   2088 2334748    0    0    23    19  168  163 10  1 90  0  0 2021-07-24 06:59:23
15  0  0      0 59331500   2088 2334748    0    0     0     0  835  852  0  0 100  0  0 2021-07-24 06:59:24
15  0  0      0 59331244   2088 2334752    0    0     0     0  478  836  0  0 100  0  0 2021-07-24 06:59:25
15  0  0      0 59331244   2088 2334752    0    0     0     0  447  786  0  0 100  0  0 2021-07-24 06:59:26
15  0  0      0 59331244   2088 2334752    0    0     0     0  468  805  0  0 100  0  0 2021-07-24 06:59:27
15  0  0      0 59331244   2088 2334752    0    0     0     0  463  812  0  0 100  0  0 2021-07-24 06:59:28
15  0  0      0 59331084   2088 2334752    0    0     0     0  783 1129  0  0 100  0  0 2021-07-24 06:59:29
15  0  0      0 59330864   2088 2334760    0    0     0     0  502  864  0  0 100  0  0 2021-07-24 06:59:30
15  0  0      0 59330864   2088 2334760    0    0     0     6  513  904  0  0 100  0  0 2021-07-24 06:59:31
15  0  0      0 59330864   2088 2334760    0    0     0     0  528  930  0  0 100  0  0 2021-07-24 06:59:32
15  0  0      0 59330864   2088 2334760    0    0     0     0  517  913  0  0 100  0  0 2021-07-24 06:59:33
15  0  0      0 59330864   2088 2334760    0    0     0     0  491  870  0  0 100  0  0 2021-07-24 06:59:34
15  0  0      0 59330864   2088 2334760    0    0     0     0  501  889  0  0 100  0  0 2021-07-24 06:59:35
15  0  0      0 59330864   2088 2334760    0    0     0     0  476  826  0  0 100  0  0 2021-07-24 06:59:36
15  0  0      0 59330864   2088 2334760    0    0     0     0  538  946  0  0 100  0  0 2021-07-24 06:59:37
15  0  0      0 59330864   2088 2334760    0    0     0     0  596 1001  0  0 100  0  0 2021-07-24 06:59:38
15  0  0      0 59330864   2088 2334760    0    0     0     0  545  915  0  0 100  0  0 2021-07-24 06:59:39
15  0  0      0 59330864   2088 2334760    0    0     0     0  867  927  0  0 100  0  0 2021-07-24 06:59:40
15  0  0      0 59330864   2088 2334760    0    0     0     0  515  899  0  0 100  0  0 2021-07-24 06:59:41
15  0  0      0 59330864   2088 2334764    0    0     0     0  516  901  0  0 100  0  0 2021-07-24 06:59:42
15  0  0      0 59330864   2088 2334764    0    0     0     0  518  917  0  0 100  0  0 2021-07-24 06:59:43
15  0  0      0 59330864   2088 2334764    0    0     0     0  481  839  0  0 100  0  0 2021-07-24 06:59:44
15  0  0      0 59330856   2088 2334764    0    0     0   204  562  949  0  0 100  0  0 2021-07-24 06:59:45
15  0  0      0 59330856   2088 2334764    0    0     0     0  488  866  0  0 100  0  0 2021-07-24 06:59:46
15  0  0      0 59330856   2088 2334764    0    0     0     0  520  914  0  0 100  0  0 2021-07-24 06:59:47
15  0  0      0 59330856   2088 2334764    0    0     0     0  505  893  0  0 100  0  0 2021-07-24 06:59:48
15  0  0      0 59330856   2088 2334768    0    0     0     0  532  932  0  0 100  0  0 2021-07-24 06:59:49
15  0  0      0 59330856   2088 2334768    0    0     0     0  522  921  0  0 100  0  0 2021-07-24 06:59:50
15  0  0      0 59330856   2088 2334768    0    0     0     0  514  896  0  0 100  0  0 2021-07-24 06:59:51
15  0  0      0 59330856   2088 2334768    0    0     0     0  525  918  0  0 100  0  0 2021-07-24 06:59:52
15  0  0      0 59330856   2088 2334768    0    0     0     0  527  931  0  0 100  0  0 2021-07-24 06:59:53
15  0  0      0 59330856   2088 2334768    0    0     0     0  526  930  0  0 100  0  0 2021-07-24 06:59:54
15  0  0      0 59330856   2088 2334768    0    0     0     4  594 1004  0  0 100  0  0 2021-07-24 06:59:55
15  8  0      0 59276108   2088 2334772    0    0     0     0 1418 1415  4  1 95  0  0 2021-07-24 06:59:56
15  1  0      0 59165388   2088 2334780    0    0     0     0 3198 1683 21 11 67  0  0 2021-07-24 06:59:57
15  0  0      0 59130720   2088 2334784    0    0     0     0 2638 2531  2  1 98  0  0 2021-07-24 06:59:58
15  1  0      0 58546528   2088 2345044    0    0     0     0 1110 1146  8  5 87  0  0 2021-07-24 06:59:59
15  1  0      0 57885988   2088 2345044    0    0     0    24  788  953  9  4 87  0  0 2021-07-24 07:00:00
15  2  0      0 57293592   2088 2345048    0    0     0    63 1259 1339  9  4 87  0  0 2021-07-24 07:00:01
15  1  0      0 56669384   2088 2345048    0    0     0     1  792  954  9  4 87  0  0 2021-07-24 07:00:02
15  1  0      0 56592964   2088 2384724    0    0     0     0 5866 2458 17  3 80  0  0 2021-07-24 07:00:03
15  4  0      0 56455844   2088 2465136    0    0     0     0 1972 1831 20  1 78  0  0 2021-07-24 07:00:04
15  1  0      0 56379340   2088 2540400    0    0     0     0 2450 2221 24  2 75  0  0 2021-07-24 07:00:05
15  4  0      0 56389732   2088 2540400    0    0     0     0 1367 1416 16  1 84  0  0 2021-07-24 07:00:06
15  4  0      0 56387780   2088 2540400    0    0     0     0 2532 2252 24  2 74  0  0 2021-07-24 07:00:07
15  1  0      0 56387820   2088 2540400    0    0     0   255 2519 2164 24  3 74  0  0 2021-07-24 07:00:08
15  1  0      0 56387948   2088 2540404    0    0     0     0 2648 2312 26  2 72  0  0 2021-07-24 07:00:09
15  2  0      0 56386556   2088 2540404    0    0     0     0 2424 2129 23  1 76  0  0 2021-07-24 07:00:10
15  4  0      0 56387224   2088 2540412    0    0     0     6 2615 2235 24  2 74  0  0 2021-07-24 07:00:12
15  4  0      0 56387100   2088 2540424    0    0     0     0 2528 2286 24  2 74  0  0 2021-07-24 07:00:13
15  2  0      0 56366768   2088 2540424    0    0     0     0 2635 2062 22  3 75  0  0 2021-07-24 07:00:14
15  2  0      0 56356112   2088 2540424    0    0     0     0 2255 2014 22  2 76  0  0 2021-07-24 07:00:15
15  4  0      0 56282216   2088 2540424    0    0     0     0 2397 2215 22  1 76  0  0 2021-07-24 07:00:16
15  1  0      0 56342216   2088 2540424    0    0     0     0 2251 2005 23  2 76  0  0 2021-07-24 07:00:17
15  5  0      0 56342092   2088 2540424    0    0     0     0 2452 2309 24  1 76  0  0 2021-07-24 07:00:18
15  2  0      0 56356596   2088 2540432    0    0     0     0 1817 1758 18  2 80  0  0 2021-07-24 07:00:19
15  4  0      0 56341720   2088 2540432    0    0     0     0 1682 1646 19  0 81  0  0 2021-07-24 07:00:20
15  1  0      0 56341228   2088 2540432    0    0     0     0 1972 1766 22  1 77  0  0 2021-07-24 07:00:21
15  1  0      0 56341108   2088 2540436    0    0     0     0 2248 2093 22  2 77  0  0 2021-07-24 07:00:22
15  1  0      0 56389720   2088 2540436    0    0     0     0 1897 1787 19  2 79  0  0 2021-07-24 07:00:23
15  4  0      0 56389596   2088 2540436    0    0     0     0 2563 2286 26  1 73  0  0 2021-07-24 07:00:24
15  3  0      0 56390096   2088 2540436    0    0     0     0 2608 2228 25  3 72  0  0 2021-07-24 07:00:25
15  2  0      0 56389732   2088 2540436    0    0     0     0 2065 1909 19  3 78  0  0 2021-07-24 07:00:26
15  2  0      0 56374112   2088 2540444    0    0     0     8 2624 2222 25  2 72  0  0 2021-07-24 07:00:27
15  1  0      0 56374244   2088 2540444    0    0     0     0 2420 2154 24  1 75  0  0 2021-07-24 07:00:28
15  1  0      0 56373872   2088 2540444    0    0     0     0 2431 2193 23  2 75  0  0 2021-07-24 07:00:29
15  4  0      0 56342132   2088 2540444    0    0     0     0 2593 2086 21  2 76  0  0 2021-07-24 07:00:30
15  4  0      0 56341644   2088 2540444    0    0     0     0 2659 2366 24  2 74  0  0 2021-07-24 07:00:31
15  1  0      0 56341396   2088 2540444    0    0     0     0 2452 2250 24  1 75  0  0 2021-07-24 07:00:32
15  4  0      0 56341148   2088 2540444    0    0     0    89 2156 2047 21  1 78  0  0 2021-07-24 07:00:33
15  1  0      0 56309160   2088 2540452    0    0     0     0 2030 1938 21  1 78  0  0 2021-07-24 07:00:34
15  1  0      0 56321684   2088 2540456    0    0     0     0 1806 1694 19  1 80  0  0 2021-07-24 07:00:35
15  2  0      0 56365580   2088 2540456    0    0     0     0 1757 1629 20  1 79  0  0 2021-07-24 07:00:36
15  1  0      0 56365936   2088 2540456    0    0     0   204 2396 2147 22  1 76  0  0 2021-07-24 07:00:37
15  1  0      0 56352128   2088 2540456    0    0     0     0 1512 1522 18  0 82  0  0 2021-07-24 07:00:38
15  2  0      0 56383856   2088 2540456    0    0     0     0 1112 1017 16  1 82  0  0 2021-07-24 07:00:39
15  1  0      0 56354488   2088 2540456    0    0     0     0 2112 1773 24  3 73  0  0 2021-07-24 07:00:40
15  2  0      0 56353500   2088 2540456    0    0     0     0 2685 2340 25  3 73  0  0 2021-07-24 07:00:41
15  1  0      0 56353380   2088 2540456    0    0     0     8 2560 2148 25  3 72  0  0 2021-07-24 07:00:42
15  1  0      0 56353504   2088 2540464    0    0     0     0 2181 2012 22  1 77  0  0 2021-07-24 07:00:43
15  1  0      0 56353516   2088 2540464    0    0     0     0 2494 2170 25  2 73  0  0 2021-07-24 07:00:44
15  4  0      0 56353644   2088 2540464    0    0     0     0 2553 2312 25  1 74  0  0 2021-07-24 07:00:45
15  4  0      0 56351040   2088 2540464    0    0     0     0 2824 2177 26  1 73  0  0 2021-07-24 07:00:46
15  4  0      0 56382640   2088 2540464    0    0     0    44 2106 1911 21  2 77  0  0 2021-07-24 07:00:47
15  4  0      0 56352172   2088 2540464    0    0     0     0 2598 2328 23  2 75  0  0 2021-07-24 07:00:48
15  1  0      0 56335928   2088 2540464    0    0     0     0 2361 2155 24  1 75  0  0 2021-07-24 07:00:49
15  1  0      0 56335056   2088 2540472    0    0     0     0 2516 2235 25  1 73  0  0 2021-07-24 07:00:50
15  1  0      0 56347460   2088 2540472    0    0     0     0 1729 1714 19  1 80  0  0 2021-07-24 07:00:51
15  1  0      0 56384068   2088 2540472    0    0     0     4 1918 1735 20  1 78  0  0 2021-07-24 07:00:52
15  4  0      0 56368420   2088 2540472    0    0     0     0 2076 1928 21  2 78  0  0 2021-07-24 07:00:53
15  1  0      0 56368544   2088 2540472    0    0     0     0 2247 1993 24  1 75  0  0 2021-07-24 07:00:54
15  2  0      0 56384048   2088 2540472    0    0     0     0 1980 1606 18  1 81  0  0 2021-07-24 07:00:55
15  1  0      0 56368180   2088 2540472    0    0     0     0 2546 2296 24  2 75  0  0 2021-07-24 07:00:56
15  4  0      0 56368632   2088 2540472    0    0     0     0 2536 2171 24  3 73  0  0 2021-07-24 07:00:57
15  1  0      0 56368680   2088 2540472    0    0     0     0 2605 2265 26  2 72  0  0 2021-07-24 07:00:58
15  4  0      0 56352536   2088 2540500    0    0     0     0 2329 2129 23  1 76  0  0 2021-07-24 07:00:59
15  1  0      0 56351676   2088 2540500    0    0     0     0 2459 2169 25  2 74  0  0 2021-07-24 07:01:00
15  2  0      0 56352052   2088 2540500    0    0     0     0 2546 2202 24  3 73  0  0 2021-07-24 07:01:01
15  1  0      0 56349232   2088 2540588    0    0     0    25 3244 2565 25  2 74  0  0 2021-07-24 07:01:02
15  1  0      0 56370308   2088 2540576    0    0     0     0 2334 2142 22  2 76  0  0 2021-07-24 07:01:03
15  1  0      0 56348236   2088 2540584    0    0     0   138 2312 2137 22  1 77  0  0 2021-07-24 07:01:04
15  1  0      0 56347124   2088 2540588    0    0     0     0 2174 2024 22  1 77  0  0 2021-07-24 07:01:05
15  4  0      0 56347120   2088 2540588    0    0     0     0 2570 2334 26  1 73  0  0 2021-07-24 07:01:06
15  1  0      0 56340176   2088 2540588    0    0     0     0 1929 1891 18  2 80  0  0 2021-07-24 07:01:07
15  1  0      0 56332616   2088 2540588    0    0     0     0 1342 1434 15  1 84  0  0 2021-07-24 07:01:08
15  4  0      0 56331996   2088 2540588    0    0     0     0 2133 1968 22  1 77  0  0 2021-07-24 07:01:09
15  4  0      0 56331756   2088 2540588    0    0     0     0 2183 1999 22  1 76  0  0 2021-07-24 07:01:10
15  1  0      0 56365360   2088 2540592    0    0     0     0 2020 1925 20  1 79  0  0 2021-07-24 07:01:11
15  4  0      0 56342924   2088 2540592    0    0     0     0 2558 2344 25  1 73  0  0 2021-07-24 07:01:12
15  2  0      0 56342556   2088 2540600    0    0     0     8 2515 2198 24  4 72  0  0 2021-07-24 07:01:13
15  4  0      0 56342560   2088 2540600    0    0     0     0 2043 1947 23  1 77  0  0 2021-07-24 07:01:14
15  1  0      0 56342816   2088 2540600    0    0     0     0 2482 2170 24  3 73  0  0 2021-07-24 07:01:15
15  4  0      0 56343436   2088 2540600    0    0     0     0 2387 2260 23  1 75  0  0 2021-07-24 07:01:16
15  1  0      0 56343072   2088 2540600    0    0     0     0 2378 2153 25  2 74  0  0 2021-07-24 07:01:17
15  1  0      0 56363532   2088 2540600    0    0     0     0 2376 1940 20  2 78  0  0 2021-07-24 07:01:18
15  1  0      0 56352136   2088 2540608    0    0     0     0 2612 2401 24  2 74  0  0 2021-07-24 07:01:19
15  1  0      0 56345068   2088 2540608    0    0     0     0 2374 2264 24  1 75  0  0 2021-07-24 07:01:20
15  1  0      0 56346680   2088 2540608    0    0     0     0 2173 2063 24  1 75  0  0 2021-07-24 07:01:21
15  1  0      0 56375308   2088 2540608    0    0     0     0 1910 1829 21  1 77  0  0 2021-07-24 07:01:22
15  1  0      0 56380988   2088 2540608    0    0     0   388 1923 1818 20  1 79  0  0 2021-07-24 07:01:23
15  1  0      0 56325812   2088 2540608    0    0     0     0 1763 1702 20  1 79  0  0 2021-07-24 07:01:24
15  4  0      0 56325940   2088 2540608    0    0     0     0 2447 2256 25  1 73  0  0 2021-07-24 07:01:25
15  1  0      0 56377832   2088 2540608    0    0     0     0 1304 1372 16  1 84  0  0 2021-07-24 07:01:26
15  2  0      0 56351860   2088 2540616    0    0     0     0 2512 2227 26  2 72  0  0 2021-07-24 07:01:27
15  4  0      0 56352112   2088 2540616    0    0     0     0 2510 2148 24  4 72  0  0 2021-07-24 07:01:28
15  1  0      0 56351872   2088 2540616    0    0     0     0 2550 2302 25  2 73  0  0 2021-07-24 07:01:29
15  4  0      0 56351748   2088 2540620    0    0     0     0 2322 2195 23  1 75  0  0 2021-07-24 07:01:30
15  1  0      0 56349896   2088 2540620    0    0     0     0 2278 2075 23  2 75  0  0 2021-07-24 07:01:31
15  1  0      0 56348908   2088 2540620    0    0     0     0 2421 2266 24  1 75  0  0 2021-07-24 07:01:32
15  4  0      0 56345688   2088 2540620    0    0     0    24 2326 2134 23  2 75  0  0 2021-07-24 07:01:33
15  4  0      0 56365532   2088 2540620    0    0     0     0 2578 2041 24  2 74  0  0 2021-07-24 07:01:34
15  1  0      0 56345204   2088 2540628    0    0     0     6 2373 2216 22  2 76  0  0 2021-07-24 07:01:35
15  2  0      0 56345076   2088 2540628    0    0     0     0 2139 2019 22  1 77  0  0 2021-07-24 07:01:36
15  1  0      0 56345944   2088 2540628    0    0     0     0 2431 2292 24  2 74  0  0 2021-07-24 07:01:37
15  1  0      0 56338008   2088 2540628    0    0     0     0 1747 1713 19  1 79  0  0 2021-07-24 07:01:38
15  1  0      0 56333424   2088 2540628    0    0     0     0 1618 1669 17  1 82  0  0 2021-07-24 07:01:39
15  1  0      0 56332928   2088 2540628    0    0     0     0 1908 1853 22  1 78  0  0 2021-07-24 07:01:40
15  1  0      0 56332564   2088 2540628    0    0     0     0 2298 2178 24  1 75  0  0 2021-07-24 07:01:41
15  1  0      0 56375220   2088 2540636    0    0     0     0 1819 1746 20  2 79  0  0 2021-07-24 07:01:42
15  1  0      0 56342492   2088 2540636    0    0     0     0 2440 2347 23  2 75  0  0 2021-07-24 07:01:43
15  1  0      0 56342988   2088 2540636    0    0     0     0 2416 2147 26  2 72  0  0 2021-07-24 07:01:44
15  1  0      0 56342624   2088 2540636    0    0     0     0 2159 1983 22  3 76  0  0 2021-07-24 07:01:45
15  2  0      0 56342628   2088 2540636    0    0     0     0 2449 2248 25  2 73  0  0 2021-07-24 07:01:46
15  1  0      0 56341888   2088 2540636    0    0     0     0 2335 2144 23  2 75  0  0 2021-07-24 07:01:47
15  4  0      0 56341772   2088 2540640    0    0     0     4 2301 2161 23  2 75  0  0 2021-07-24 07:01:48
15  4  0      0 56371080   2088 2540648    0    0     0     0 2081 1968 21  2 76  0  0 2021-07-24 07:01:49
15  1  0      0 56344016   2088 2540648    0    0     0     0 2929 2409 25  2 73  0  0 2021-07-24 07:01:50
15  4  0      0 56343272   2088 2540648    0    0     0     0 2385 2302 24  1 75  0  0 2021-07-24 07:01:51
15  4  0      0 56341656   2088 2540648    0    0     0     0 2054 2010 21  1 77  0  0 2021-07-24 07:01:52
15  1  0      0 56332484   2088 2540648    0    0     0     0 2067 1999 22  1 77  0  0 2021-07-24 07:01:53
15  1  0      0 56325540   2088 2540648    0    0     0     0 1769 1784 17  2 81  0  0 2021-07-24 07:01:54
15  4  0      0 56316116   2088 2540648    0    0     0     0 1572 1588 19  1 80  0  0 2021-07-24 07:01:55
15  1  0      0 56315376   2088 2540656    0    0     0     0 2310 2086 24  2 74  0  0 2021-07-24 07:01:56
15  1  0      0 56325424   2088 2540656    0    0     0     0 1677 1708 20  1 80  0  0 2021-07-24 07:01:57
15  1  0      0 56343404   2088 2540656    0    0     0     0 2121 2006 21  2 77  0  0 2021-07-24 07:01:58
15  2  0      0 56341924   2088 2540656    0    0     0    44 2713 2442 25  3 72  0  0 2021-07-24 07:01:59
15  1  0      0 56342024   2088 2540656    0    0     0     0 2489 2257 22  4 73  0  0 2021-07-24 07:02:00
15  4  0      0 56341776   2088 2540656    0    0     0     0 2171 2051 24  1 75  0  0 2021-07-24 07:02:01
15  4  0      0 56341660   2088 2540656    0    0     0     0 2392 2206 24  2 74  0  0 2021-07-24 07:02:02
15  2  0      0 56341660   2088 2540656    0    0     0     0 2625 2332 27  1 72  0  0 2021-07-24 07:02:03
15  4  0      0 56339964   2088 2540664    0    0     0    12 2409 2170 23  2 75  0  0 2021-07-24 07:02:04
15  1  0      0 56350880   2088 2540664    0    0     0    89 2054 1818 22  1 77  0  0 2021-07-24 07:02:05
15  1  0      0 56342452   2088 2540664    0    0     0     0 2915 2374 23  2 76  0  0 2021-07-24 07:02:06
15  1  0      0 56368372   2088 2540664    0    0     0     0 2358 2122 24  1 75  0  0 2021-07-24 07:02:07
15  1  0      0 56339972   2088 2540664    0    0     0     0 2477 2258 23  2 75  0  0 2021-07-24 07:02:08
15  1  0      0 56325344   2088 2540664    0    0     0     0 1710 1730 18  1 81  0  0 2021-07-24 07:02:09
15  1  0      0 56351756   2088 2540664    0    0     0     0 1890 1789 20  1 79  0  0 2021-07-24 07:02:10
15  2  0      0 56320260   2088 2540672    0    0     0     0 2035 1894 22  1 78  0  0 2021-07-24 07:02:11
15  1  0      0 56320016   2088 2540672    0    0     0     0 2193 1946 23  1 76  0  0 2021-07-24 07:02:12
15  2  0      0 56371976   2088 2540672    0    0     0     0 1702 1606 20  1 79  0  0 2021-07-24 07:02:13
15  1  0      0 56343088   2088 2540672    0    0     0     0 2619 2310 25  2 73  0  0 2021-07-24 07:02:14
15  4  0      0 56342724   2088 2540672    0    0     0     0 2617 2182 26  3 71  0  0 2021-07-24 07:02:15
15  1  0      0 56342728   2088 2540672    0    0     0     0 2558 2264 24  2 74  0  0 2021-07-24 07:02:16
15  4  0      0 56335540   2088 2540672    0    0     0     0 2229 2012 23  1 76  0  0 2021-07-24 07:02:17
15  1  0      0 56335296   2088 2540672    0    0     0     0 2515 2217 25  2 73  0  0 2021-07-24 07:02:18
15  2  0      0 56335424   2088 2540684    0    0     0     0 2571 2236 26  2 73  0  0 2021-07-24 07:02:19
15  1  0      0 56335804   2088 2540684    0    0     0     0 2329 2056 22  2 76  0  0 2021-07-24 07:02:20
15  4  0      0 56345972   2088 2540684    0    0     0     0 2342 2125 23  2 76  0  0 2021-07-24 07:02:21
15  4  0      0 56336184   2088 2540684    0    0     0     0 2485 2171 25  1 74  0  0 2021-07-24 07:02:22
15  1  0      0 56335068   2088 2540684    0    0     0     0 2587 2126 22  1 77  0  0 2021-07-24 07:02:23
15  4  0      0 56334820   2088 2540688    0    0     0     4 2580 2307 26  1 73  0  0 2021-07-24 07:02:24
15  4  0      0 56325392   2088 2540692    0    0     0     0 1976 1845 21  1 78  0  0 2021-07-24 07:02:25
15  1  0      0 56315848   2088 2540700    0    0     0     0 1402 1493 17  1 82  0  0 2021-07-24 07:02:26
15  1  0      0 56315352   2088 2540700    0    0     0     0 2083 1928 23  1 76  0  0 2021-07-24 07:02:27
15  4  0      0 56314864   2088 2540700    0    0     0     0 2080 1975 22  1 76  0  0 2021-07-24 07:02:28
15  1  0      0 56359380   2088 2540700    0    0     0     0 1924 1815 21  1 78  0  0 2021-07-24 07:02:29
15  1  0      0 56330620   2088 2540700    0    0     0     0 2576 2371 26  2 72  0  0 2021-07-24 07:02:30
15  2  0      0 56330624   2088 2540700    0    0     0     0 2513 2214 25  3 72  0  0 2021-07-24 07:02:31
15  4  0      0 56330752   2088 2540700    0    0     0     0 2005 1877 21  1 77  0  0 2021-07-24 07:02:32
15  1  0      0 56330380   2088 2540708    0    0     0     0 2505 2215 24  3 73  0  0 2021-07-24 07:02:33
15  1  0      0 56330640   2088 2540708    0    0     0    48 2355 2231 24  1 75  0  0 2021-07-24 07:02:34
15  1  0      0 56330516   2088 2540708    0    0     0     0 2345 2144 25  2 73  0  0 2021-07-24 07:02:35
15  1  0      0 56369088   2088 2540712    0    0     0     3 2080 1969 21  2 77  0  0 2021-07-24 07:02:36
15  1  0      0 56343172   2088 2540712    0    0     0     0 2562 2364 25  2 73  0  0 2021-07-24 07:02:37
15  1  0      0 56342684   2088 2540712    0    0     0     0 2411 2332 24  2 74  0  0 2021-07-24 07:02:38
15  1  0      0 56338592   2088 2540712    0    0     0     0 2468 2068 22  1 76  0  0 2021-07-24 07:02:39
15  1  0      0 56276344   2088 2540712    0    0     0     8 2063 2004 21  1 77  0  0 2021-07-24 07:02:40
15  1  0      0 56269276   2088 2540720    0    0     0     0 1753 1745 18  2 81  0  0 2021-07-24 07:02:41
15  2  0      0 56315280   2088 2540720    0    0     0     0 1687 1633 20  1 79  0  0 2021-07-24 07:02:42
15  4  0      0 56315164   2088 2540720    0    0     0     0 2367 2233 24  1 75  0  0 2021-07-24 07:02:43
15  1  0      0 56257008   2088 2540720    0    0     0     0 1376 1431 18  0 82  0  0 2021-07-24 07:02:44
15  4  0      0 56327564   2088 2540720    0    0     0    28 2392 2236 25  1 74  0  0 2021-07-24 07:02:45
15  2  0      0 56326704   2088 2540720    0    0     0     0 2503 2134 26  3 71  0  0 2021-07-24 07:02:46
15  4  0      0 56327204   2088 2540720    0    0     0     0 2435 2194 24  3 74  0  0 2021-07-24 07:02:47
15  4  0      0 56326716   2088 2540728    0    0     0     0 2295 2185 24  1 75  0  0 2021-07-24 07:02:48
15  1  0      0 56327212   2088 2540728    0    0     0     0 2357 2158 24  2 74  0  0 2021-07-24 07:02:49
15  4  0      0 56326724   2088 2540728    0    0     0     0 2398 2245 25  1 74  0  0 2021-07-24 07:02:50
15  1  0      0 56326848   2088 2540728    0    0     0     0 2284 2099 24  2 74  0  0 2021-07-24 07:02:51
15  4  0      0 56345704   2088 2540728    0    0     0     0 2199 2035 23  2 76  0  0 2021-07-24 07:02:52
15  1  0      0 56332560   2088 2540728    0    0     0     0 2499 2326 24  2 75  0  0 2021-07-24 07:02:53
15  1  0      0 56331080   2088 2540728    0    0     0     0 2136 2028 23  2 76  0  0 2021-07-24 07:02:54
15  1  0      0 56330208   2088 2540728    0    0     0     0 2791 2290 24  2 74  0  0 2021-07-24 07:02:55
15  4  0      0 56315580   2088 2540736    0    0     0     0 1760 1759 20  1 79  0  0 2021-07-24 07:02:56
15  1  0      0 56305288   2088 2540736    0    0     0     0 1639 1611 18  2 81  0  0 2021-07-24 07:02:57
15  1  0      0 56343728   2088 2540736    0    0     0     0 2104 2023 22  2 77  0  0 2021-07-24 07:02:58
15  1  0      0 56315340   2088 2540740    0    0     0     0 2120 1966 24  1 74  0  0 2021-07-24 07:02:59
15  4  0      0 56358492   2088 2540740    0    0     0     0 1735 1720 18  2 81  0  0 2021-07-24 07:03:00
15  1  0      0 56317940   2088 2540740    0    0     0     0 2598 2480 26  1 73  0  0 2021-07-24 07:03:01
15  4  0      0 56318428   2088 2540740    0    0     0     0 2432 2161 25  3 72  0  0 2021-07-24 07:03:02
15  1  0      0 56318056   2088 2540748    0    0     0     0 2439 2251 25  2 73  0  0 2021-07-24 07:03:03
15  4  0      0 56318436   2088 2540748    0    0     0     0 2174 2047 23  2 76  0  0 2021-07-24 07:03:04
15  4  0      0 56318064   2088 2540748    0    0     0     0 2294 2072 23  2 75  0  0 2021-07-24 07:03:05
15  4  0      0 56318076   2088 2540748    0    0     0     0 2545 2216 26  3 71  0  0 2021-07-24 07:03:06
15  1  0      0 56318076   2088 2540748    0    0     0     4 2097 2007 21  2 77  0  0 2021-07-24 07:03:07
15  1  0      0 56344620   2088 2540748    0    0     0     0 2439 2226 24  2 74  0  0 2021-07-24 07:03:08
15  4  0      0 56334828   2088 2540748    0    0     0     0 2285 2193 24  1 75  0  0 2021-07-24 07:03:09
15  1  0      0 56330732   2088 2540756    0    0     0     0 2103 2024 22  1 77  0  0 2021-07-24 07:03:10
15  1  0      0 56330484   2088 2540756    0    0     0     0 2939 2462 26  1 72  0  0 2021-07-24 07:03:11
15  1  0      0 56315484   2088 2540756    0    0     0     0 1782 1786 18  2 80  0  0 2021-07-24 07:03:12
15  1  0      0 56305564   2088 2540756    0    0     0     0 1298 1388 15  1 84  0  0 2021-07-24 07:03:13
15  1  0      0 56304820   2088 2540756    0    0     0     0 2203 2061 24  1 75  0  0 2021-07-24 07:03:14
15  1  0      0 56305200   2088 2540756    0    0     0     0 2009 1926 20  1 78  0  0 2021-07-24 07:03:15
15  1  0      0 56339424   2088 2540756    0    0     0     8 1801 1720 19  2 79  0  0 2021-07-24 07:03:16
15  1  0      0 56318096   2088 2540756    0    0     0     0 2584 2384 26  1 72  0  0 2021-07-24 07:03:17
15  2  0      0 56318480   2088 2540764    0    0     0     0 2554 2145 25  3 71  0  0 2021-07-24 07:03:18
15  4  0      0 56247804   2088 2540764    0    0     0     0 2091 2004 22  1 76  0  0 2021-07-24 07:03:19
15  4  0      0 56318616   2088 2540764    0    0     0     0 2435 2159 24  2 73  0  0 2021-07-24 07:03:20
15  1  0      0 56318368   2088 2540764    0    0     0    44 2504 2337 26  1 73  0  0 2021-07-24 07:03:21
15  1  0      0 56318620   2088 2540764    0    0     0     0 2342 2151 24  2 74  0  0 2021-07-24 07:03:22
15  1  0      0 56341196   2088 2540764    0    0     0     0 1958 1873 21  2 78  0  0 2021-07-24 07:03:23
15  4  0      0 56333136   2088 2540772    0    0     0     0 2660 2406 26  2 73  0  0 2021-07-24 07:03:24
15  1  0      0 56322356   2088 2540772    0    0     0     0 2362 2227 25  1 74  0  0 2021-07-24 07:03:25
15  1  0      0 56329176   2088 2540772    0    0     0   116 2292 2148 25  1 74  0  0 2021-07-24 07:03:26
15  1  0      0 56351712   2088 2540772    0    0     0     0 2233 1785 21  2 77  0  0 2021-07-24 07:03:27
15  1  0      0 56361508   2088 2540772    0    0     0     0 1900 1763 21  2 77  0  0 2021-07-24 07:03:28
15  1  0      0 56302980   2088 2540772    0    0     0     0 1798 1698 19  2 79  0  0 2021-07-24 07:03:29
15  1  0      0 56303112   2088 2540772    0    0     0     0 2399 2156 24  1 75  0  0 2021-07-24 07:03:30
15  1  0      0 56246816   2088 2540772    0    0     0     0 1410 1429 17  0 82  0  0 2021-07-24 07:03:31
15  4  0      0 56317124   2088 2540780    0    0     0     0 2471 2193 24  2 74  0  0 2021-07-24 07:03:32
15  2  0      0 56316512   2088 2540780    0    0     0     0 2549 2156 22  5 73  0  0 2021-07-24 07:03:33
15  2  0      0 56316636   2088 2540780    0    0     0     0 1525  939 16  9 75  0  0 2021-07-24 07:03:34
15  1  0      0 56316640   2088 2540780    0    0     0     0 2542 2186 25  2 73  0  0 2021-07-24 07:03:35
15  4  0      0 56316892   2088 2540780    0    0     0     0 2354 2129 24  1 75  0  0 2021-07-24 07:03:36
15  1  0      0 56316896   2088 2540784    0    0     0    37 2522 2142 26  2 72  0  0 2021-07-24 07:03:37
15  4  0      0 56316904   2088 2540784    0    0     0     0 2530 2227 26  1 73  0  0 2021-07-24 07:03:38
15  1  0      0 56316656   2088 2540784    0    0     0     0 2351 2080 23  3 74  0  0 2021-07-24 07:03:39
15  1  0      0 56340596   2088 2540792    0    0     0     0 2242 1997 23  2 76  0  0 2021-07-24 07:03:40
15  1  0      0 56331428   2088 2540792    0    0     0     0 2489 2198 23  2 75  0  0 2021-07-24 07:03:41
15  1  0      0 56330064   2088 2540792    0    0     0     0 2242 2032 23  1 76  0  0 2021-07-24 07:03:42
15  1  0      0 56329192   2088 2540792    0    0     0     0 2954 2329 25  2 73  0  0 2021-07-24 07:03:43
15  1  0      0 56309232   2088 2540796    0    0     0     0 1916 1748 22  1 77  0  0 2021-07-24 07:03:44
15  1  0      0 56303900   2088 2540796    0    0     0     0 1660 1588 18  1 81  0  0 2021-07-24 07:03:45
15  1  0      0 56303280   2088 2540796    0    0     0     0 2182 1936 24  1 75  0  0 2021-07-24 07:03:46
15  1  0      0 56303288   2088 2540804    0    0     0     8 2135 1908 22  1 76  0  0 2021-07-24 07:03:47
15  4  0      0 56358840   2088 2540804    0    0     0     0 1797 1686 19  2 80  0  0 2021-07-24 07:03:48
15  4  0      0 56313836   2088 2540804    0    0     0     0 2601 2291 26  2 73  0  0 2021-07-24 07:03:49
15  4  0      0 56313836   2088 2540804    0    0     0     0 2527 2180 25  3 73  0  0 2021-07-24 07:03:50
15  1  0      0 56313588   2088 2540804    0    0     0     0 2512 2159 25  2 73  0  0 2021-07-24 07:03:51
15  4  0      0 56313724   2088 2540804    0    0     0     0 2315 2077 24  1 75  0  0 2021-07-24 07:03:52
15  1  0      0 56313600   2088 2540804    0    0     0     0 2402 2116 23  2 75  0  0 2021-07-24 07:03:53
15  1  0      0 56313732   2088 2540804    0    0     0     0 2585 2203 24  3 73  0  0 2021-07-24 07:03:54
15  1  0      0 56314232   2088 2540812    0    0     0     0 2268 1998 24  1 75  0  0 2021-07-24 07:03:55
15  1  0      0 56339912   2088 2540812    0    0     0     0 2643 2240 26  2 72  0  0 2021-07-24 07:03:56
15  1  0      0 56330612   2088 2540812    0    0     0    44 2412 2171 25  1 74  0  0 2021-07-24 07:03:57
15  1  0      0 56328996   2088 2540812    0    0     0     0 2192 1992 22  2 76  0  0 2021-07-24 07:03:58
15  1  0      0 56329124   2088 2540812    0    0     0     0 2566 2336 26  1 74  0  0 2021-07-24 07:03:59
15  1  0      0 56308664   2088 2540812    0    0     0     0 2253 1772 20  1 79  0  0 2021-07-24 07:04:00
15  1  0      0 56303704   2088 2540812    0    0     0     0 1441 1445 17  0 83  0  0 2021-07-24 07:04:01
15  1  0      0 56302820   2088 2540812    0    0     0     4 2705 2628 22  2 76  0  0 2021-07-24 07:04:02
15  1  0      0 56302452   2088 2540820    0    0     0     0 2108 1935 21  1 78  0  0 2021-07-24 07:04:03
15  1  0      0 56342884   2088 2540820    0    0     0     0 1944 1790 20  2 78  0  0 2021-07-24 07:04:04
15  4  0      0 56315980   2088 2540820    0    0     0     0 2664 2377 26  1 73  0  0 2021-07-24 07:04:05
15  2  0      0 56315856   2088 2540820    0    0     0     0 2674 2144 26  4 70  0  0 2021-07-24 07:04:06
15  1  0      0 56315988   2088 2540820    0    0     0     0 2077 1933 22  1 77  0  0 2021-07-24 07:04:07
15  1  0      0 56315740   2088 2540820    0    0     0    19 2453 2123 23  3 74  0  0 2021-07-24 07:04:08
15  1  0      0 56315752   2088 2540820    0    0     0     0 2593 2294 25  1 73  0  0 2021-07-24 07:04:09
15  4  0      0 56315752   2088 2540828    0    0     0     0 2489 2181 25  2 73  0  0 2021-07-24 07:04:10
15  1  0      0 56340064   2088 2540828    0    0     0     0 2087 1910 22  2 76  0  0 2021-07-24 07:04:11
15  2  0      0 56331016   2088 2540832    0    0     0     0 2683 2408 25  2 73  0  0 2021-07-24 07:04:12
15  1  0      0 56322216   2088 2540832    0    0     0     0 2501 2246 27  1 72  0  0 2021-07-24 07:04:13
15  4  0      0 56328788   2088 2540836    0    0     0     0 2267 2081 24  1 74  0  0 2021-07-24 07:04:14
15  1  0      0 56357308   2088 2540836    0    0     0     0 1875 1809 21  1 78  0  0 2021-07-24 07:04:15
15  1  0      0 56356068   2088 2540844    0    0     0     0 2081 1739 17  2 82  0  0 2021-07-24 07:04:16
15  1  0      0 56303244   2088 2540844    0    0     0     0 1802 1701 19  2 79  0  0 2021-07-24 07:04:17
15  4  0      0 56303128   2088 2540844    0    0     0    12 2483 2276 24  2 74  0  0 2021-07-24 07:04:18
15  1  0      0 56361280   2088 2540844    0    0     0     0 1324 1372 17  0 83  0  0 2021-07-24 07:04:19
15  2  0      0 56317016   2088 2540844    0    0     0     0 2503 2264 25  2 73  0  0 2021-07-24 07:04:20
15  1  0      0 56316656   2088 2540844    0    0     0     0 2508 2125 24  3 73  0  0 2021-07-24 07:04:21
15  1  0      0 56316904   2088 2540844    0    0     0     0 2545 2298 25  2 73  0  0 2021-07-24 07:04:22
15  4  0      0 56316540   2088 2540844    0    0     0     0 2405 2167 25  1 73  0  0 2021-07-24 07:04:23
15  1  0      0 56317408   2088 2540852    0    0     0     0 2300 2059 23  2 75  0  0 2021-07-24 07:04:24
15  1  0      0 56316424   2088 2540852    0    0     0     0 2506 2279 25  1 73  0  0 2021-07-24 07:04:25
15  4  0      0 56317044   2088 2540852    0    0     0     0 2371 2140 24  2 74  0  0 2021-07-24 07:04:26
15  1  0      0 56333916   2088 2540852    0    0     0     0 2176 2027 22  2 76  0  0 2021-07-24 07:04:27
15  1  0      0 56331316   2088 2540852    0    0     0     0 2477 2280 23  2 75  0  0 2021-07-24 07:04:28
15  4  0      0 56328964   2088 2540852    0    0     0     0 2195 2058 23  1 76  0  0 2021-07-24 07:04:29
15  4  0      0 56329212   2088 2540852    0    0     0     0 2523 2272 25  2 73  0  0 2021-07-24 07:04:30
15  1  0      0 56308504   2088 2540852    0    0     0     0 1740 1724 17  2 81  0  0 2021-07-24 07:04:31
15  4  0      0 56303544   2088 2540864    0    0     0     0 1971 1589 18  1 81  0  0 2021-07-24 07:04:32
15  1  0      0 56303420   2088 2540864    0    0     0    48 2029 1903 21  1 78  0  0 2021-07-24 07:04:33
15  1  0      0 56303056   2088 2540864    0    0     0     0 2319 2083 23  2 75  0  0 2021-07-24 07:04:34
15  1  0      0 56361588   2088 2540864    0    0     0     0 1820 1689 20  1 79  0  0 2021-07-24 07:04:35
15  4  0      0 56317076   2088 2540864    0    0     0     0 2495 2232 25  1 74  0  0 2021-07-24 07:04:36
15  4  0      0 56316336   2088 2540864    0    0     0     0 2553 2174 24  4 73  0  0 2021-07-24 07:04:37
15  1  0      0 56316584   2088 2540864    0    0     0     0 2386 2090 24  2 74  0  0 2021-07-24 07:04:38
15  4  0      0 56316964   2088 2540872    0    0     0     5 2490 2220 25  1 74  0  0 2021-07-24 07:04:39
15  2  0      0 56316472   2088 2540872    0    0     0     0 2443 2097 25  2 73  0  0 2021-07-24 07:04:40
15  1  0      0 56316224   2088 2540872    0    0     0     0 2595 2194 25  2 72  0  0 2021-07-24 07:04:41
15  1  0      0 56275812   2088 2540872    0    0     0     0 2083 1872 21  2 76  0  0 2021-07-24 07:04:42
15  1  0      0 56339060   2088 2540872    0    0     0     8 2692 2364 26  1 73  0  0 2021-07-24 07:04:43
15  1  0      0 56328892   2088 2540872    0    0     0     0 2440 2171 26  1 73  0  0 2021-07-24 07:04:44
15  4  0      0 56328148   2088 2540872    0    0     0     0 2207 2004 23  1 76  0  0 2021-07-24 07:04:45
15  1  0      0 56327776   2088 2540880    0    0     0     0 2489 2287 25  1 74  0  0 2021-07-24 07:04:46
15  1  0      0 56307564   2088 2540880    0    0     0     0 1789 1756 18  1 81  0  0 2021-07-24 07:04:47
15  1  0      0 56302480   2088 2540880    0    0     0     0 1704 1411 16  1 83  0  0 2021-07-24 07:04:48
15  1  0      0 56301736   2088 2540884    0    0     0     0 2324 2122 24  1 75  0  0 2021-07-24 07:04:49
15  1  0      0 56301992   2088 2540884    0    0     0     0 2070 1941 20  1 78  0  0 2021-07-24 07:04:50
15  4  0      0 56313772   2088 2540884    0    0     0     0 1910 1748 19  2 79  0  0 2021-07-24 07:04:51
15  5  0      0 56238388   2088 2540884    0    0     0     0 2734 2390 27  2 72  0  0 2021-07-24 07:04:52
15  2  0      0 56313160   2088 2540888    0    0     0     8 2569 2059 25  4 71  0  0 2021-07-24 07:04:53
15  2  0      0 56313044   2088 2540896    0    0     0     0 2174 1977 23  1 76  0  0 2021-07-24 07:04:54
15  1  0      0 56313296   2088 2540896    0    0     0     0 2451 2144 23  2 75  0  0 2021-07-24 07:04:55
15  3  0      0 56313180   2088 2540896    0    0     0     0 2991 2316 27  1 72  0  0 2021-07-24 07:04:56
15  4  0      0 56313308   2088 2540896    0    0     0     0 2389 2126 23  2 75  0  0 2021-07-24 07:04:57
15  4  0      0 56339348   2088 2540896    0    0     0     0 2086 1890 21  2 77  0  0 2021-07-24 07:04:58
15  4  0      0 56329812   2088 2540896    0    0     0     0 2746 2382 26  2 73  0  0 2021-07-24 07:04:59
15  1  0      0 56321380   2088 2540896    0    0     0     0 2439 2157 25  1 73  0  0 2021-07-24 07:05:00
15  4  0      0 56327828   2088 2540904    0    0     0     0 2303 2101 23  1 76  0  0 2021-07-24 07:05:01
15  1  0      0 56350272   2088 2540904    0    0     0     0 1851 1813 19  1 80  0  0 2021-07-24 07:05:02
15  1  0      0 56333260   2088 2540904    0    0     0     0 1917 1846 19  1 80  0  0 2021-07-24 07:05:03
15  1  0      0 56301516   2088 2540904    0    0     0     0 2167 1729 19  2 79  0  0 2021-07-24 07:05:04
15  1  0      0 56301648   2088 2540904    0    0     0     0 2503 2210 27  2 72  0  0 2021-07-24 07:05:05
15  4  0      0 56244980   2088 2540904    0    0     0     0 1325 1356 17  0 83  0  0 2021-07-24 07:05:06
15  4  0      0 56272260   2088 2540904    0    0     0     0 2517 2247 26  2 72  0  0 2021-07-24 07:05:07
15  1  0      0 56314308   2088 2540904    0    0     0     0 2461 2113 24  4 72  0  0 2021-07-24 07:05:08
15  4  0      0 56314560   2088 2540912    0    0     0     0 2543 2303 27  2 71  0  0 2021-07-24 07:05:09
15  4  0      0 56314312   2088 2540912    0    0     0     4 2247 2131 23  1 76  0  0 2021-07-24 07:05:10
15  1  0      0 56314568   2088 2540912    0    0     0     0 2365 2177 25  1 74  0  0 2021-07-24 07:05:11
15  4  0      0 56314228   2088 2540912    0    0     0   113 2391 2287 24  2 75  0  0 2021-07-24 07:05:12
15  1  0      0 56313988   2088 2540912    0    0     0     0 2610 2069 24  2 74  0  0 2021-07-24 07:05:13
15  1  0      0 56338044   2088 2540912    0    0     0    48 2202 2052 24  2 75  0  0 2021-07-24 07:05:14
15  1  0      0 56328500   2088 2540912    0    0     0     0 2489 2307 23  2 76  0  0 2021-07-24 07:05:15
15  1  0      0 56327144   2088 2540912    0    0     0     0 2219 2051 24  1 75  0  0 2021-07-24 07:05:16
15  1  0      0 56326396   2088 2540920    0    0     0     0 2613 2265 26  2 71  0  0 2021-07-24 07:05:17
15  2  0      0 56306012   2088 2540920    0    0     0     0 1774 1767 18  2 79  0  0 2021-07-24 07:05:18
15  0  0      0 59282664   2088 2380080    0    0     0     4 1752 1506  6  3 91  0  0 2021-07-24 07:05:19
15  0  0      0 59283176   2088 2380084    0    0     0     0  864  921  0  0 100  0  0 2021-07-24 07:05:20
15  0  0      0 59283176   2088 2380084    0    0     0     0  506  901  0  0 100  0  0 2021-07-24 07:05:21
15  0  0      0 59283176   2088 2380084    0    0     0     0  524  929  0  0 100  0  0 2021-07-24 07:05:22
15  0  0      0 59283184   2088 2380088    0    0     0     0  516  917  0  0 100  0  0 2021-07-24 07:05:23
15  0  0      0 59283060   2088 2380092    0    0     0    12  535  937  0  0 100  0  0 2021-07-24 07:05:24
15  0  0      0 59283060   2088 2380092    0    0     0     0  504  889  0  0 100  0  0 2021-07-24 07:05:25
15  0  0      0 59283060   2088 2380092    0    0     0     0  513  922  0  0 100  0  0 2021-07-24 07:05:26
15  0  0      0 59283060   2088 2380092    0    0     0     0  501  890  0  0 100  0  0 2021-07-24 07:05:27
15  0  0      0 59283060   2088 2380092    0    0     0     0  517  906  0  0 100  0  0 2021-07-24 07:05:28
15  0  0      0 59283060   2088 2380092    0    0     0     0  498  881  0  0 100  0  0 2021-07-24 07:05:29
15  0  0      0 59283060   2088 2380092    0    0     0     0  533  943  0  0 100  0  0 2021-07-24 07:05:30
15  0  0      0 59283060   2088 2380092    0    0     0     0  498  888  0  0 100  0  0 2021-07-24 07:05:31
15  0  0      0 59283060   2088 2380092    0    0     0     0  482  860  0  0 100  0  0 2021-07-24 07:05:32
15  0  0      0 59283060   2088 2380092    0    0     0     0  530  927  0  0 100  0  0 2021-07-24 07:05:33
15  0  0      0 59283060   2088 2380092    0    0     0     0  518  926  0  0 100  0  0 2021-07-24 07:05:34
15  0  0      0 59283060   2088 2380092    0    0     0     0  508  905  0  0 100  0  0 2021-07-24 07:05:35
15  0  0      0 59283060   2088 2380092    0    0     0     0  507  911  0  0 100  0  0 2021-07-24 07:05:36
15  0  0      0 59283060   2088 2380092    0    0     0     0  846  892  0  0 100  0  0 2021-07-24 07:05:37
15  0  0      0 59283060   2088 2380092    0    0     0     0  522  916  0  0 100  0  0 2021-07-24 07:05:38
15  0  0      0 59283060   2088 2380092    0    0     0     0  508  901  0  0 100  0  0 2021-07-24 07:05:39
15  0  0      0 59283060   2088 2380092    0    0     0    24  497  872  0  0 100  0  0 2021-07-24 07:05:40
15  0  0      0 59283060   2088 2380092    0    0     0     0  499  873  0  0 100  0  0 2021-07-24 07:05:41
15  0  0      0 59283060   2088 2380092    0    0     0     0  511  902  0  0 100  0  0 2021-07-24 07:05:42
15  0  0      0 59283060   2088 2380092    0    0     0     0  511  910  0  0 100  0  0 2021-07-24 07:05:43
15  0  0      0 59283060   2088 2380092    0    0     0     0  508  911  0  0 100  0  0 2021-07-24 07:05:44
15  0  0      0 59283060   2088 2380092    0    0     0     0  508  901  0  0 100  0  0 2021-07-24 07:05:45
15  0  0      0 59283060   2088 2380092    0    0     0     0  514  910  0  0 100  0  0 2021-07-24 07:05:46
15  0  0      0 59283060   2088 2380092    0    0     0     0  502  889  0  0 100  0  0 2021-07-24 07:05:47
