#Date       Time        gpu rxpci txpci    sm   mem   enc   dec
#YYYYMMDD   HH:MM:SS    Idx  MB/s  MB/s     %     %     %     %
 20210724   06:00:58      0     0     0     0     0     0     0
 20210724   06:00:59      0     0     0     0     0     0     0
 20210724   06:01:00      0     0     0     0     0     0     0
 20210724   06:01:01      0     0     0     0     0     0     0
 20210724   06:01:02      0     0     0     0     0     0     0
 20210724   06:01:03      0     0     0     0     0     0     0
 20210724   06:01:04      0     0     0     0     0     0     0
 20210724   06:01:05      0     0     0     0     0     0     0
 20210724   06:01:06      0     0     0     0     0     0     0
 20210724   06:01:07      0     0     0     0     0     0     0
 20210724   06:01:09      0     0     0     0     0     0     0
 20210724   06:01:10      0     0     0     0     0     0     0
 20210724   06:01:11      0     0     0     0     0     0     0
 20210724   06:01:12      0     0     0     0     0     0     0
 20210724   06:01:13      0     0     0     0     0     0     0
 20210724   06:01:14      0     0     0     0     0     0     0
 20210724   06:01:15      0     0     0     0     0     0     0
 20210724   06:01:16      0     0     0     0     0     0     0
 20210724   06:01:17      0     0     0     0     0     0     0
 20210724   06:01:19      0     0     0     0     0     0     0
 20210724   06:01:20      0     0     0     0     0     0     0
 20210724   06:01:21      0     0     0     0     0     0     0
 20210724   06:01:22      0     0     0     0     0     0     0
 20210724   06:01:23      0     0     0     0     0     0     0
 20210724   06:01:24      0     0     0     0     0     0     0
 20210724   06:01:25      0     0     0     0     0     0     0
 20210724   06:01:26      0     0     0     0     0     0     0
 20210724   06:01:27      0     0     0     0     0     0     0
 20210724   06:01:28      0     0     0     0     0     0     0
 20210724   06:01:30      0     0     0     0     0     0     0
 20210724   06:01:31      0     0     0     0     0     0     0
 20210724   06:01:32      0     0     0     0     0     0     0
 20210724   06:01:33      0     0     0     0     0     0     0
 20210724   06:01:34      0     0     0     0     0     0     0
 20210724   06:01:35      0     0     0     0     0     0     0
 20210724   06:01:36      0     0     0     0     0     0     0
 20210724   06:01:37      0     0     0     0     0     0     0
 20210724   06:01:39      0     0     0     0     0     0     0
 20210724   06:01:40      0    38    21     9     1     0     0
 20210724   06:01:41      0  1013    43     3     0     0     0
 20210724   06:01:42      0   343     5     3     0     0     0
 20210724   06:01:43      0  1662   109     1     0     0     0
 20210724   06:01:44      0     0     0     0     0     0     0
 20210724   06:01:45      0     0     0     0     0     0     0
#Date       Time        gpu rxpci txpci    sm   mem   enc   dec
#YYYYMMDD   HH:MM:SS    Idx  MB/s  MB/s     %     %     %     %
 20210724   06:01:46      0     0     0     0     0     0     0
 20210724   06:01:47      0     0     0     5     3     0     0
 20210724   06:01:48      0     0     0     0     0     0     0
 20210724   06:01:50      0  3388   386    27    17     0     0
 20210724   06:01:51      0  3710   229     0     0     0     0
 20210724   06:01:52      0     0     0     0     0     0     0
 20210724   06:01:53      0     0     0     0     0     0     0
 20210724   06:01:54      0     0     0     0     0     0     0
 20210724   06:01:55      0     0   652     0     0     0     0
 20210724   06:01:56      0  5294   402     0     0     0     0
 20210724   06:01:57      0     0     0    21    13     0     0
 20210724   06:01:58      0     0     0     0     0     0     0
 20210724   06:01:59      0     0     0     0     0     0     0
 20210724   06:02:00      0  3625   302     0     0     0     0
 20210724   06:02:01      0     0     0    11     8     0     0
 20210724   06:02:02      0     0     0     0     0     0     0
 20210724   06:02:04      0     0     0    26    18     0     0
 20210724   06:02:05      0     0     0     0     0     0     0
 20210724   06:02:06      0     0     0     0     0     0     0
 20210724   06:02:07      0  4633   449     0     0     0     0
 20210724   06:02:08      0     0     0    27    18     0     0
 20210724   06:02:09      0     0     0     0     0     0     0
 20210724   06:02:10      0     0     0     0     0     0     0
 20210724   06:02:11      0     0     0     0     0     0     0
 20210724   06:02:12      0     0     0     0     0     0     0
 20210724   06:02:13      0     0     0     0     0     0     0
 20210724   06:02:14      0     0     0    16    10     0     0
 20210724   06:02:16      0     0     0     0     0     0     0
 20210724   06:02:17      0  3494   391     0     0     0     0
 20210724   06:02:18      0     0     0     0     0     0     0
 20210724   06:02:19      0  3665   450     0     0     0     0
 20210724   06:02:20      0     0     0    24     0     0     0
 20210724   06:02:21      0     0     0     0     0     0     0
 20210724   06:02:22      0     0   366     0     0     0     0
 20210724   06:02:23      0     0     0    41    28     0     0
 20210724   06:02:24      0     0     0     0     0     0     0
 20210724   06:02:25      0     0     0     0     0     0     0
 20210724   06:02:27      0     0     0     0     0     0     0
 20210724   06:02:28      0     0     0     0     0     0     0
 20210724   06:02:29      0     0     0     0     0     0     0
 20210724   06:02:30      0    13     0    24    14     0     0
 20210724   06:02:31      0     0     0     0     0     0     0
 20210724   06:02:32      0     0     0     0     0     0     0
 20210724   06:02:33      0     0     0     0     0     0     0
#Date       Time        gpu rxpci txpci    sm   mem   enc   dec
#YYYYMMDD   HH:MM:SS    Idx  MB/s  MB/s     %     %     %     %
 20210724   06:02:34      0     0     0     0     0     0     0
 20210724   06:02:35      0  2947     1   100     0     0     0
 20210724   06:02:36      0     0     0     0     0     0     0
 20210724   06:02:38      0     0     0     0     0     0     0
 20210724   06:02:39      0     0     0     0     0     0     0
 20210724   06:02:40      0     0     0    61    11     0     0
 20210724   06:02:41      0     0     0     0     0     0     0
 20210724   06:02:42      0     0     0     0     0     0     0
 20210724   06:02:43      0     0     0     0     0     0     0
 20210724   06:02:44      0  2192   586     0     0     0     0
 20210724   06:02:45      0     0     0     0     0     0     0
 20210724   06:02:46      0     0     0     0     0     0     0
 20210724   06:02:47      0     0     0     0     0     0     0
 20210724   06:02:49      0     0     0     0     0     0     0
 20210724   06:02:50      0     0     0     0     0     0     0
 20210724   06:02:51      0  3500   393    54    28     0     0
 20210724   06:02:52      0     0     0    74     9     0     0
 20210724   06:02:53      0     0     0     0     0     0     0
 20210724   06:02:54      0     0     0     0     0     0     0
 20210724   06:02:55      0  2733   575     0     0     0     0
 20210724   06:02:56      0  3402   388    50    28     0     0
 20210724   06:02:57      0   981   351    41    28     0     0
 20210724   06:02:58      0     0     0    25    17     0     0
 20210724   06:02:59      0     0     0     0     0     0     0
 20210724   06:03:00      0     0     0     0     0     0     0
 20210724   06:03:02      0     0     0     0     0     0     0
 20210724   06:03:03      0     0     0     3     0     0     0
 20210724   06:03:04      0     0     0     0     0     0     0
 20210724   06:03:05      0     0   480     0     0     0     0
 20210724   06:03:06      0     0     0     0     0     0     0
 20210724   06:03:07      0     0     0     0     0     0     0
 20210724   06:03:08      0     0     0     0     0     0     0
 20210724   06:03:09      0     0     0    79    21     0     0
 20210724   06:03:10      0     0     0     0     0     0     0
 20210724   06:03:11      0     0     0     0     0     0     0
 20210724   06:03:13      0     0     0     0     0     0     0
 20210724   06:03:14      0   544   742     0     0     0     0
 20210724   06:03:15      0     0     0    39    25     0     0
 20210724   06:03:16      0     0     0     0     0     0     0
 20210724   06:03:17      0     0     0     0     0     0     0
 20210724   06:03:18      0  6465   453     0     0     0     0
 20210724   06:03:19      0     0     0     0     0     0     0
 20210724   06:03:20      0     0     0     0     0     0     0
 20210724   06:03:21      0     0     0    10     7     0     0
#Date       Time        gpu rxpci txpci    sm   mem   enc   dec
#YYYYMMDD   HH:MM:SS    Idx  MB/s  MB/s     %     %     %     %
 20210724   06:03:22      0     0     0     0     0     0     0
 20210724   06:03:24      0     0     0     0     0     0     0
 20210724   06:03:25      0  3804   458     0     0     0     0
 20210724   06:03:26      0     0     0     4     2     0     0
 20210724   06:03:27      0     0     0     0     0     0     0
 20210724   06:03:28      0     0     0     0     0     0     0
 20210724   06:03:29      0     0     0     0     0     0     0
 20210724   06:03:30      0     0   559     0     0     0     0
 20210724   06:03:31      0     0     0     0     0     0     0
 20210724   06:03:32      0     0     0    43    27     0     0
 20210724   06:03:33      0     0     0     0     0     0     0
 20210724   06:03:35      0  5606   439     0     0     0     0
 20210724   06:03:36      0     0     0     0     0     0     0
 20210724   06:03:37      0     0     0     0     0     0     0
 20210724   06:03:38      0  3533   244    89    28     0     0
 20210724   06:03:39      0     0     0     0     0     0     0
 20210724   06:03:40      0     0     0     0     0     0     0
 20210724   06:03:41      0     0   573     0     0     0     0
 20210724   06:03:42      0     0     0     4     0     0     0
 20210724   06:03:43      0     0     0     0     0     0     0
 20210724   06:03:44      0     0     0     0     0     0     0
 20210724   06:03:46      0     0     0     0     0     0     0
 20210724   06:03:47      0     0     0     0     0     0     0
 20210724   06:03:48      0     0     0     0     0     0     0
 20210724   06:03:49      0     0     0     0     0     0     0
 20210724   06:03:50      0     1     0    42    29     0     0
 20210724   06:03:51      0     0     0     0     0     0     0
 20210724   06:03:52      0     0     0     0     0     0     0
 20210724   06:03:54      0     0     0     0     0     0     0
 20210724   06:03:55      0     0     0     0     0     0     0
 20210724   06:03:56      0  1405   696     0     0     0     0
 20210724   06:03:57      0     0     0    41    28     0     0
 20210724   06:03:58      0     0     0     0     0     0     0
 20210724   06:03:59      0     0     0     0     0     0     0
 20210724   06:04:00      0     0     0     0     0     0     0
 20210724   06:04:01      0     0     0     0     0     0     0
 20210724   06:04:02      0     0     0     5     3     0     0
 20210724   06:04:03      0     0     0    41    26     0     0
 20210724   06:04:04      0     0     0     0     0     0     0
 20210724   06:04:06      0     0     0     0     0     0     0
 20210724   06:04:07      0     0     0     0     0     0     0
 20210724   06:04:08      0     0     0     0     0     0     0
 20210724   06:04:09      0  3397   385     8     3     0     0
 20210724   06:04:10      0     0     0     0     0     0     0
#Date       Time        gpu rxpci txpci    sm   mem   enc   dec
#YYYYMMDD   HH:MM:SS    Idx  MB/s  MB/s     %     %     %     %
 20210724   06:04:11      0     0     0     0     0     0     0
 20210724   06:04:12      0     0     0     0     0     0     0
 20210724   06:04:13      0  3105     1    79    28     0     0
 20210724   06:04:14      0     0     0    73    25     0     0
 20210724   06:04:15      0     0     0    27     1     0     0
 20210724   06:04:16      0     0     0     0     0     0     0
 20210724   06:04:18      0     0     0     0     0     0     0
 20210724   06:04:19      0     0     0     0     0     0     0
 20210724   06:04:20      0     0     0     0     0     0     0
 20210724   06:04:21      0     0     0     0     0     0     0
 20210724   06:04:22      0     0     0     0     0     0     0
 20210724   06:04:23      0     0     0     0     0     0     0
 20210724   06:04:24      0     0     0     0     0     0     0
 20210724   06:04:25      0  3400   387    39    26     0     0
 20210724   06:04:26      0  3133     1     0     0     0     0
 20210724   06:04:27      0     0     0    42     0     0     0
 20210724   06:04:28      0     0     0     0     0     0     0
 20210724   06:04:29      0     0     0     0     0     0     0
 20210724   06:04:31      0     0     0     0     0     0     0
 20210724   06:04:32      0     0   787     0     0     0     0
 20210724   06:04:33      0     0     0    39    25     0     0
 20210724   06:04:34      0     0     0     0     0     0     0
 20210724   06:04:35      0     0     0     0     0     0     0
 20210724   06:04:36      0  4742   477     7     2     0     0
 20210724   06:04:37      0     0     0    45    32     0     0
 20210724   06:04:38      0     0     0     0     0     0     0
 20210724   06:04:39      0     0     0     0     0     0     0
 20210724   06:04:40      0     0     0     0     0     0     0
 20210724   06:04:42      0     0     0     0     0     0     0
 20210724   06:04:43      0  3398    10    91    27     0     0
 20210724   06:04:44      0     0     0     0     0     0     0
 20210724   06:04:45      0     0     0     0     0     0     0
 20210724   06:04:46      0     0     0     0     0     0     0
 20210724   06:04:47      0     0   607     0     0     0     0
 20210724   06:04:48      0     0     0     0     0     0     0
 20210724   06:04:49      0     0     0     0     0     0     0
 20210724   06:04:51      0     0     0     0     0     0     0
 20210724   06:04:52      0  3724   422     0     0     0     0
 20210724   06:04:53      0     0     0     0     0     0     0
 20210724   06:04:54      0     0   618     0     0     0     0
 20210724   06:04:55      0     0     0     3     1     0     0
 20210724   06:04:56      0     0     0     0     0     0     0
 20210724   06:04:57      0     0     0     0     0     0     0
 20210724   06:04:58      0  3392   386    84    28     0     0
#Date       Time        gpu rxpci txpci    sm   mem   enc   dec
#YYYYMMDD   HH:MM:SS    Idx  MB/s  MB/s     %     %     %     %
 20210724   06:04:59      0     0     0    17    12     0     0
 20210724   06:05:00      0     0     0     0     0     0     0
 20210724   06:05:02      0     0     0     0     0     0     0
 20210724   06:05:03      0     0     0     0     0     0     0
 20210724   06:05:04      0     0   502     0     0     0     0
 20210724   06:05:05      0     0     0     0     0     0     0
 20210724   06:05:06      0     0     0     0     0     0     0
 20210724   06:05:07      0     0     0     0     0     0     0
 20210724   06:05:08      0  3524   169    15     9     0     0
 20210724   06:05:09      0     0     0     0     0     0     0
 20210724   06:05:10      0     0   223     0     0     0     0
 20210724   06:05:11      0     0     0   100     0     0     0
 20210724   06:05:13      0     0     0     0     0     0     0
 20210724   06:05:14      0     0   757     0     0     0     0
 20210724   06:05:15      0     0     0    41    28     0     0
 20210724   06:05:16      0     0     0     0     0     0     0
 20210724   06:05:17      0     0     0     0     0     0     0
 20210724   06:05:18      0     0     0     0     0     0     0
 20210724   06:05:19      0     0     0     0     0     0     0
 20210724   06:05:20      0     0     0     0     0     0     0
 20210724   06:05:22      0     0     0     4     1     0     0
 20210724   06:05:23      0     0     0     0     0     0     0
 20210724   06:05:24      0  3815   452     0     0     0     0
 20210724   06:05:25      0     0     0     0     0     0     0
 20210724   06:05:26      0  3812   449     0     0     0     0
 20210724   06:05:27      0     0     0    32     0     0     0
 20210724   06:05:28      0     0     0     0     0     0     0
 20210724   06:05:29      0     0   790     0     0     0     0
 20210724   06:05:30      0     0     0    42    28     0     0
 20210724   06:05:32      0     0     0     0     0     0     0
 20210724   06:05:33      0     0     0     0     0     0     0
 20210724   06:05:34      0     0     0     0     0     0     0
 20210724   06:05:35      0     0     0     0     0     0     0
 20210724   06:05:36      0     0     0     0     0     0     0
 20210724   06:05:37      0     7    22    10     4     0     0
 20210724   06:05:38      0     0     0     0     0     0     0
 20210724   06:05:39      0     0     0     0     0     0     0
 20210724   06:05:40      0     0     0     0     0     0     0
 20210724   06:05:42      0     0     0     0     0     0     0
 20210724   06:05:43      0  3397   247   100    22     0     0
 20210724   06:05:44      0     0     0     0     0     0     0
 20210724   06:05:45      0     0     0     0     0     0     0
 20210724   06:05:46      0  3014     0    21    13     0     0
 20210724   06:05:47      0     0     0     0     0     0     0
#Date       Time        gpu rxpci txpci    sm   mem   enc   dec
#YYYYMMDD   HH:MM:SS    Idx  MB/s  MB/s     %     %     %     %
 20210724   06:05:48      0     0     0     0     0     0     0
 20210724   06:05:49      0     0     0     0     0     0     0
 20210724   06:05:51      0     0     0     0     0     0     0
 20210724   06:05:52      0     0     0    37    25     0     0
 20210724   06:05:53      0   246     0    43    27     0     0
 20210724   06:05:54      0     0     0     0     0     0     0
 20210724   06:05:55      0     0     0     0     0     0     0
 20210724   06:05:56      0     0     0     0     0     0     0
 20210724   06:05:57      0     0     0     0     0     0     0
 20210724   06:05:58      0     2     0    76     0     0     0
 20210724   06:05:59      0     0     0     0     0     0     0
 20210724   06:06:01      0     0   601     0     0     0     0
 20210724   06:06:02      0   710     0    11     6     0     0
 20210724   06:06:03      0     0     0     0     0     0     0
 20210724   06:06:04      0     0     0     0     0     0     0
 20210724   06:06:05      0     0     0     0     0     0     0
 20210724   06:06:06      0     0     0     0     0     0     0
 20210724   06:06:07      0     0     0     0     0     0     0
 20210724   06:06:08      0     0     0     0     0     0     0
 20210724   06:06:09      0     0     0     0     0     0     0
 20210724   06:06:10      0     0     0     0     0     0     0
 20210724   06:06:11      0  3603   408   100     0     0     0
 20210724   06:06:12      0     0     0     0     0     0     0
 20210724   06:06:14      0     0     0     0     0     0     0
 20210724   06:06:15      0  3394   386    60    28     0     0
 20210724   06:06:16      0     0     0     0     0     0     0
 20210724   06:06:17      0     0     0     0     0     0     0
 20210724   06:06:18      0     0     0     0     0     0     0
 20210724   06:06:19      0     0     0    34    23     0     0
 20210724   06:06:20      0     0     0    15     0     0     0
 20210724   06:06:21      0     0     0     0     0     0     0
 20210724   06:06:22      0     0     0     0     0     0     0
 20210724   06:06:23      0  3901   445     0     0     0     0
 20210724   06:06:24      0     0     0     0     0     0     0
 20210724   06:06:26      0     0     0     0     0     0     0
 20210724   06:06:27      0     0     0     0     0     0     0
 20210724   06:06:28      0     0     0     0     0     0     0
 20210724   06:06:29      0     0     0     0     0     0     0
 20210724   06:06:30      0  4769   457     0     0     0     0
 20210724   06:06:31      0   703     0    64     1     0     0
 20210724   06:06:32      0     0     0     0     0     0     0
 20210724   06:06:33      0     0     0     0     0     0     0
 20210724   06:06:34      0  3390   386    37    26     0     0
 20210724   06:06:35      0     0     0    66    28     0     0
#Date       Time        gpu rxpci txpci    sm   mem   enc   dec
#YYYYMMDD   HH:MM:SS    Idx  MB/s  MB/s     %     %     %     %
 20210724   06:06:37      0     0     0    33     5     0     0
 20210724   06:06:38      0     0     0     0     0     0     0
 20210724   06:06:39      0     0   425     0     0     0     0
 20210724   06:06:40      0     0     0     0     0     0     0
 20210724   06:06:41      0     0     0     0     0     0     0
 20210724   06:06:42      0     0     0     0     0     0     0
 20210724   06:06:43      0     0     0     0     0     0     0
 20210724   06:06:44      0     0     0     0     0     0     0
 20210724   06:06:46      0  4671   462     0     0     0     0
 20210724   06:06:47      0     0     0    77    13     0     0
 20210724   06:06:48      0     0     0     0     0     0     0
 20210724   06:06:49      0     0     0     0     0     0     0
 20210724   06:06:50      0  3633   445    21    13     0     0
 20210724   06:06:51      0  2495     0    50    28     0     0
 20210724   06:06:52      0  1384   400    41    28     0     0
 20210724   06:06:53      0     0     0    21    15     0     0
 20210724   06:06:54      0     0     0     0     0     0     0
 20210724   06:06:55      0     0     0     0     0     0     0
 20210724   06:06:56      0     0     0     0     0     0     0
 20210724   06:06:58      0     0     0     0     0     0     0
 20210724   06:06:59      0     0     0     0     0     0     0
 20210724   06:07:00      0     0     0     0     0     0     0
 20210724   06:07:01      0     0     0     0     0     0     0
 20210724   06:07:02      0     0     0     0     0     0     0
 20210724   06:07:03      0     0     0     0     0     0     0
 20210724   06:07:04      0     0     0     0     0     0     0
 20210724   06:07:05      0     0     0     0     0     0     0
 20210724   06:07:06      0     0     0     0     0     0     0
 20210724   06:07:07      0     0     0     0     0     0     0
 20210724   06:07:09      0     0     0     0     0     0     0
 20210724   06:07:10      0     0     0     0     0     0     0
 20210724   06:07:11      0     0     0     0     0     0     0
 20210724   06:07:12      0     0     0     0     0     0     0
 20210724   06:07:13      0     0     0     0     0     0     0
 20210724   06:07:14      0     0     0     0     0     0     0
 20210724   06:07:15      0     0     0     0     0     0     0
 20210724   06:07:16      0     0     0     0     0     0     0
 20210724   06:07:18      0     0     0     0     0     0     0
 20210724   06:07:19      0     0     0     0     0     0     0
 20210724   06:07:20      0     0     0     0     0     0     0
 20210724   06:07:21      0     0     0     0     0     0     0
 20210724   06:07:22      0     0     0     0     0     0     0
 20210724   06:07:23      0     0     0     0     0     0     0
 20210724   06:07:24      0     0     0     0     0     0     0
#Date       Time        gpu rxpci txpci    sm   mem   enc   dec
#YYYYMMDD   HH:MM:SS    Idx  MB/s  MB/s     %     %     %     %
 20210724   06:07:25      0     0     0     0     0     0     0
 20210724   06:07:26      0     0     0     0     0     0     0
 20210724   06:07:28      0     0     0     0     0     0     0
 20210724   06:07:29      0     0     0     0     0     0     0
 20210724   06:07:30      0     0     0     0     0     0     0
 20210724   06:07:31      0     0     0     0     0     0     0
 20210724   06:07:32      0     0     0     0     0     0     0
 20210724   06:07:33      0     0     0     0     0     0     0
 20210724   06:07:34      0     0     0     0     0     0     0
 20210724   06:07:35      0     0     0     0     0     0     0
 20210724   06:07:37      0     0     0     0     0     0     0
 20210724   06:07:38      0     0     0     0     0     0     0
 20210724   06:07:39      0     0     0     0     0     0     0
 20210724   06:07:40      0     0     0     0     0     0     0
 20210724   06:07:41      0     0     0     0     0     0     0
 20210724   06:07:42      0     0     0     0     0     0     0
 20210724   06:07:43      0     0     0     0     0     0     0
 20210724   06:07:44      0     0     0     0     0     0     0
 20210724   06:07:45      0     0     0     0     0     0     0
 20210724   06:07:46      0     0     0     0     0     0     0
