#Date       Time        gpu rxpci txpci    sm   mem   enc   dec
#YYYYMMDD   HH:MM:SS    Idx  MB/s  MB/s     %     %     %     %
 20210724   05:51:17      0     0     0     0     0     0     0
 20210724   05:51:18      0     0     0     0     0     0     0
 20210724   05:51:19      0     0     0     0     0     0     0
 20210724   05:51:21      0     0     0     0     0     0     0
 20210724   05:51:22      0     0     0     0     0     0     0
 20210724   05:51:23      0     0     0     0     0     0     0
 20210724   05:51:24      0     0     0     0     0     0     0
 20210724   05:51:25      0     0     0     0     0     0     0
 20210724   05:51:26      0     0     0     0     0     0     0
 20210724   05:51:27      0     0     0     0     0     0     0
 20210724   05:51:28      0     0     0     0     0     0     0
 20210724   05:51:30      0     0     0     0     0     0     0
 20210724   05:51:31      0     0     0     0     0     0     0
 20210724   05:51:32      0     0     0     0     0     0     0
 20210724   05:51:33      0     0     0     0     0     0     0
 20210724   05:51:34      0     0     0     0     0     0     0
 20210724   05:51:35      0     0     0     0     0     0     0
 20210724   05:51:36      0     0     0     0     0     0     0
 20210724   05:51:38      0     0     0     0     0     0     0
 20210724   05:51:39      0     0     0     0     0     0     0
 20210724   05:51:40      0     0     0     0     0     0     0
 20210724   05:51:41      0     0     0     0     0     0     0
 20210724   05:51:42      0     0     0     0     0     0     0
 20210724   05:51:43      0     0     0     0     0     0     0
 20210724   05:51:44      0     0     0     0     0     0     0
 20210724   05:51:45      0     0     0     0     0     0     0
 20210724   05:51:47      0     0     0     0     0     0     0
 20210724   05:51:48      0     0     0     0     0     0     0
 20210724   05:51:49      0     0     0     0     0     0     0
 20210724   05:51:50      0     0     0     0     0     0     0
 20210724   05:51:51      0     0     0     0     0     0     0
 20210724   05:51:52      0     0     0     0     0     0     0
 20210724   05:51:53      0     0     0     0     0     0     0
 20210724   05:51:54      0     0     0     0     0     0     0
 20210724   05:51:55      0     0     0     0     0     0     0
 20210724   05:51:57      0     0     0     0     0     0     0
 20210724   05:51:58      0     0     0     0     0     0     0
 20210724   05:51:59      0     0     0     0     0     0     0
 20210724   05:52:00      0     0     0     0     0     0     0
 20210724   05:52:01      0     0     0     0     0     0     0
 20210724   05:52:02      0     0     0     0     0     0     0
 20210724   05:52:03      0     0     0     0     0     0     0
 20210724   05:52:04      0     0     0     0     0     0     0
 20210724   05:52:05      0     0     0     0     0     0     0
#Date       Time        gpu rxpci txpci    sm   mem   enc   dec
#YYYYMMDD   HH:MM:SS    Idx  MB/s  MB/s     %     %     %     %
 20210724   05:52:07      0     0     0     0     0     0     0
 20210724   05:52:08      0     0     0     0     0     0     0
 20210724   05:52:09      0     0     0     0     0     0     0
 20210724   05:52:10      0     0     0     0     0     0     0
 20210724   05:52:11      0     0     0     0     0     0     0
 20210724   05:52:12      0     0     0     0     0     0     0
 20210724   05:52:13      0     0     0     0     0     0     0
 20210724   05:52:14      0   362     0     9     1     0     0
 20210724   05:52:15      0   218    56     3     0     0     0
 20210724   05:52:16      0    98     0     2     0     0     0
 20210724   05:52:17      0     0     0     0     0     0     0
 20210724   05:52:18      0     0     0     0     0     0     0
 20210724   05:52:20      0     0     0     0     0     0     0
 20210724   05:52:21      0     0     0     0     0     0     0
 20210724   05:52:22      0     0     0     0     0     0     0
 20210724   05:52:23      0     0     0     0     0     0     0
 20210724   05:52:24      0     0   691     0     0     0     0
 20210724   05:52:25      0     0     0     0     0     0     0
 20210724   05:52:26      0  3246    15   100    27     0     0
 20210724   05:52:27      0     0     0    42    28     0     0
 20210724   05:52:28      0     0     0     0     0     0     0
 20210724   05:52:29      0     0     0     0     0     0     0
 20210724   05:52:30      0     0     0     0     0     0     0
 20210724   05:52:31      0     0   533     0     0     0     0
 20210724   05:52:33      0     0     0     0     0     0     0
 20210724   05:52:34      0     0     0     4     1     0     0
 20210724   05:52:35      0     0     0     0     0     0     0
 20210724   05:52:36      0  3687   458    24    15     0     0
 20210724   05:52:37      0     0     0     0     0     0     0
 20210724   05:52:38      0  4863   451    15     9     0     0
 20210724   05:52:39      0     0     0    84     0     0     0
 20210724   05:52:40      0     0     0     0     0     0     0
 20210724   05:52:41      0     0   731     0     0     0     0
 20210724   05:52:42      0     0     0    42    28     0     0
 20210724   05:52:44      0     0     0     0     0     0     0
 20210724   05:52:45      0     0     0     0     0     0     0
 20210724   05:52:46      0     0     0     0     0     0     0
 20210724   05:52:47      0     0     0     0     0     0     0
 20210724   05:52:48      0     0     0     0     0     0     0
 20210724   05:52:49      0     0     0     0     0     0     0
 20210724   05:52:50      0     0     0     0     0     0     0
 20210724   05:52:51      0     0     0    42    28     0     0
 20210724   05:52:53      0     0     0     0     0     0     0
 20210724   05:52:54      0     0     0    41    28     0     0
#Date       Time        gpu rxpci txpci    sm   mem   enc   dec
#YYYYMMDD   HH:MM:SS    Idx  MB/s  MB/s     %     %     %     %
 20210724   05:52:55      0     0     0     0     0     0     0
 20210724   05:52:56      0     0     0     0     0     0     0
 20210724   05:52:57      0     0   557     0     0     0     0
 20210724   05:52:58      0   497     0    28    21     0     0
 20210724   05:52:59      0     0     0     0     0     0     0
 20210724   05:53:00      0     0     0     0     0     0     0
 20210724   05:53:01      0     0     0     0     0     0     0
 20210724   05:53:02      0     0     0     0     0     0     0
 20210724   05:53:04      0     0     0    11     8     0     0
 20210724   05:53:05      0     0     0    32    21     0     0
 20210724   05:53:06      0     0     0     0     0     0     0
 20210724   05:53:07      0     0   596     0     0     0     0
 20210724   05:53:08      0     0     0     0     0     0     0
 20210724   05:53:09      0     0     0     0     0     0     0
 20210724   05:53:10      0  1232     0    54     0     0     0
 20210724   05:53:11      0     0     0     0     0     0     0
 20210724   05:53:12      0     0     0     0     0     0     0
 20210724   05:53:13      0  6281   479     0     0     0     0
 20210724   05:53:14      0     0     0     0     0     0     0
 20210724   05:53:16      0     0     0     0     0     0     0
 20210724   05:53:17      0     0     0     0     0     0     0
 20210724   05:53:18      0     0     0     0     0     0     0
 20210724   05:53:19      0  6392   317     0     0     0     0
 20210724   05:53:20      0     0     0     0     0     0     0
 20210724   05:53:21      0     0     0     0     0     0     0
 20210724   05:53:22      0     0     0     0     0     0     0
 20210724   05:53:23      0     0     0     0     0     0     0
 20210724   05:53:24      0     0     0     0     0     0     0
 20210724   05:53:25      0  3567   408    44    28     0     0
 20210724   05:53:26      0     0     0    96    19     0     0
 20210724   05:53:28      0     0     0     0     0     0     0
 20210724   05:53:29      0     0     0     0     0     0     0
 20210724   05:53:30      0  3398    88    89    28     0     0
 20210724   05:53:31      0     0     0    83    28     0     0
 20210724   05:53:32      0     0     0    31     2     0     0
 20210724   05:53:33      0     0     0     0     0     0     0
 20210724   05:53:34      0     0     0     0     0     0     0
 20210724   05:53:35      0     0     0     0     0     0     0
 20210724   05:53:36      0     0     0     0     0     0     0
 20210724   05:53:38      0     0     0     0     0     0     0
 20210724   05:53:39      0     0     0     0     0     0     0
 20210724   05:53:40      0     0     0     0     0     0     0
 20210724   05:53:41      0  3397   386    61    28     0     0
 20210724   05:53:42      0     0     0     0     0     0     0
#Date       Time        gpu rxpci txpci    sm   mem   enc   dec
#YYYYMMDD   HH:MM:SS    Idx  MB/s  MB/s     %     %     %     %
 20210724   05:53:43      0     0     0     0     0     0     0
 20210724   05:53:44      0     0     0     0     0     0     0
 20210724   05:53:45      0  3400   387     6     1     0     0
 20210724   05:53:46      0     1     0    29    18     0     0
 20210724   05:53:47      0  3416    83    47    18     0     0
 20210724   05:53:49      0     0     0     0     0     0     0
 20210724   05:53:50      0     0     0     0     0     0     0
 20210724   05:53:51      0     0     0     0     0     0     0
 20210724   05:53:52      0     0     0     0     0     0     0
 20210724   05:53:53      0     0     0     0     0     0     0
 20210724   05:53:54      0     0     0     0     0     0     0
 20210724   05:53:55      0     0     0     0     0     0     0
 20210724   05:53:57      0  3651   413     0     0     0     0
 20210724   05:53:58      0  2335     0    51    28     0     0
 20210724   05:53:59      0     0     0    42    28     0     0
 20210724   05:54:00      0     0     0     0     0     0     0
 20210724   05:54:01      0     0     0     0     0     0     0
 20210724   05:54:02      0     0   652     0     0     0     0
 20210724   05:54:03      0  5922   471     0     0     0     0
 20210724   05:54:04      0  5876   415     0     0     0     0
 20210724   05:54:05      0     0     0    13     9     0     0
 20210724   05:54:06      0     0     0     0     0     0     0
 20210724   05:54:07      0     0     0     0     0     0     0
 20210724   05:54:09      0  2182     0    41    28     0     0
 20210724   05:54:10      0     0     0     0     0     0     0
 20210724   05:54:11      0     0     0    42    28     0     0
 20210724   05:54:12      0     0     0     0     0     0     0
 20210724   05:54:13      0  3776   515     0     0     0     0
 20210724   05:54:14      0   998   741     0     0     0     0
 20210724   05:54:15      0     0     0     0     0     0     0
 20210724   05:54:16      0     0    29     0     0     0     0
 20210724   05:54:18      0  5195   444    15     9     0     0
 20210724   05:54:19      0  3612   469     3     0     0     0
 20210724   05:54:20      0  6350   307     0     0     0     0
 20210724   05:54:21      0     0     0    10     7     0     0
 20210724   05:54:22      0     0     0     0     0     0     0
 20210724   05:54:23      0     0     0     0     0     0     0
 20210724   05:54:24      0  3698   431     0     0     0     0
 20210724   05:54:25      0     0     0     5     3     0     0
 20210724   05:54:26      0     0     0     0     0     0     0
 20210724   05:54:27      0     0     0    15     9     0     0
 20210724   05:54:28      0     0     0     0     0     0     0
 20210724   05:54:30      0     0     0     0     0     0     0
 20210724   05:54:31      0     0     0     0     0     0     0
#Date       Time        gpu rxpci txpci    sm   mem   enc   dec
#YYYYMMDD   HH:MM:SS    Idx  MB/s  MB/s     %     %     %     %
 20210724   05:54:32      0  3595   104     0     0     0     0
 20210724   05:54:33      0     0     0     0     0     0     0
 20210724   05:54:34      0     0     0     0     0     0     0
 20210724   05:54:35      0     0     0     0     0     0     0
 20210724   05:54:36      0     0     0     0     0     0     0
 20210724   05:54:37      0     0     0    35    25     0     0
 20210724   05:54:38      0  2548     9     0     0     0     0
 20210724   05:54:39      0     0     0     0     0     0     0
 20210724   05:54:41      0     0     0     0     0     0     0
 20210724   05:54:42      0     0     0     0     0     0     0
 20210724   05:54:43      0     0     0     0     0     0     0
 20210724   05:54:44      0  3405   387    62    28     0     0
 20210724   05:54:45      0     0     0     0     0     0     0
 20210724   05:54:46      0     0     0     0     0     0     0
 20210724   05:54:47      0     0     0     0     0     0     0
 20210724   05:54:48      0     0   446     0     0     0     0
 20210724   05:54:49      0  3599   391    50    28     0     0
 20210724   05:54:50      0  1784     0    31    21     0     0
 20210724   05:54:51      0     9     0     5     1     0     0
 20210724   05:54:52      0     0     0     0     0     0     0
 20210724   05:54:54      0     0     0     0     0     0     0
 20210724   05:54:55      0     0     0     0     0     0     0
 20210724   05:54:56      0  1716     0     0     0     0     0
 20210724   05:54:57      0     0     0     0     0     0     0
 20210724   05:54:58      0  2475   630     0     0     0     0
 20210724   05:54:59      0     0     0    13     9     0     0
 20210724   05:55:00      0     0     0     0     0     0     0
 20210724   05:55:01      0     0     0     0     0     0     0
 20210724   05:55:02      0  3412   387    59    28     0     0
 20210724   05:55:03      0     0     0     0     0     0     0
 20210724   05:55:05      0     0     0     0     0     0     0
 20210724   05:55:06      0     0     0     0     0     0     0
 20210724   05:55:07      0     0     0     0     0     0     0
 20210724   05:55:08      0  2749   516     0     0     0     0
 20210724   05:55:09      0     0     0     0     0     0     0
 20210724   05:55:10      0     0     0    43    27     0     0
 20210724   05:55:11      0     0     0     0     0     0     0
 20210724   05:55:12      0  3554   241    41    28     0     0
 20210724   05:55:13      0     0     0     0     0     0     0
 20210724   05:55:15      0  1873     0    18    11     0     0
 20210724   05:55:16      0     0     0     0     0     0     0
 20210724   05:55:17      0     0     0     0     0     0     0
 20210724   05:55:18      0  3398   386    67    28     0     0
 20210724   05:55:19      0     0     0     0     0     0     0
#Date       Time        gpu rxpci txpci    sm   mem   enc   dec
#YYYYMMDD   HH:MM:SS    Idx  MB/s  MB/s     %     %     %     %
 20210724   05:55:20      0     0     0     0     0     0     0
 20210724   05:55:21      0     0     0     0     0     0     0
 20210724   05:55:23      0     0     0     0     0     0     0
 20210724   05:55:24      0     2     0    33    25     0     0
 20210724   05:55:25      0     0     0     0     0     0     0
 20210724   05:55:26      0     0     0     0     0     0     0
 20210724   05:55:27      0     0     0     0     0     0     0
 20210724   05:55:28      0     0     0     0     0     0     0
 20210724   05:55:29      0     0     0     0     0     0     0
 20210724   05:55:30      0     0     0     0     0     0     0
 20210724   05:55:31      0  3402   387   100    24     0     0
 20210724   05:55:32      0     0     0    16     0     0     0
 20210724   05:55:34      0     0     0    20    14     0     0
 20210724   05:55:35      0     0     0     0     0     0     0
 20210724   05:55:36      0  3417   386     0     0     0     0
 20210724   05:55:37      0     0     0    72    28     0     0
 20210724   05:55:38      0     0     0    31     4     0     0
 20210724   05:55:39      0     0     0     0     0     0     0
 20210724   05:55:40      0     0     0     0     0     0     0
 20210724   05:55:41      0     0     0     0     0     0     0
 20210724   05:55:42      0     0     0     0     0     0     0
 20210724   05:55:43      0     0     0     0     0     0     0
 20210724   05:55:44      0     0     0     0     0     0     0
 20210724   05:55:46      0     0     0     0     0     0     0
 20210724   05:55:47      0     0     0     0     0     0     0
 20210724   05:55:48      0  3489   447    20    12     0     0
 20210724   05:55:49      0  4096   498     0     0     0     0
 20210724   05:55:50      0     0     0     0     0     0     0
 20210724   05:55:51      0     0     0     0     0     0     0
 20210724   05:55:52      0     0   655     0     0     0     0
 20210724   05:55:53      0  5241   446     0     0     0     0
 20210724   05:55:54      0  5111   255    25    15     0     0
 20210724   05:55:55      0     0     0    38    25     0     0
 20210724   05:55:56      0     0     0     0     0     0     0
 20210724   05:55:58      0     0     0     0     0     0     0
 20210724   05:55:59      0  5689   451    12     6     0     0
 20210724   05:56:00      0     0     0    42    28     0     0
 20210724   05:56:01      0     0     0     0     0     0     0
 20210724   05:56:02      0     0     0    42    28     0     0
 20210724   05:56:03      0     0     0     0     0     0     0
 20210724   05:56:04      0     0     0     0     0     0     0
 20210724   05:56:05      0     0     0     0     0     0     0
 20210724   05:56:06      0     2     0    42    28     0     0
 20210724   05:56:07      0     0     0     0     0     0     0
#Date       Time        gpu rxpci txpci    sm   mem   enc   dec
#YYYYMMDD   HH:MM:SS    Idx  MB/s  MB/s     %     %     %     %
 20210724   05:56:08      0     0     0     0     0     0     0
 20210724   05:56:09      0     0     0     0     0     0     0
 20210724   05:56:11      0     0     0     0     0     0     0
 20210724   05:56:12      0     0     0     7     4     0     0
 20210724   05:56:13      0    25     1     0     0     0     0
 20210724   05:56:14      0     0     0     0     0     0     0
 20210724   05:56:15      0     0     0     0     0     0     0
 20210724   05:56:16      0     0     0     0     0     0     0
 20210724   05:56:17      0     0     0     0     0     0     0
 20210724   05:56:18      0  3221   365    89    31     0     0
 20210724   05:56:19      0     0     0    35     0     0     0
 20210724   05:56:20      0     0     0     0     0     0     0
 20210724   05:56:22      0     0     0     0     0     0     0
 20210724   05:56:23      0     0     0    37     0     0     0
 20210724   05:56:24      0     0     0     0     0     0     0
 20210724   05:56:25      0     0     0     0     0     0     0
 20210724   05:56:26      0     0     0     0     0     0     0
 20210724   05:56:27      0    24     1     0     0     0     0
 20210724   05:56:28      0     0     0     0     0     0     0
 20210724   05:56:29      0     0     0     0     0     0     0
 20210724   05:56:31      0     0     0     0     0     0     0
 20210724   05:56:32      0     0     0     0     0     0     0
 20210724   05:56:33      0     0     0     0     0     0     0
 20210724   05:56:34      0  3422   386    32    21     0     0
 20210724   05:56:35      0     0     0     0     0     0     0
 20210724   05:56:36      0     0     0     0     0     0     0
 20210724   05:56:37      0     0     0     0     0     0     0
 20210724   05:56:38      0  3722   389     0     0     0     0
 20210724   05:56:39      0     0     0    27    17     0     0
 20210724   05:56:40      0   265     0    48    18     0     0
 20210724   05:56:41      0     0     0    38    25     0     0
 20210724   05:56:43      0     0     0     0     0     0     0
 20210724   05:56:44      0     0     0     0     0     0     0
 20210724   05:56:45      0     0     0     0     0     0     0
 20210724   05:56:46      0     0     0     0     0     0     0
 20210724   05:56:47      0     0     0     0     0     0     0
 20210724   05:56:48      0     0     0    39    28     0     0
 20210724   05:56:49      0     0     0     0     0     0     0
 20210724   05:56:50      0  5705   439     0     0     0     0
 20210724   05:56:51      0     0   755     0     0     0     0
 20210724   05:56:52      0     0     0    18     0     0     0
 20210724   05:56:54      0     0     0     0     0     0     0
 20210724   05:56:55      0     0     0     0     0     0     0
 20210724   05:56:56      0     0   311     0     0     0     0
#Date       Time        gpu rxpci txpci    sm   mem   enc   dec
#YYYYMMDD   HH:MM:SS    Idx  MB/s  MB/s     %     %     %     %
 20210724   05:56:57      0  4713   399     0     0     0     0
 20210724   05:56:58      0     0     0    37    25     0     0
 20210724   05:56:59      0     0     0     0     0     0     0
 20210724   05:57:00      0     0     0     0     0     0     0
 20210724   05:57:01      0     0     0     0     0     0     0
 20210724   05:57:02      0     0     0    20    15     0     0
 20210724   05:57:03      0     0     0     0     0     0     0
 20210724   05:57:04      0     0     0    40    28     0     0
 20210724   05:57:06      0     0     0     0     0     0     0
 20210724   05:57:07      0     0     0     0     0     0     0
 20210724   05:57:08      0  3395   386    48    28     0     0
 20210724   05:57:09      0     0     0    42    28     0     0
 20210724   05:57:10      0     0     0     0     0     0     0
 20210724   05:57:11      0     0     0     0     0     0     0
 20210724   05:57:12      0     0     0     0     0     0     0
 20210724   05:57:13      0     0     0     0     0     0     0
 20210724   05:57:14      0     0     0     0     0     0     0
 20210724   05:57:15      0     0     0     4     1     0     0
 20210724   05:57:17      0     0     0     0     0     0     0
 20210724   05:57:18      0  3781   458     2     0     0     0
 20210724   05:57:19      0     0     0     0     0     0     0
 20210724   05:57:20      0     0   534     0     0     0     0
 20210724   05:57:21      0     0     0   100     0     0     0
 20210724   05:57:22      0     0     0     0     0     0     0
 20210724   05:57:23      0     0     0     0     0     0     0
 20210724   05:57:24      0  5258   508     0     0     0     0
 20210724   05:57:25      0     0     0    63    10     0     0
 20210724   05:57:26      0     0     0     0     0     0     0
 20210724   05:57:27      0     0     0     0     0     0     0
 20210724   05:57:29      0     0     0     0     0     0     0
 20210724   05:57:30      0  3233   160     0     0     0     0
 20210724   05:57:31      0     0     0     0     0     0     0
 20210724   05:57:32      0     0     0     0     0     0     0
 20210724   05:57:33      0     0     0     0     0     0     0
 20210724   05:57:34      0     2     0     0     0     0     0
 20210724   05:57:35      0     0     0     0     0     0     0
 20210724   05:57:36      0     0     0     0     0     0     0
 20210724   05:57:37      0     0     0     0     0     0     0
 20210724   05:57:39      0     0     0     0     0     0     0
 20210724   05:57:40      0     0     0     0     0     0     0
 20210724   05:57:41      0     0     0     0     0     0     0
 20210724   05:57:42      0     0     0     0     0     0     0
 20210724   05:57:43      0     0     0     0     0     0     0
 20210724   05:57:44      0     0     0     0     0     0     0
#Date       Time        gpu rxpci txpci    sm   mem   enc   dec
#YYYYMMDD   HH:MM:SS    Idx  MB/s  MB/s     %     %     %     %
 20210724   05:57:45      0     0     0     0     0     0     0
 20210724   05:57:46      0     0     0     0     0     0     0
 20210724   05:57:47      0     0     0     0     0     0     0
 20210724   05:57:48      0     0     0     0     0     0     0
 20210724   05:57:50      0     0     0     0     0     0     0
 20210724   05:57:51      0     0     0     0     0     0     0
 20210724   05:57:52      0     0     0     0     0     0     0
 20210724   05:57:53      0     0     0     0     0     0     0
 20210724   05:57:54      0     0     0     0     0     0     0
 20210724   05:57:55      0     0     0     0     0     0     0
 20210724   05:57:56      0     0     0     0     0     0     0
 20210724   05:57:57      0     0     0     0     0     0     0
 20210724   05:57:58      0     0     0     0     0     0     0
 20210724   05:57:59      0     0     0     0     0     0     0
 20210724   05:58:01      0     0     0     0     0     0     0
 20210724   05:58:02      0     0     0     0     0     0     0
