 0  0      0 59338596   2088 2331168    0    0    39    25  164  162  9  1 90  0  0 2021-07-24 05:51:24
 0  0      0 59338216   2088 2331172    0    0     0     5  488  835  0  0 100  0  0 2021-07-24 05:51:25
 0  0      0 59338216   2088 2331172    0    0     0     1  500  874  0  0 100  0  0 2021-07-24 05:51:26
 2  0      0 59338216   2088 2331172    0    0     0     0  481  848  0  0 100  0  0 2021-07-24 05:51:27
 0  0      0 59338216   2088 2331172    0    0     0     0  508  891  0  0 100  0  0 2021-07-24 05:51:28
 0  0      0 59338216   2088 2331172    0    0     0     0  823  853  0  0 100  0  0 2021-07-24 05:51:29
 0  0      0 59338216   2088 2331172    0    0     0     0  467  816  0  0 100  0  0 2021-07-24 05:51:30
 0  0      0 59338216   2088 2331172    0    0     0     0  484  860  0  0 100  0  0 2021-07-24 05:51:31
 0  0      0 59338216   2088 2331172    0    0     0     0  462  834  0  0 100  0  0 2021-07-24 05:51:32
 0  0      0 59337360   2088 2331176    0    0     0     0  799 1150  0  0 100  0  0 2021-07-24 05:51:33
 0  0      0 59337360   2088 2331176    0    0     0     0  520  924  0  0 100  0  0 2021-07-24 05:51:34
 0  0      0 59337340   2088 2331180    0    0     0     0  503  895  0  0 100  0  0 2021-07-24 05:51:35
 0  0      0 59337340   2088 2331180    0    0     0     0  499  885  0  0 100  0  0 2021-07-24 05:51:36
 0  0      0 59337340   2088 2331180    0    0     0     0  460  818  0  0 100  0  0 2021-07-24 05:51:37
 0  0      0 59337340   2088 2331180    0    0     0     0  537  946  0  0 100  0  0 2021-07-24 05:51:38
 0  0      0 59337340   2088 2331180    0    0     0     0  493  887  0  0 100  0  0 2021-07-24 05:51:39
 0  0      0 59337340   2088 2331180    0    0     0     0  511  894  0  0 100  0  0 2021-07-24 05:51:40
 0  0      0 59337340   2088 2331180    0    0     0     0  623 1005  0  0 100  0  0 2021-07-24 05:51:41
 0  0      0 59337340   2088 2331180    0    0     0     0  494  888  0  0 100  0  0 2021-07-24 05:51:42
 0  0      0 59337340   2088 2331180    0    0     0     0  513  915  0  0 100  0  0 2021-07-24 05:51:43
 0  0      0 59337340   2088 2331180    0    0     0     0  501  886  0  0 100  0  0 2021-07-24 05:51:44
 0  0      0 59337340   2088 2331180    0    0     0     0  482  856  0  0 100  0  0 2021-07-24 05:51:45
 0  0      0 59337340   2088 2331180    0    0     0     0  842  894  0  0 100  0  0 2021-07-24 05:51:46
 0  0      0 59337340   2088 2331180    0    0     0     0  484  863  0  0 100  0  0 2021-07-24 05:51:47
 0  0      0 59337340   2088 2331180    0    0     0   240  554  930  0  0 100  0  0 2021-07-24 05:51:48
 0  0      0 59337372   2088 2331180    0    0     0     0  514  898  0  0 100  0  0 2021-07-24 05:51:49
 0  0      0 59337372   2088 2331180    0    0     0     0  621 1024  0  0 100  0  0 2021-07-24 05:51:50
 0  0      0 59337372   2088 2331180    0    0     0     0  505  907  0  0 100  0  0 2021-07-24 05:51:51
 0  0      0 59337372   2088 2331180    0    0     0     0  504  894  0  0 100  0  0 2021-07-24 05:51:52
 0  0      0 59337372   2088 2331180    0    0     0     0  503  891  0  0 100  0  0 2021-07-24 05:51:53
 0  0      0 59337372   2088 2331180    0    0     0     0  524  925  0  0 100  0  0 2021-07-24 05:51:54
 0  0      0 59337372   2088 2331180    0    0     0     0  846  907  0  0 100  0  0 2021-07-24 05:51:55
 0  0      0 59337372   2088 2331180    0    0     0    61  520  926  0  0 100  0  0 2021-07-24 05:51:56
 0  0      0 59337372   2088 2331180    0    0     0     0  475  855  0  0 100  0  0 2021-07-24 05:51:57
 0  0      0 59337372   2088 2331180    0    0     0     0  521  923  0  0 100  0  0 2021-07-24 05:51:58
 0  0      0 59337372   2088 2331180    0    0     0     4  581  995  0  0 100  0  0 2021-07-24 05:51:59
 0  0      0 59337372   2088 2331184    0    0     0     0  504  892  0  0 100  0  0 2021-07-24 05:52:00
 0  0      0 59337372   2088 2331184    0    0     0     0  490  879  0  0 100  0  0 2021-07-24 05:52:01
 0  0      0 59337372   2088 2331184    0    0     0     0  878  954  0  0 100  0  0 2021-07-24 05:52:02
 0  0      0 59337372   2088 2331184    0    0     0     0  502  884  0  0 100  0  0 2021-07-24 05:52:03
 0  0      0 59337372   2088 2331184    0    0     0     8  469  850  0  0 100  0  0 2021-07-24 05:52:04
 0  0      0 59337372   2088 2331184    0    0     0     0  494  880  0  0 100  0  0 2021-07-24 05:52:05
 0  0      0 59337372   2088 2331184    0    0     0     0  521  925  0  0 100  0  0 2021-07-24 05:52:06
 0  0      0 59337372   2088 2331184    0    0     0     0  507  888  0  0 100  0  0 2021-07-24 05:52:07
 0  0      0 59337372   2088 2331184    0    0     0     0  520  916  0  0 100  0  0 2021-07-24 05:52:08
 0  0      0 59337372   2088 2331184    0    0     0     0  490  873  0  0 100  0  0 2021-07-24 05:52:09
 0  0      0 59337372   2088 2331188    0    0     0     0  526  934  0  0 100  0  0 2021-07-24 05:52:10
 0  0      0 59337372   2088 2331188    0    0     0     0  513  911  0  0 100  0  0 2021-07-24 05:52:11
 1  0      0 59303876   2088 2331188    0    0     0     0  870 1226  3  0 97  0  0 2021-07-24 05:52:12
 1  0      0 59178332   2088 2331196    0    0     0     0 3284 1403 20 13 67  0  0 2021-07-24 05:52:13
 1  0      0 58818836   2088 2341452    0    0     0     0 1724 1694  8  3 89  0  0 2021-07-24 05:52:14
 1  0      0 58115824   2088 2341452    0    0     0     0  773  940  8  4 87  0  0 2021-07-24 05:52:15
 1  0      0 57408852   2088 2341452    0    0     0     0  783  948  8  4 87  0  0 2021-07-24 05:52:16
 1  0      0 56801216   2088 2341452    0    0     0     0  805  946  9  4 87  0  0 2021-07-24 05:52:17
 1  0      0 56592480   2088 2381156    0    0     0     0 6028 2440 14  3 83  0  0 2021-07-24 05:52:18
 1  0      0 56549860   2088 2381188    0    0     0     0 1502 1581 17  1 82  0  0 2021-07-24 05:52:19
 4  0      0 56398364   2088 2461624    0    0     0     0 2230 2131 21  2 77  0  0 2021-07-24 05:52:20
 1  0      0 56384800   2088 2537064    0    0     0     0 1884 1766 20  1 79  0  0 2021-07-24 05:52:21
 1  0      0 56395220   2088 2537064    0    0     0     0 1895 1853 19  1 80  0  0 2021-07-24 05:52:22
 1  0      0 56395792   2088 2537064    0    0     0     0 2670 2471 27  2 71  0  0 2021-07-24 05:52:23
 2  0      0 56395424   2088 2537064    0    0     0     0 2415 2025 24  4 72  0  0 2021-07-24 05:52:24
 4  0      0 56321080   2088 2537068    0    0     0     0 2039 1970 22  2 77  0  0 2021-07-24 05:52:25
 2  0      0 56380480   2088 2537068    0    0     0     0 2403 2078 23  4 72  0  0 2021-07-24 05:52:26
 1  0      0 56380484   2088 2537080    0    0     0    77 2345 2222 24  1 75  0  0 2021-07-24 05:52:27
 1  0      0 56380616   2088 2537080    0    0     0     0 2415 2212 25  2 73  0  0 2021-07-24 05:52:28
 1  0      0 56366608   2088 2537080    0    0     0     0 2062 1898 23  2 75  0  0 2021-07-24 05:52:29
 4  0      0 56366116   2088 2537080    0    0     0     0 2636 2397 26  1 72  0  0 2021-07-24 05:52:30
 1  0      0 56365624   2088 2537080    0    0     0     0 2334 2259 24  1 75  0  0 2021-07-24 05:52:31
 1  0      0 56346032   2088 2537080    0    0     0     0 2112 2027 23  1 76  0  0 2021-07-24 05:52:32
 1  0      0 56329168   2088 2537088    0    0     0     0 2015 1939 22  1 76  0  0 2021-07-24 05:52:33
 1  0      0 56345908   2088 2537088    0    0     0     0 2083 1787 17  1 82  0  0 2021-07-24 05:52:34
 4  0      0 56345288   2088 2537092    0    0     0    12 1762 1748 18  1 80  0  0 2021-07-24 05:52:35
 4  0      0 56344800   2088 2537092    0    0     0     0 2346 2228 24  2 75  0  0 2021-07-24 05:52:36
 4  0      0 56306720   2088 2537092    0    0     0     0 1314 1395 17  0 83  0  0 2021-07-24 05:52:37
 2  0      0 56393908   2088 2537092    0    0     0     0 2545 2311 27  2 72  0  0 2021-07-24 05:52:38
 1  0      0 56392548   2088 2537092    0    0     0     0 2477 2109 24  4 72  0  0 2021-07-24 05:52:39
 4  0      0 56392308   2088 2537092    0    0     0    32 2482 2218 26  2 72  0  0 2021-07-24 05:52:40
 4  0      0 56376808   2088 2537092    0    0     0     0 2172 2072 22  1 76  0  0 2021-07-24 05:52:41
 1  0      0 56376692   2088 2537100    0    0     0     0 2355 2135 25  2 73  0  0 2021-07-24 05:52:42
 1  0      0 56376696   2088 2537100    0    0     0     0 2472 2291 27  1 72  0  0 2021-07-24 05:52:43
 1  0      0 56373600   2088 2537100    0    0     0     0 2222 2048 22  2 76  0  0 2021-07-24 05:52:44
 4  0      0 56394188   2088 2537100    0    0     0     0 2151 1973 22  2 76  0  0 2021-07-24 05:52:45
 1  0      0 56394072   2088 2537100    0    0     0     0 2516 2353 24  2 74  0  0 2021-07-24 05:52:46
 4  0      0 56345464   2088 2537100    0    0     0     0 2127 1992 23  1 76  0  0 2021-07-24 05:52:47
 4  0      0 56345092   2088 2537108    0    0     0     0 2466 2319 24  2 74  0  0 2021-07-24 05:52:48
 1  0      0 56373312   2088 2537108    0    0     0     0 1786 1773 19  1 79  0  0 2021-07-24 05:52:49
 4  0      0 56345712   2088 2537108    0    0     0     0 1786 1832 20  0 80  0  0 2021-07-24 05:52:50
 1  0      0 56344188   2088 2537108    0    0     0     0 2280 1940 19  2 79  0  0 2021-07-24 05:52:51
 1  0      0 56344440   2088 2537108    0    0     0     0 2218 2067 24  1 75  0  0 2021-07-24 05:52:52
 1  0      0 56390324   2088 2537108    0    0     0     0 1800 1740 19  2 80  0  0 2021-07-24 05:52:53
 4  0      0 56390080   2088 2537108    0    0     0     0 2537 2367 26  1 73  0  0 2021-07-24 05:52:54
 1  0      0 56388844   2088 2537108    0    0     0     4 2458 2161 25  4 72  0  0 2021-07-24 05:52:55
 1  0      0 56388848   2088 2537116    0    0     0     0 2109 1946 22  2 76  0  0 2021-07-24 05:52:56
 2  0      0 56356984   2088 2537116    0    0     0     0 2573 2195 24  3 73  0  0 2021-07-24 05:52:57
 1  0      0 56356620   2088 2537116    0    0     0    43 2469 2166 24  2 74  0  0 2021-07-24 05:52:58
 4  0      0 56356252   2088 2537116    0    0     0     0 2543 2102 27  2 71  0  0 2021-07-24 05:52:59
 4  0      0 56389124   2088 2537116    0    0     0    44 2099 1933 20  2 78  0  0 2021-07-24 05:53:00
 1  0      0 56378584   2088 2537116    0    0     0     0 2651 2360 24  2 74  0  0 2021-07-24 05:53:01
 1  0      0 56361968   2088 2537116    0    0     0     0 2492 2265 25  1 74  0  0 2021-07-24 05:53:02
 4  0      0 56339648   2088 2537124    0    0     0     0 2218 2062 23  1 76  0  0 2021-07-24 05:53:03
 1  0      0 56317204   2088 2537124    0    0     0     0 2084 1970 21  1 78  0  0 2021-07-24 05:53:04
 1  0      0 56312368   2088 2537124    0    0     0     0 1844 1776 18  1 80  0  0 2021-07-24 05:53:05
 2  0      0 56350932   2088 2537124    0    0     0     0 1792 1711 19  1 79  0  0 2021-07-24 05:53:06
 1  0      0 56351436   2088 2537124    0    0     0     0 2819 2209 25  1 73  0  0 2021-07-24 05:53:07
 2  0      0 56306052   2088 2537124    0    0     0     0 1419 1535 17  0 83  0  0 2021-07-24 05:53:08
 4  0      0 56356028   2088 2537124    0    0     0     0 2371 2227 24  1 75  0  0 2021-07-24 05:53:09
 2  0      0 56355532   2088 2537124    0    0     0     4 2419 2175 22  4 74  0  0 2021-07-24 05:53:10
 4  0      0 56355420   2088 2537136    0    0     0     0 2503 2250 25  3 72  0  0 2021-07-24 05:53:11
 1  0      0 56355424   2088 2537136    0    0     0     0 2300 2158 25  1 74  0  0 2021-07-24 05:53:12
 1  0      0 56355304   2088 2537136    0    0     0     0 2344 2140 24  2 74  0  0 2021-07-24 05:53:13
 1  0      0 56355556   2088 2537136    0    0     0     0 2382 2257 25  1 74  0  0 2021-07-24 05:53:14
 1  0      0 56355312   2088 2537136    0    0     0     0 2303 2075 25  2 73  0  0 2021-07-24 05:53:15
 1  0      0 56389788   2088 2537136    0    0     0     0 2196 2018 23  2 74  0  0 2021-07-24 05:53:16
 4  0      0 56375164   2088 2537144    0    0     0     0 2417 2263 23  2 75  0  0 2021-07-24 05:53:17
 4  0      0 56358052   2088 2537144    0    0     0     0 2161 2060 23  2 75  0  0 2021-07-24 05:53:18
 4  0      0 56357304   2088 2537144    0    0     0     0 2427 2313 23  2 74  0  0 2021-07-24 05:53:19
 1  0      0 56352220   2088 2537144    0    0     0     0 1789 1730 21  1 78  0  0 2021-07-24 05:53:20
 4  0      0 56355200   2088 2537144    0    0     0     4 1652 1652 18  1 82  0  0 2021-07-24 05:53:21
 1  0      0 56354952   2088 2537144    0    0     0     0 2037 1891 22  1 77  0  0 2021-07-24 05:53:22
 1  0      0 56354464   2088 2537144    0    0     0     0 2762 2151 25  1 74  0  0 2021-07-24 05:53:23
 1  0      0 56387076   2088 2537144    0    0     0     0 1854 1678 20  2 79  0  0 2021-07-24 05:53:24
 1  0      0 56357448   2088 2537144    0    0     0     0 2721 2320 28  1 70  0  0 2021-07-24 05:53:25
 4  0      0 56357452   2088 2537152    0    0     0     0 2538 2151 25  3 72  0  0 2021-07-24 05:53:26
 1  0      0 56357208   2088 2537152    0    0     0     0 2344 2046 23  3 74  0  0 2021-07-24 05:53:27
 2  0      0 56355520   2088 2537152    0    0     0    18 2432 2186 24  2 74  0  0 2021-07-24 05:53:28
 2  0      0 56355728   2088 2537152    0    0     0     0 2325 1992 23  2 75  0  0 2021-07-24 05:53:29
 1  0      0 56355612   2088 2537152    0    0     0     0 2496 2225 23  2 75  0  0 2021-07-24 05:53:30
 1  0      0 56331060   2088 2537152    0    0     0     0 2048 1877 20  2 78  0  0 2021-07-24 05:53:31
 1  0      0 56390096   2088 2537160    0    0     0     0 2615 2267 25  2 73  0  0 2021-07-24 05:53:32
 1  0      0 56358476   2088 2537168    0    0     0     0 2482 2241 25  1 74  0  0 2021-07-24 05:53:33
 1  0      0 56340744   2088 2537168    0    0     0     0 2287 2120 24  1 75  0  0 2021-07-24 05:53:34
 1  0      0 56340868   2088 2537168    0    0     0     0 2454 2138 26  1 72  0  0 2021-07-24 05:53:35
 1  0      0 56358352   2088 2537168    0    0     0    44 1881 1737 20  1 79  0  0 2021-07-24 05:53:36
 4  0      0 56355376   2088 2537168    0    0     0     0 1673 1662 19  1 81  0  0 2021-07-24 05:53:37
 1  0      0 56359684   2088 2537168    0    0     0     0 2351 2165 20  2 77  0  0 2021-07-24 05:53:38
 1  0      0 56337496   2088 2537168    0    0     0     0 1959 1639 18  0 82  0  0 2021-07-24 05:53:39
 4  0      0 56354612   2088 2537176    0    0     0     0 2399 2090 25  1 74  0  0 2021-07-24 05:53:40
 2  0      0 56353748   2088 2537176    0    0     0     8 2593 2219 24  4 73  0  0 2021-07-24 05:53:41
 1  0      0 56353384   2088 2537176    0    0     0     0 2535 2100 24  4 72  0  0 2021-07-24 05:53:42
 1  0      0 56353384   2088 2537176    0    0     0     0 2296 2075 23  1 75  0  0 2021-07-24 05:53:43
 1  0      0 56353384   2088 2537180    0    0     0     0 2480 2095 26  2 72  0  0 2021-07-24 05:53:44
 1  0      0 56353396   2088 2537180    0    0     0     0 2517 2292 24  1 74  0  0 2021-07-24 05:53:45
 1  0      0 56351496   2088 2537188    0    0     0     0 2560 2250 25  2 74  0  0 2021-07-24 05:53:46
 4  0      0 56384176   2088 2537196    0    0     0     0 2082 1899 21  2 77  0  0 2021-07-24 05:53:47
 4  0      0 56370496   2088 2537200    0    0     0     0 2796 2438 25  2 73  0  0 2021-07-24 05:53:48
 1  0      0 56337388   2088 2537200    0    0     0     0 2283 2091 23  1 75  0  0 2021-07-24 05:53:49
 4  0      0 56336964   2088 2537200    0    0     0     0 2608 2245 27  2 72  0  0 2021-07-24 05:53:50
 4  0      0 56355120   2088 2537200    0    0     0     0 1766 1765 19  1 80  0  0 2021-07-24 05:53:51
 1  0      0 56357940   2088 2537200    0    0     0     0 1875 1836 17  2 81  0  0 2021-07-24 05:53:52
 1  0      0 56325852   2088 2537220    0    0     0     0 2330 2049 22  2 76  0  0 2021-07-24 05:53:53
 1  0      0 56325684   2088 2537220    0    0     0     0 2242 2017 23  2 75  0  0 2021-07-24 05:53:54
 2  0      0 56380020   2088 2537236    0    0     0     0 2014 1686 18  1 80  0  0 2021-07-24 05:53:55
 4  0      0 56348780   2088 2537236    0    0     0    16 2627 2315 25  2 73  0  0 2021-07-24 05:53:56
 1  0      0 56348784   2088 2537236    0    0     0     0 2437 2079 24  4 73  0  0 2021-07-24 05:53:57
 1  0      0 56348416   2088 2537236    0    0     0     0 2635 2272 25  2 72  0  0 2021-07-24 05:53:58
 1  0      0 56348912   2088 2537236    0    0     0     6 2274 2057 24  1 75  0  0 2021-07-24 05:53:59
 4  0      0 56348796   2088 2537236    0    0     0     0 2511 2152 26  1 72  0  0 2021-07-24 05:54:00
 2  0      0 56350052   2088 2537236    0    0     0     0 2775 2362 27  2 72  0  0 2021-07-24 05:54:01
 2  0      0 56349936   2088 2537244    0    0     0     0 2356 2059 24  2 74  0  0 2021-07-24 05:54:02
 4  0      0 56334812   2088 2537244    0    0     0     0 2168 2018 21  2 77  0  0 2021-07-24 05:54:03
 1  0      0 56373632   2088 2537244    0    0     0     0 2507 2198 24  1 74  0  0 2021-07-24 05:54:04
 2  0      0 56338244   2088 2537244    0    0     0     0 2467 2142 23  2 75  0  0 2021-07-24 05:54:05
 1  0      0 56339160   2088 2537248    0    0     0    19 2756 2443 25  1 74  0  0 2021-07-24 05:54:06
 1  0      0 56350944   2088 2537252    0    0     0     4 2003 1851 21  1 77  0  0 2021-07-24 05:54:07
 4  0      0 56343752   2088 2537252    0    0     0     0 1638 1665 18  0 82  0  0 2021-07-24 05:54:08
 4  0      0 56343012   2088 2537260    0    0     0     0 1935 1858 20  1 79  0  0 2021-07-24 05:54:09
 1  0      0 56343016   2088 2537260    0    0     0     0 2305 2039 24  1 75  0  0 2021-07-24 05:54:10
 1  0      0 56379956   2088 2537260    0    0     0     0 2364 1782 20  2 78  0  0 2021-07-24 05:54:11
 1  0      0 56347528   2088 2537260    0    0     0   320 2581 2360 23  2 75  0  0 2021-07-24 05:54:12
 4  0      0 56349068   2088 2537264    0    0     0     0 2787 2304 24  4 72  0  0 2021-07-24 05:54:13
 1  0      0 56349072   2088 2537268    0    0     0     0 2223 2052 21  2 76  0  0 2021-07-24 05:54:14
 2  0      0 56349076   2088 2537268    0    0     0     0 2511 2245 24  2 74  0  0 2021-07-24 05:54:15
 1  0      0 56347844   2088 2537268    0    0     0     0 2367 2080 21  4 76  0  0 2021-07-24 05:54:16
 4  0      0 56346980   2088 2537276    0    0     0     0 2421 2089 24  3 74  0  0 2021-07-24 05:54:17
 1  0      0 56338920   2088 2537276    0    0     0     0 2111 1958 21  2 77  0  0 2021-07-24 05:54:18
 1  0      0 56381588   2088 2537276    0    0     0     0 2623 2376 24  2 74  0  0 2021-07-24 05:54:19
 1  0      0 56350712   2088 2537276    0    0     0     0 2316 2160 23  1 76  0  0 2021-07-24 05:54:20
 4  0      0 56332480   2088 2537276    0    0     0     0 2247 2032 23  1 75  0  0 2021-07-24 05:54:21
 1  0      0 56332608   2088 2537276    0    0     0     4 2385 2205 24  1 75  0  0 2021-07-24 05:54:22
 1  0      0 56349964   2088 2537280    0    0     0     0 1777 1768 18  1 81  0  0 2021-07-24 05:54:23
 1  0      0 56324052   2088 2537288    0    0     0     0 1540 1520 18  1 81  0  0 2021-07-24 05:54:24
 4  0      0 56300372   2088 2537288    0    0     0     0 2316 2121 23  1 75  0  0 2021-07-24 05:54:25
 1  0      0 56323192   2088 2537288    0    0     0     0 1833 1737 20  1 80  0  0 2021-07-24 05:54:26
 4  0      0 56349856   2088 2537288    0    0     0     4 2452 1901 21  2 77  0  0 2021-07-24 05:54:27
 2  0      0 56349612   2088 2537288    0    0     0     0 2795 2401 26  3 71  0  0 2021-07-24 05:54:28
 2  0      0 56349740   2088 2537288    0    0     0     0 2413 1977 23  4 73  0  0 2021-07-24 05:54:29
 2  0      0 56350024   2088 2537288    0    0     0    46 2174 2068 22  1 78  0  0 2021-07-24 05:54:30
 1  0      0 56347176   2088 2537288    0    0     0     0 2521 2148 25  2 73  0  0 2021-07-24 05:54:31
 1  0      0 56346192   2088 2537300    0    0     0    12 2644 2367 26  2 72  0  0 2021-07-24 05:54:32
 1  0      0 56346072   2088 2537300    0    0     0     0 2407 2093 24  2 74  0  0 2021-07-24 05:54:33
 1  0      0 56357856   2088 2537300    0    0     0     0 2018 1833 21  2 77  0  0 2021-07-24 05:54:34
 4  0      0 56350300   2088 2537300    0    0     0     0 2736 2396 26  2 72  0  0 2021-07-24 05:54:35
 1  0      0 56341124   2088 2537300    0    0     0     0 2497 2242 26  1 73  0  0 2021-07-24 05:54:36
 4  0      0 56348440   2088 2537300    0    0     0     0 2255 2048 24  1 75  0  0 2021-07-24 05:54:37
 1  0      0 56379920   2088 2537300    0    0     0     0 1973 1865 21  1 78  0  0 2021-07-24 05:54:38
 1  0      0 56374976   2088 2537312    0    0     0     0 1934 1793 20  2 78  0  0 2021-07-24 05:54:39
 1  0      0 56322152   2088 2537312    0    0     0     0 1802 1738 19  1 79  0  0 2021-07-24 05:54:40
 1  0      0 56321788   2088 2537312    0    0     0     0 2460 2215 25  1 74  0  0 2021-07-24 05:54:41
 1  0      0 56380608   2088 2537312    0    0     0     0 1320 1391 16  0 84  0  0 2021-07-24 05:54:42
 2  0      0 56348824   2088 2537312    0    0     0     8 2962 2308 25  2 72  0  0 2021-07-24 05:54:43
 2  0      0 56348952   2088 2537312    0    0     0     0 2485 2054 25  4 72  0  0 2021-07-24 05:54:44
 4  0      0 56348836   2088 2537312    0    0     0     0 2583 2252 25  2 73  0  0 2021-07-24 05:54:45
 1  0      0 56343876   2088 2537312    0    0     0     0 2269 2176 22  1 77  0  0 2021-07-24 05:54:46
 1  0      0 56344132   2088 2537320    0    0     0     0 2395 2158 23  2 75  0  0 2021-07-24 05:54:47
 4  0      0 56344356   2088 2537320    0    0     0   184 2594 2302 27  1 72  0  0 2021-07-24 05:54:48
 1  0      0 56343988   2088 2537320    0    0     0     0 2323 2106 23  2 76  0  0 2021-07-24 05:54:49
 4  0      0 56355772   2088 2537320    0    0     0     0 2182 1978 22  2 76  0  0 2021-07-24 05:54:50
 1  0      0 56346604   2088 2537320    0    0     0     0 2584 2367 24  2 74  0  0 2021-07-24 05:54:51
 4  0      0 56344992   2088 2537320    0    0     0     0 2206 2068 22  1 77  0  0 2021-07-24 05:54:52
 1  0      0 56343640   2088 2537320    0    0     0     0 2729 2466 26  2 72  0  0 2021-07-24 05:54:53
 4  0      0 56328764   2088 2537328    0    0     0     0 1767 1765 19  1 80  0  0 2021-07-24 05:54:54
 1  0      0 56318596   2088 2537328    0    0     0     0 1587 1568 17  2 81  0  0 2021-07-24 05:54:55
 1  0      0 56317852   2088 2537328    0    0     0     0 2188 1997 23  1 76  0  0 2021-07-24 05:54:56
 1  0      0 56318108   2088 2537328    0    0     0     0 2211 2009 23  1 76  0  0 2021-07-24 05:54:57
 4  0      0 56369696   2088 2537328    0    0     0     0 1830 1733 19  2 80  0  0 2021-07-24 05:54:58
 4  0      0 56337332   2088 2537332    0    0     0     0 2944 2320 26  1 72  0  0 2021-07-24 05:54:59
 4  0      0 56337588   2088 2537332    0    0     0    53 2473 2099 25  3 72  0  0 2021-07-24 05:55:00
 1  0      0 56337220   2088 2537340    0    0     0     0 2419 2193 23  2 75  0  0 2021-07-24 05:55:01
 4  0      0 56335936   2088 2537340    0    0     0     0 2383 2099 23  2 76  0  0 2021-07-24 05:55:02
 1  0      0 56335944   2088 2537340    0    0     0     0 2396 2136 23  2 75  0  0 2021-07-24 05:55:03
 2  0      0 56336832   2088 2537344    0    0     0     0 2782 2292 25  3 73  0  0 2021-07-24 05:55:04
 4  0      0 56336712   2088 2537348    0    0     0     0 2297 2065 22  2 76  0  0 2021-07-24 05:55:05
 4  0      0 56350112   2088 2537348    0    0     0     0 2319 2119 22  2 76  0  0 2021-07-24 05:55:06
 4  0      0 56344484   2088 2537348    0    0     0     0 2331 2152 22  1 76  0  0 2021-07-24 05:55:07
 4  0      0 56339592   2088 2537348    0    0     0     0 2328 2126 22  2 76  0  0 2021-07-24 05:55:08
 4  0      0 56338976   2088 2537356    0    0     0     0 2714 2452 27  1 72  0  0 2021-07-24 05:55:09
 1  0      0 56325764   2088 2537360    0    0     0     0 2002 1877 18  2 80  0  0 2021-07-24 05:55:10
 1  0      0 56315844   2088 2537364    0    0     0     0 1550 1537 18  1 81  0  0 2021-07-24 05:55:11
 4  0      0 56315104   2088 2537364    0    0     0     0 2056 1897 22  1 77  0  0 2021-07-24 05:55:12
 4  0      0 56314984   2088 2537364    0    0     0     4 2106 1982 21  1 78  0  0 2021-07-24 05:55:13
 1  0      0 56358096   2088 2537364    0    0     0     0 2110 1881 21  2 78  0  0 2021-07-24 05:55:14
 5  0      0 56333100   2088 2537368    0    0     0    22 2791 2426 26  1 72  0  0 2021-07-24 05:55:15
 4  0      0 56309172   2088 2537376    0    0     0     0 2911 2182 25  3 72  0  0 2021-07-24 05:55:16
 1  0      0 56333232   2088 2537380    0    0     0     0 2022 1842 20  2 77  0  0 2021-07-24 05:55:17
 4  0      0 56333112   2088 2537380    0    0     0    24 2622 2273 25  3 72  0  0 2021-07-24 05:55:18
 1  0      0 56331212   2088 2537380    0    0     0     0 2510 2296 22  2 76  0  0 2021-07-24 05:55:19
 1  0      0 56332272   2088 2537384    0    0     0     0 2755 2278 26  2 71  0  0 2021-07-24 05:55:20
 1  0      0 56372780   2088 2537384    0    0     0     0 2135 1939 22  2 76  0  0 2021-07-24 05:55:21
 4  0      0 56334628   2088 2537384    0    0     0     0 2664 2363 24  2 73  0  0 2021-07-24 05:55:22
 4  0      0 56333760   2088 2537384    0    0     0    44 2501 2299 25  1 74  0  0 2021-07-24 05:55:23
 4  0      0 56335572   2088 2537396    0    0     0     0 2309 2056 23  1 76  0  0 2021-07-24 05:55:24
 1  0      0 56270848   2088 2537400    0    0     0     0 2069 1948 22  1 77  0  0 2021-07-24 05:55:25
 1  0      0 56272136   2088 2537400    0    0     0     0 2111 1899 20  1 79  0  0 2021-07-24 05:55:26
 2  0      0 56311568   2088 2537400    0    0     0     0 1808 1706 21  1 78  0  0 2021-07-24 05:55:27
 4  0      0 56311448   2088 2537400    0    0     0     0 1925 1669 20  3 77  0  0 2021-07-24 05:55:28
 4  0      0 56311328   2088 2537400    0    0     0     0 2139 1970 22  1 77  0  0 2021-07-24 05:55:29
 1  0      0 56356176   2088 2537404    0    0     0     0 2109 1896 21  2 77  0  0 2021-07-24 05:55:30
 1  0      0 56324496   2088 2537404    0    0     0    36 2691 2387 24  2 74  0  0 2021-07-24 05:55:31
 1  0      0 56324984   2088 2537416    0    0     0     0 2834 2174 24  3 73  0  0 2021-07-24 05:55:32
 1  0      0 56324988   2088 2537416    0    0     0     0 2045 1907 20  2 78  0  0 2021-07-24 05:55:33
 2  0      0 56325240   2088 2537416    0    0     0    12 2601 2242 25  3 72  0  0 2021-07-24 05:55:34
 1  0      0 56323464   2088 2537416    0    0     0     0 2496 2157 24  1 75  0  0 2021-07-24 05:55:35
 4  0      0 56322976   2088 2537424    0    0     0     0 2610 2253 26  2 72  0  0 2021-07-24 05:55:36
 1  0      0 56364612   2088 2537424    0    0     0     0 2236 2016 20  2 78  0  0 2021-07-24 05:55:37
 4  0      0 56339028   2088 2537436    0    0     0     0 2661 2360 24  2 74  0  0 2021-07-24 05:55:38
 1  0      0 56338132   2088 2537436    0    0     0   336 2656 2304 27  1 72  0  0 2021-07-24 05:55:39
 1  0      0 56331560   2088 2537436    0    0     0     0 2175 2036 22  2 77  0  0 2021-07-24 05:55:40
 1  0      0 56290968   2088 2537436    0    0     0    13 2224 2022 21  1 77  0  0 2021-07-24 05:55:41
 1  0      0 56258612   2088 2537440    0    0     0     0 2062 1885 18  2 80  0  0 2021-07-24 05:55:42
 2  0      0 56311600   2088 2537440    0    0     0     0 1740 1679 19  1 80  0  0 2021-07-24 05:55:43
 1  0      0 56311360   2088 2537440    0    0     0     0 2522 2176 25  1 73  0  0 2021-07-24 05:55:44
 1  0      0 56294496   2088 2537440    0    0     0     0 1544 1519 19  0 81  0  0 2021-07-24 05:55:45
 1  0      0 56325732   2088 2537448    0    0     0     0 2522 2193 24  2 75  0  0 2021-07-24 05:55:46
 2  0      0 56324188   2088 2537456    0    0     0     0 2655 2242 24  4 73  0  0 2021-07-24 05:55:47
 1  0      0 56326100   2088 2537460    0    0     0     0 3161 2328 25  3 72  0  0 2021-07-24 05:55:48
 1  0      0 56325612   2088 2537460    0    0     0    28 2633 2105 23  1 76  0  0 2021-07-24 05:55:49
 1  0      0 56325740   2088 2537460    0    0     0     0 2530 2191 26  2 72  0  0 2021-07-24 05:55:50
 4  0      0 56325744   2088 2537460    0    0     0     0 2491 2237 25  1 74  0  0 2021-07-24 05:55:51
 1  0      0 56324464   2088 2537460    0    0     0     0 2656 2255 25  2 73  0  0 2021-07-24 05:55:52
 4  0      0 56341876   2088 2537476    0    0     0     0 2294 2061 19  2 78  0  0 2021-07-24 05:55:53
 1  0      0 56333776   2088 2537476    0    0     0     0 2716 2533 24  2 75  0  0 2021-07-24 05:55:54
 1  0      0 56346928   2088 2537476    0    0     0     0 2240 2051 23  1 75  0  0 2021-07-24 05:55:55
 1  0      0 56331796   2088 2537476    0    0     0     0 2577 2320 25  2 73  0  0 2021-07-24 05:55:56
 4  0      0 56316920   2088 2537476    0    0     0     0 1742 1713 19  1 80  0  0 2021-07-24 05:55:57
 1  0      0 56338576   2088 2537480    0    0     0     0 1889 1742 18  1 80  0  0 2021-07-24 05:55:58
 1  0      0 56310600   2088 2537484    0    0     0     4 2289 2101 21  1 78  0  0 2021-07-24 05:55:59
 1  0      0 56310236   2088 2537488    0    0     0     0 2057 1935 20  1 78  0  0 2021-07-24 05:56:00
 1  0      0 56365912   2088 2537496    0    0     0     0 1823 1710 20  2 79  0  0 2021-07-24 05:56:01
 1  0      0 56321156   2088 2537496    0    0     0    18 2576 2342 25  2 73  0  0 2021-07-24 05:56:02
 1  0      0 56319132   2088 2537496    0    0     0    21 2656 2166 25  3 72  0  0 2021-07-24 05:56:03
 2  0      0 56320796   2088 2537504    0    0     0    44 3161 2453 25  2 73  0  0 2021-07-24 05:56:04
 4  0      0 56320800   2088 2537504    0    0     0     0 2192 2029 22  1 77  0  0 2021-07-24 05:56:05
 4  0      0 56320928   2088 2537504    0    0     0     0 2397 2145 24  2 74  0  0 2021-07-24 05:56:06
 2  0      0 56321056   2088 2537508    0    0     0     0 2555 2219 24  3 73  0  0 2021-07-24 05:56:07
 1  0      0 56320568   2088 2537516    0    0     0     0 2263 2082 22  2 76  0  0 2021-07-24 05:56:08
 2  0      0 56340364   2088 2537516    0    0     0     0 2632 2309 24  2 74  0  0 2021-07-24 05:56:09
 1  0      0 56332980   2088 2537516    0    0     0     8 2582 2368 22  1 77  0  0 2021-07-24 05:56:10
 4  0      0 56332604   2088 2537516    0    0     0     0 2566 2052 23  1 76  0  0 2021-07-24 05:56:11
 1  0      0 56332112   2088 2537520    0    0     0     0 2580 2368 25  1 74  0  0 2021-07-24 05:56:12
 1  0      0 56315000   2088 2537520    0    0     0     0 1889 1802 19  1 79  0  0 2021-07-24 05:56:13
 1  0      0 56307188   2088 2537524    0    0     0     0 1370 1423 16  1 83  0  0 2021-07-24 05:56:14
 1  0      0 56306696   2088 2537532    0    0     0   292 2249 2020 23  1 76  0  0 2021-07-24 05:56:15
 1  0      0 56306576   2088 2537532    0    0     0     0 2020 1895 20  1 79  0  0 2021-07-24 05:56:16
 1  0      0 56319596   2088 2537532    0    0     0     0 1970 1771 21  2 77  0  0 2021-07-24 05:56:17
 4  0      0 56318736   2088 2537532    0    0     0     9 2844 2504 28  1 71  0  0 2021-07-24 05:56:18
 2  0      0 56319980   2088 2537532    0    0     0     0 2703 2285 23  5 72  0  0 2021-07-24 05:56:19
 4  0      0 56319612   2088 2537532    0    0     0    32 2415 1968 21  1 78  0  0 2021-07-24 05:56:20
 1  0      0 56319612   2088 2537532    0    0     0     0 2461 2155 23  3 74  0  0 2021-07-24 05:56:21
 1  0      0 56319624   2088 2537532    0    0     0     0 2546 2301 25  1 74  0  0 2021-07-24 05:56:22
 4  0      0 56319500   2088 2537540    0    0     0     0 2402 2190 24  1 75  0  0 2021-07-24 05:56:23
 1  0      0 56339968   2088 2537540    0    0     0     0 2067 1844 21  2 77  0  0 2021-07-24 05:56:24
 1  0      0 56330176   2088 2537540    0    0     0     0 2635 2386 24  2 74  0  0 2021-07-24 05:56:25
 1  0      0 56325468   2088 2537540    0    0     0     0 2462 2281 24  1 74  0  0 2021-07-24 05:56:26
 1  0      0 56328072   2088 2537540    0    0     0     0 2138 2015 21  2 77  0  0 2021-07-24 05:56:27
 1  0      0 56359072   2088 2537540    0    0     0     0 1867 1886 19  1 80  0  0 2021-07-24 05:56:28
 1  0      0 56357708   2088 2537548    0    0     0     0 1886 1805 20  1 79  0  0 2021-07-24 05:56:29
 1  0      0 56302036   2088 2537548    0    0     0     4 1895 1791 20  2 78  0  0 2021-07-24 05:56:30
 1  0      0 56301788   2088 2537548    0    0     0     0 2381 2250 23  1 76  0  0 2021-07-24 05:56:31
 1  0      0 56245496   2088 2537548    0    0     0     0 1316 1398 16  1 83  0  0 2021-07-24 05:56:32
 1  0      0 56313436   2088 2537548    0    0     0   105 2576 2322 25  2 73  0  0 2021-07-24 05:56:33
 1  0      0 56321516   2088 2537548    0    0     0     0 2538 2128 24  3 73  0  0 2021-07-24 05:56:34
 4  0      0 56321148   2088 2537548    0    0     0     0 2579 2289 24  2 73  0  0 2021-07-24 05:56:35
 4  0      0 56321152   2088 2537548    0    0     0     0 2669 2194 23  1 76  0  0 2021-07-24 05:56:36
 1  0      0 56321036   2088 2537548    0    0     0     0 2377 2134 23  2 75  0  0 2021-07-24 05:56:37
 4  0      0 56321164   2088 2537556    0    0     0     0 2587 2337 26  1 73  0  0 2021-07-24 05:56:38
 1  0      0 56321168   2088 2537556    0    0     0     0 2329 2108 23  2 75  0  0 2021-07-24 05:56:39
 1  0      0 56338656   2088 2537556    0    0     0    48 2291 2021 23  2 75  0  0 2021-07-24 05:56:40
 3  0      0 56329976   2088 2537556    0    0     0     0 2646 2309 25  2 73  0  0 2021-07-24 05:56:41
 1  0      0 56328124   2088 2537556    0    0     0     0 2121 2038 20  2 79  0  0 2021-07-24 05:56:42
 1  0      0 56327132   2088 2537556    0    0     0     0 2615 2280 26  2 72  0  0 2021-07-24 05:56:43
 2  0      0 56303028   2088 2537560    0    0     0     0 1969 1740 20  2 78  0  0 2021-07-24 05:56:44
 1  0      0 56300552   2088 2537572    0    0     0     0 1649 1627 17  1 82  0  0 2021-07-24 05:56:45
 1  0      0 56299440   2088 2537572    0    0     0     0 2065 1898 21  1 77  0  0 2021-07-24 05:56:46
 4  0      0 56299692   2088 2537576    0    0     0     0 2310 2096 23  1 76  0  0 2021-07-24 05:56:47
 4  0      0 56357652   2088 2537576    0    0     0     6 2088 1864 19  2 79  0  0 2021-07-24 05:56:48
 1  0      0 56312644   2088 2537576    0    0     0     0 2631 2313 26  1 73  0  0 2021-07-24 05:56:49
 1  0      0 56312804   2088 2537576    0    0     0   140 2493 2098 24  3 73  0  0 2021-07-24 05:56:50
 1  0      0 56312932   2088 2537576    0    0     0     0 2416 2122 24  2 74  0  0 2021-07-24 05:56:51
 1  0      0 56312812   2088 2537588    0    0     0     0 2806 2222 24  2 74  0  0 2021-07-24 05:56:52
 2  0      0 56313436   2088 2537588    0    0     0     0 2435 2108 24  3 74  0  0 2021-07-24 05:56:53
 1  0      0 56312572   2088 2537588    0    0     0     0 2630 2344 24  2 74  0  0 2021-07-24 05:56:54
 1  0      0 56299132   2088 2537592    0    0     0     0 2212 2046 20  2 77  0  0 2021-07-24 05:56:55
 1  0      0 56337332   2088 2537592    0    0     0     8 2760 2370 26  2 72  0  0 2021-07-24 05:56:56
 4  0      0 56326916   2088 2537592    0    0     0     0 2381 2219 24  1 75  0  0 2021-07-24 05:56:57
 1  0      0 56326416   2088 2537592    0    0     0     0 2265 2054 24  1 75  0  0 2021-07-24 05:56:58
 1  0      0 56326544   2088 2537600    0    0     0     0 2384 2233 24  1 75  0  0 2021-07-24 05:56:59
 1  0      0 56305956   2088 2537600    0    0     0     0 1779 1770 17  2 81  0  0 2021-07-24 05:57:00
 1  0      0 56301248   2088 2537600    0    0     0     0 1497 1522 17  1 82  0  0 2021-07-24 05:57:01
 4  0      0 56300752   2088 2537600    0    0     0     0 2360 2091 24  1 74  0  0 2021-07-24 05:57:02
 1  0      0 56300512   2088 2537600    0    0     0    22 1824 1742 18  2 80  0  0 2021-07-24 05:57:03
 1  0      0 56313784   2088 2537600    0    0     0     0 2048 1856 20  2 78  0  0 2021-07-24 05:57:04
 2  0      0 56312796   2088 2537600    0    0     0     0 2720 2388 25  2 73  0  0 2021-07-24 05:57:05
 2  0      0 56312924   2088 2537600    0    0     0     0 2466 1963 24  5 71  0  0 2021-07-24 05:57:06
 2  0      0 56311928   2088 2537608    0    0     0     0 2218 2012 22  1 77  0  0 2021-07-24 05:57:07
 1  0      0 56312184   2088 2537608    0    0     0     0 2857 2248 24  2 74  0  0 2021-07-24 05:57:08
 4  0      0 56311692   2088 2537608    0    0     0     0 2618 2366 25  1 74  0  0 2021-07-24 05:57:09
 1  0      0 56312192   2088 2537608    0    0     0     0 2470 2171 25  2 73  0  0 2021-07-24 05:57:10
 1  0      0 56337740   2088 2537608    0    0     0     0 2076 1846 21  2 76  0  0 2021-07-24 05:57:11
 4  0      0 56328076   2088 2537608    0    0     0     0 2754 2440 25  2 74  0  0 2021-07-24 05:57:12
 1  0      0 56293232   2088 2537608    0    0     0     0 2427 2185 26  1 74  0  0 2021-07-24 05:57:13
 2  0      0 56326464   2088 2537616    0    0     0     0 2562 2245 27  1 72  0  0 2021-07-24 05:57:14
 1  0      0 56317164   2088 2537616    0    0     0     0 1859 1767 20  1 79  0  0 2021-07-24 05:57:15
 4  0      0 56332292   2088 2537616    0    0     0    56 1829 1756 19  1 80  0  0 2021-07-24 05:57:16
 1  0      0 56300800   2088 2537616    0    0     0     0 1931 1799 21  1 78  0  0 2021-07-24 05:57:17
 1  0      0 56300800   2088 2537616    0    0     0     0 2280 2145 22  1 76  0  0 2021-07-24 05:57:18
 4  0      0 56339120   2088 2537616    0    0     0     0 1613 1594 19  1 81  0  0 2021-07-24 05:57:19
 4  0      0 56314204   2088 2537616    0    0     0     0 2615 2244 25  3 73  0  0 2021-07-24 05:57:20
 1  0      0 56314080   2088 2537616    0    0     0    12 2487 2105 25  3 72  0  0 2021-07-24 05:57:21
 5  0      0 56314212   2088 2537624    0    0     0     0 2588 2287 25  2 73  0  0 2021-07-24 05:57:22
 1  0      0 56313844   2088 2537628    0    0     0     0 2116 2045 20  2 79  0  0 2021-07-24 05:57:23
 4  0      0 56312208   2088 2537632    0    0     0     0 2962 2557 25  3 72  0  0 2021-07-24 05:57:24
 2  0      0 56312708   2088 2537632    0    0     0     0 2936 2281 25  2 72  0  0 2021-07-24 05:57:25
 2  0      0 56312960   2088 2537632    0    0     0    16 2316 2062 23  2 75  0  0 2021-07-24 05:57:26
 1  0      0 56331196   2088 2537632    0    0     0     0 2358 2106 23  2 75  0  0 2021-07-24 05:57:27
 1  0      0 56326240   2088 2537632    0    0     0     0 2549 2230 26  2 73  0  0 2021-07-24 05:57:28
 1  0      0 56325120   2088 2537640    0    0     0     0 2349 2141 24  1 75  0  0 2021-07-24 05:57:29
 4  0      0 56325000   2088 2537640    0    0     0     0 2642 2361 27  1 72  0  0 2021-07-24 05:57:30
 1  0      0 56343020   2088 2582172    0    0     0     8 1958 1624 16  2 82  0  0 2021-07-24 05:57:31
 0  0      0 59288096   2088 2376768    0    0     0     0 1391 1267  3  2 95  0  0 2021-07-24 05:57:32
 0  0      0 59288104   2088 2376768    0    0     0     0  508  892  0  0 100  0  0 2021-07-24 05:57:33
 0  0      0 59288104   2088 2376768    0    0     0    52  515  928  0  0 100  0  0 2021-07-24 05:57:34
 0  0      0 59288104   2088 2376768    0    0     0     0  501  895  0  0 100  0  0 2021-07-24 05:57:35
 0  0      0 59288104   2088 2376768    0    0     0     0  513  907  0  0 100  0  0 2021-07-24 05:57:36
 0  0      0 59288104   2088 2376768    0    0     0     0  509  896  0  0 100  0  0 2021-07-24 05:57:37
 1  0      0 59288104   2088 2376768    0    0     0     0  529  927  0  0 100  0  0 2021-07-24 05:57:38
 1  0      0 59288104   2088 2376768    0    0     0     0  510  894  0  0 100  0  0 2021-07-24 05:57:39
 0  0      0 59288104   2088 2376768    0    0     0     0  508  902  0  0 100  0  0 2021-07-24 05:57:40
 0  0      0 59288104   2088 2376768    0    0     0     0  861  923  0  0 100  0  0 2021-07-24 05:57:41
 0  0      0 59288104   2088 2376768    0    0     0     0  497  884  0  0 100  0  0 2021-07-24 05:57:42
 0  0      0 59288104   2088 2376768    0    0     0     0  515  909  0  0 100  0  0 2021-07-24 05:57:43
 0  0      0 59288104   2088 2376768    0    0     0     0  465  848  0  0 100  0  0 2021-07-24 05:57:44
 0  0      0 59288104   2088 2376768    0    0     0     0  510  902  0  0 100  0  0 2021-07-24 05:57:45
 0  0      0 59288104   2088 2376768    0    0     0     0  512  906  0  0 100  0  0 2021-07-24 05:57:46
 0  0      0 59288104   2088 2376768    0    0     0     0  501  888  0  0 100  0  0 2021-07-24 05:57:47
 0  0      0 59288104   2088 2376768    0    0     0     0  525  928  0  0 100  0  0 2021-07-24 05:57:48
 0  0      0 59288104   2088 2376768    0    0     0     0  527  927  0  0 100  0  0 2021-07-24 05:57:49
 0  0      0 59288104   2088 2376768    0    0     0     0  503  894  0  0 100  0  0 2021-07-24 05:57:50
 0  0      0 59288104   2088 2376768    0    0     0     0  511  911  0  0 100  0  0 2021-07-24 05:57:51
 0  0      0 59288160   2088 2376768    0    0     0   228  533  908  0  0 100  0  0 2021-07-24 05:57:52
