#Date       Time        gpu rxpci txpci    sm   mem   enc   dec
#YYYYMMDD   HH:MM:SS    Idx  MB/s  MB/s     %     %     %     %
 20210724   06:46:13      0     0     0     0     0     0     0
 20210724   06:46:14      0     0     0     0     0     0     0
 20210724   06:46:15      0     0     0     0     0     0     0
 20210724   06:46:16      0     0     0     0     0     0     0
 20210724   06:46:17      0     0     0     0     0     0     0
 20210724   06:46:18      0     0     0     0     0     0     0
 20210724   06:46:19      0     0     0     0     0     0     0
 20210724   06:46:20      0     0     0     0     0     0     0
 20210724   06:46:21      0     0     0     0     0     0     0
 20210724   06:46:23      0     0     0     0     0     0     0
 20210724   06:46:24      0     0     0     0     0     0     0
 20210724   06:46:25      0     0     0     0     0     0     0
 20210724   06:46:26      0     0     0     0     0     0     0
 20210724   06:46:27      0     0     0     0     0     0     0
 20210724   06:46:28      0     0     0     0     0     0     0
 20210724   06:46:29      0     0     0     0     0     0     0
 20210724   06:46:30      0     0     0     0     0     0     0
 20210724   06:46:32      0     0     0     0     0     0     0
 20210724   06:46:33      0     0     0     0     0     0     0
 20210724   06:46:34      0     0     0     0     0     0     0
 20210724   06:46:35      0     0     0     0     0     0     0
 20210724   06:46:36      0     0     0     0     0     0     0
 20210724   06:46:37      0     0     0     0     0     0     0
 20210724   06:46:38      0     0     0     0     0     0     0
 20210724   06:46:39      0     0     0     0     0     0     0
 20210724   06:46:41      0     0     0     0     0     0     0
 20210724   06:46:42      0     0     0     0     0     0     0
 20210724   06:46:43      0     0     0     0     0     0     0
 20210724   06:46:44      0     0     0     0     0     0     0
 20210724   06:46:45      0     0     0     0     0     0     0
 20210724   06:46:46      0     0     0     0     0     0     0
 20210724   06:46:47      0     0     0     0     0     0     0
 20210724   06:46:48      0     0     0     0     0     0     0
 20210724   06:46:50      0     0     0     0     0     0     0
 20210724   06:46:51      0     0     0     0     0     0     0
 20210724   06:46:52      0     0     0     0     0     0     0
 20210724   06:46:53      0     0     0     0     0     0     0
 20210724   06:46:54      0     0     0     0     0     0     0
 20210724   06:46:55      0     0     0     0     0     0     0
 20210724   06:46:56      0     0     0     0     0     0     0
 20210724   06:46:57      0   780    25     3     0     0     0
 20210724   06:46:58      0   173    45     3     0     0     0
 20210724   06:46:59      0     0   298     0     0     0     0
 20210724   06:47:00      0     4   958     6     0     0     0
#Date       Time        gpu rxpci txpci    sm   mem   enc   dec
#YYYYMMDD   HH:MM:SS    Idx  MB/s  MB/s     %     %     %     %
 20210724   06:47:01      0     0     0     0     0     0     0
 20210724   06:47:03      0     0     0     0     0     0     0
 20210724   06:47:04      0     0     0     0     0     0     0
 20210724   06:47:05      0     0     0     0     0     0     0
 20210724   06:47:06      0  3506   386     0     0     0     0
 20210724   06:47:07      0     0     0    16     0     0     0
 20210724   06:47:08      0     0     0     0     0     0     0
 20210724   06:47:09      0     0     0     0     0     0     0
 20210724   06:47:10      0  3566   403     0     0     0     0
 20210724   06:47:11      0     0     0    49    23     0     0
 20210724   06:47:12      0     0     0     0     0     0     0
 20210724   06:47:14      0     0     0     0     0     0     0
 20210724   06:47:15      0   957     8    32    21     0     0
 20210724   06:47:16      0     0     0     0     0     0     0
 20210724   06:47:17      0     0     0     0     0     0     0
 20210724   06:47:18      0     0     0     0     0     0     0
 20210724   06:47:19      0     0     0     0     0     0     0
 20210724   06:47:20      0     0     0     0     0     0     0
 20210724   06:47:22      0  3441   391   100    30     0     0
 20210724   06:47:23      0     0     0     0     0     0     0
 20210724   06:47:24      0     0     0     0     0     0     0
 20210724   06:47:25      0     0     0     0     0     0     0
 20210724   06:47:26      0     0     0    56    28     0     0
 20210724   06:47:27      0     0     0     0     0     0     0
 20210724   06:47:28      0     0     0     0     0     0     0
 20210724   06:47:29      0     0     0     0     0     0     0
 20210724   06:47:30      0     0     0     8     6     0     0
 20210724   06:47:32      0  2233     9     2     0     0     0
 20210724   06:47:33      0     0     0     0     0     0     0
 20210724   06:47:34      0     0     0     0     0     0     0
 20210724   06:47:35      0     0     0     0     0     0     0
 20210724   06:47:36      0  6682   464     0     0     0     0
 20210724   06:47:37      0     0     0    35     0     0     0
 20210724   06:47:38      0     0     0     0     0     0     0
 20210724   06:47:40      0     0     0     0     0     0     0
 20210724   06:47:41      0  1579     0    42    28     0     0
 20210724   06:47:42      0     0     0     0     0     0     0
 20210724   06:47:43      0     0     0     0     0     0     0
 20210724   06:47:44      0     0     0     0     0     0     0
 20210724   06:47:45      0     0     0     0     0     0     0
 20210724   06:47:46      0     0     0     0     0     0     0
 20210724   06:47:47      0     0     0    39    25     0     0
 20210724   06:47:48      0     0     0     0     0     0     0
 20210724   06:47:49      0  4796   467    16     9     0     0
#Date       Time        gpu rxpci txpci    sm   mem   enc   dec
#YYYYMMDD   HH:MM:SS    Idx  MB/s  MB/s     %     %     %     %
 20210724   06:47:51      0     0     0     0     0     0     0
 20210724   06:47:52      0  3280   136     0     0     0     0
 20210724   06:47:53      0     0     0    92     0     0     0
 20210724   06:47:54      0     0     0     0     0     0     0
 20210724   06:47:55      0     0     0     0     0     0     0
 20210724   06:47:56      0  3545   464     0     0     0     0
 20210724   06:47:57      0     0     0    53     0     0     0
 20210724   06:47:58      0     0     0     0     0     0     0
 20210724   06:47:59      0     0     0     0     0     0     0
 20210724   06:48:00      0     0     0     0     0     0     0
 20210724   06:48:02      0     0     0     0     0     0     0
 20210724   06:48:03      0     0     0    43    27     0     0
 20210724   06:48:04      0     0     0     0     0     0     0
 20210724   06:48:05      0  3569   469     0     0     0     0
 20210724   06:48:06      0     0     0     0     0     0     0
 20210724   06:48:07      0  3475   471    32    21     0     0
 20210724   06:48:08      0     0     0    60     0     0     0
 20210724   06:48:09      0     0     0     0     0     0     0
 20210724   06:48:10      0     0     0     0     0     0     0
 20210724   06:48:12      0  1720     0    28    18     0     0
 20210724   06:48:13      0     0     0     0     0     0     0
 20210724   06:48:14      0     0     0     0     0     0     0
 20210724   06:48:15      0     0     0     0     0     0     0
 20210724   06:48:16      0     0     0     0     0     0     0
 20210724   06:48:17      0     0     0     0     0     0     0
 20210724   06:48:18      0     0     0     4     1     0     0
 20210724   06:48:19      0     0     0     0     0     0     0
 20210724   06:48:21      0  3594    86     0     0     0     0
 20210724   06:48:22      0     0     0     0     0     0     0
 20210724   06:48:23      0     0     0     0     0     0     0
 20210724   06:48:24      0  2570   480     0     0     0     0
 20210724   06:48:25      0  3539   170    42    28     0     0
 20210724   06:48:26      0     0     0     0     0     0     0
 20210724   06:48:27      0     0     0     0     0     0     0
 20210724   06:48:28      0     0     0     0     0     0     0
 20210724   06:48:29      0   630     0    63     8     0     0
 20210724   06:48:30      0     0     0     0     0     0     0
 20210724   06:48:31      0     0     0     0     0     0     0
 20210724   06:48:33      0     0     0     0     0     0     0
 20210724   06:48:34      0     0     0    39    25     0     0
 20210724   06:48:35      0   817   673     0     0     0     0
 20210724   06:48:36      0     0     0     0     0     0     0
 20210724   06:48:37      0     0     0     0     0     0     0
 20210724   06:48:38      0     0     0     0     0     0     0
#Date       Time        gpu rxpci txpci    sm   mem   enc   dec
#YYYYMMDD   HH:MM:SS    Idx  MB/s  MB/s     %     %     %     %
 20210724   06:48:39      0     0     0     0     0     0     0
 20210724   06:48:40      0  4579   469     0     0     0     0
 20210724   06:48:41      0     2     0     0     0     0     0
 20210724   06:48:42      0     0     0     8     5     0     0
 20210724   06:48:44      0     0     0     0     0     0     0
 20210724   06:48:45      0  3294   394     0     0     0     0
 20210724   06:48:46      0     0     0    73    28     0     0
 20210724   06:48:47      0   321     0    46    29     0     0
 20210724   06:48:48      0     0     0     0     0     0     0
 20210724   06:48:49      0     0     0     0     0     0     0
 20210724   06:48:50      0     0     0     0     0     0     0
 20210724   06:48:51      0     0     0     0     0     0     0
 20210724   06:48:52      0     0     0     0     0     0     0
 20210724   06:48:53      0     0     0     0     0     0     0
 20210724   06:48:55      0     0     0     0     0     0     0
 20210724   06:48:56      0  3473   374    13     7     0     0
 20210724   06:48:57      0     0     0    32     0     0     0
 20210724   06:48:58      0     0     0    42    28     0     0
 20210724   06:48:59      0     0     0     0     0     0     0
 20210724   06:49:00      0     0     0     0     0     0     0
 20210724   06:49:01      0  3522   476     0     0     0     0
 20210724   06:49:02      0  2576     1     0     0     0     0
 20210724   06:49:03      0    13     0    36    24     0     0
 20210724   06:49:04      0     0     0     0     0     0     0
 20210724   06:49:06      0     0     0     0     0     0     0
 20210724   06:49:07      0     0     0     0     0     0     0
 20210724   06:49:08      0     0     0     7     4     0     0
 20210724   06:49:09      0     0     0     0     0     0     0
 20210724   06:49:10      0  6205   453     0     0     0     0
 20210724   06:49:11      0     0     0     0     0     0     0
 20210724   06:49:12      0     0     0     0     0     0     0
 20210724   06:49:13      0     0     0     0     0     0     0
 20210724   06:49:14      0  2915     1    22    14     0     0
 20210724   06:49:15      0     0     0     0     0     0     0
 20210724   06:49:16      0     0     0     0     0     0     0
 20210724   06:49:18      0     0     0     0     0     0     0
 20210724   06:49:19      0     0     0     0     0     0     0
 20210724   06:49:20      0     0     0    39    25     0     0
 20210724   06:49:21      0     0     0     0     0     0     0
 20210724   06:49:22      0     0     0     0     0     0     0
 20210724   06:49:23      0  3536   199    16     9     0     0
 20210724   06:49:24      0     0     0     0     0     0     0
 20210724   06:49:26      0   586   776     0     0     0     0
 20210724   06:49:27      0     0     0     0     0     0     0
#Date       Time        gpu rxpci txpci    sm   mem   enc   dec
#YYYYMMDD   HH:MM:SS    Idx  MB/s  MB/s     %     %     %     %
 20210724   06:49:28      0     0     0     0     0     0     0
 20210724   06:49:29      0     0     0     0     0     0     0
 20210724   06:49:30      0  3517   435     0     0     0     0
 20210724   06:49:31      0     0     0    10     7     0     0
 20210724   06:49:32      0     0     0     0     0     0     0
 20210724   06:49:33      0     0     0     0     0     0     0
 20210724   06:49:34      0     0     0     0     0     0     0
 20210724   06:49:35      0     0     0     0     0     0     0
 20210724   06:49:36      0     0     0     0     0     0     0
 20210724   06:49:38      0     0     0    43    27     0     0
 20210724   06:49:39      0     0     0     0     0     0     0
 20210724   06:49:40      0  3413   175     0     0     0     0
 20210724   06:49:41      0     0     0     0     0     0     0
 20210724   06:49:42      0     0   592     0     0     0     0
 20210724   06:49:43      0     0     0    71     0     0     0
 20210724   06:49:44      0     0     0     0     0     0     0
 20210724   06:49:45      0     0     0     0     0     0     0
 20210724   06:49:46      0  4875   450     0     0     0     0
 20210724   06:49:47      0     0     0    64     8     0     0
 20210724   06:49:49      0     0     0     0     0     0     0
 20210724   06:49:50      0     0     0     0     0     0     0
 20210724   06:49:51      0     0     0     0     0     0     0
 20210724   06:49:52      0     0     0    39    25     0     0
 20210724   06:49:53      0     0   409     0     0     0     0
 20210724   06:49:54      0     0     0     0     0     0     0
 20210724   06:49:55      0     0     0     0     0     0     0
 20210724   06:49:56      0     0     0     0     0     0     0
 20210724   06:49:57      0     0     0     0     0     0     0
 20210724   06:49:59      0  3283   375   100    23     0     0
 20210724   06:50:00      0     0     0    21     0     0     0
 20210724   06:50:01      0     0     0     0     0     0     0
 20210724   06:50:02      0     0     0     0     0     0     0
 20210724   06:50:03      0  3398   387    42    28     0     0
 20210724   06:50:04      0     0     0    18     0     0     0
 20210724   06:50:05      0     0     0    34     5     0     0
 20210724   06:50:06      0     0     0     0     0     0     0
 20210724   06:50:07      0  5658   383     0     0     0     0
 20210724   06:50:09      0     0     0     0     0     0     0
 20210724   06:50:10      0     0     0     0     0     0     0
 20210724   06:50:11      0     0     0     0     0     0     0
 20210724   06:50:12      0     0     0     0     0     0     0
 20210724   06:50:13      0     0     0     0     0     0     0
 20210724   06:50:14      0  4491   472     0     0     0     0
 20210724   06:50:15      0  3569   117    93    25     0     0
#Date       Time        gpu rxpci txpci    sm   mem   enc   dec
#YYYYMMDD   HH:MM:SS    Idx  MB/s  MB/s     %     %     %     %
 20210724   06:50:16      0     0     0    42    28     0     0
 20210724   06:50:17      0     0     0     0     0     0     0
 20210724   06:50:18      0     0     0     0     0     0     0
 20210724   06:50:19      0  3608   458    14     7     0     0
 20210724   06:50:21      0  1835     0     9     3     0     0
 20210724   06:50:22      0     0     0    39    25     0     0
 20210724   06:50:23      0     0     0     0     0     0     0
 20210724   06:50:24      0     0     0     0     0     0     0
 20210724   06:50:25      0     0     0     0     0     0     0
 20210724   06:50:26      0     0     0    43    30     0     0
 20210724   06:50:27      0     0     0     0     0     0     0
 20210724   06:50:28      0  3732   464    29    19     0     0
 20210724   06:50:29      0     0     0     0     0     0     0
 20210724   06:50:30      0     0     0     0     0     0     0
 20210724   06:50:31      0     0     0     0     0     0     0
 20210724   06:50:33      0   518     0    66    12     0     0
 20210724   06:50:34      0     0     0     0     0     0     0
 20210724   06:50:35      0     0     0     0     0     0     0
 20210724   06:50:36      0     0     0     0     0     0     0
 20210724   06:50:37      0     0     0     0     0     0     0
 20210724   06:50:38      0  2103     9     0     0     0     0
 20210724   06:50:39      0     0     0     0     0     0     0
 20210724   06:50:40      0     0     0     5     2     0     0
 20210724   06:50:41      0     0     0     0     0     0     0
 20210724   06:50:42      0     0     0    37    27     0     0
 20210724   06:50:44      0     0     0     0     0     0     0
 20210724   06:50:45      0     0     0    42    28     0     0
 20210724   06:50:46      0     0     0     0     0     0     0
 20210724   06:50:47      0     0     0     0     0     0     0
 20210724   06:50:48      0     0     0    46     0     0     0
 20210724   06:50:49      0     0     0     0     0     0     0
 20210724   06:50:50      0     0     0     0     0     0     0
 20210724   06:50:51      0     0     0     0     0     0     0
 20210724   06:50:52      0     0     0     0     0     0     0
 20210724   06:50:54      0     0     0    38    25     0     0
 20210724   06:50:55      0     0     0     0     0     0     0
 20210724   06:50:56      0     0     0     0     0     0     0
 20210724   06:50:57      0  3402   526     0     0     0     0
 20210724   06:50:58      0     0     0    26    18     0     0
 20210724   06:50:59      0     0     0     0     0     0     0
 20210724   06:51:00      0     0     0    42    28     0     0
 20210724   06:51:01      0     0     0     0     0     0     0
 20210724   06:51:03      0     0     0     0     0     0     0
 20210724   06:51:04      0  3409    14    30    20     0     0
#Date       Time        gpu rxpci txpci    sm   mem   enc   dec
#YYYYMMDD   HH:MM:SS    Idx  MB/s  MB/s     %     %     %     %
 20210724   06:51:05      0     0     0     0     0     0     0
 20210724   06:51:06      0     0     0     0     0     0     0
 20210724   06:51:07      0     0     0     0     0     0     0
 20210724   06:51:08      0     0     0     0     0     0     0
 20210724   06:51:09      0     0   650     0     0     0     0
 20210724   06:51:10      0     0     0     0     0     0     0
 20210724   06:51:11      0     0     0     8     4     0     0
 20210724   06:51:12      0     0     0     0     0     0     0
 20210724   06:51:13      0  3642   447     0     0     0     0
 20210724   06:51:14      0     0     0     0     0     0     0
 20210724   06:51:16      0  3780   426     0     0     0     0
 20210724   06:51:17      0     0     0    32     0     0     0
 20210724   06:51:18      0     0     0     0     0     0     0
 20210724   06:51:19      0     0     0     0     0     0     0
 20210724   06:51:20      0  5439   462     0     0     0     0
 20210724   06:51:21      0     0     0    21     0     0     0
 20210724   06:51:22      0     0     0     0     0     0     0
 20210724   06:51:23      0     0     0     0     0     0     0
 20210724   06:51:24      0     0     0     0     0     0     0
 20210724   06:51:26      0     0     0    19    14     0     0
 20210724   06:51:27      0  1761     8     0     0     0     0
 20210724   06:51:28      0     0     0     0     0     0     0
 20210724   06:51:29      0     0     0     0     0     0     0
 20210724   06:51:30      0     0     0     0     0     0     0
 20210724   06:51:31      0     0     0     0     0     0     0
 20210724   06:51:32      0  3409   388    95    28     0     0
 20210724   06:51:33      0     0     0    38     0     0     0
 20210724   06:51:34      0     0     0     0     0     0     0
 20210724   06:51:35      0     0     0     0     0     0     0
 20210724   06:51:37      0     0     0    39    26     0     0
 20210724   06:51:38      0     0     0     0     0     0     0
 20210724   06:51:39      0     0     0     0     0     0     0
 20210724   06:51:40      0     0     0     0     0     0     0
 20210724   06:51:41      0  5293   398     0     0     0     0
 20210724   06:51:42      0     0     0     0     0     0     0
 20210724   06:51:43      0     0     0     0     0     0     0
 20210724   06:51:44      0     0     0     0     0     0     0
 20210724   06:51:45      0     0     0     0     0     0     0
 20210724   06:51:46      0     0     0     0     0     0     0
 20210724   06:51:48      0  6155   458     0     0     0     0
 20210724   06:51:49      0     1     0    59     1     0     0
 20210724   06:51:50      0     0     0    42    28     0     0
 20210724   06:51:51      0     0     0     0     0     0     0
 20210724   06:51:52      0     0   780     0     0     0     0
#Date       Time        gpu rxpci txpci    sm   mem   enc   dec
#YYYYMMDD   HH:MM:SS    Idx  MB/s  MB/s     %     %     %     %
 20210724   06:51:53      0  3406   387    54    28     0     0
 20210724   06:51:54      0     0   233    42    28     0     0
 20210724   06:51:55      0     0     0    17    12     0     0
 20210724   06:51:56      0     0     0     0     0     0     0
 20210724   06:51:57      0     0     0     0     0     0     0
 20210724   06:51:59      0     0     0     0     0     0     0
 20210724   06:52:00      0     0     0    12     8     0     0
 20210724   06:52:01      0     0     0     0     0     0     0
 20210724   06:52:02      0  3803   451     0     0     0     0
 20210724   06:52:03      0     0     0     0     0     0     0
 20210724   06:52:04      0     0     0     0     0     0     0
 20210724   06:52:05      0     0     0     0     0     0     0
 20210724   06:52:06      0  3393   386    23    14     0     0
 20210724   06:52:07      0     0     0     0     0     0     0
 20210724   06:52:08      0     0     0     0     0     0     0
 20210724   06:52:09      0     0     0     0     0     0     0
 20210724   06:52:10      0     0     0     0     0     0     0
 20210724   06:52:12      0     9     0    39    25     0     0
 20210724   06:52:13      0     0     0     0     0     0     0
 20210724   06:52:14      0     0     0     1     0     0     0
 20210724   06:52:15      0     0     0     0     0     0     0
 20210724   06:52:16      0     0     0     0     0     0     0
 20210724   06:52:17      0     0     0     0     0     0     0
 20210724   06:52:18      0     0     0     0     0     0     0
 20210724   06:52:19      0     0     0     0     0     0     0
 20210724   06:52:21      0     0     0     0     0     0     0
 20210724   06:52:22      0     1     0     0     0     0     0
 20210724   06:52:23      0     0     0     0     0     0     0
 20210724   06:52:24      0     0     0     0     0     0     0
 20210724   06:52:25      0     0     0     0     0     0     0
 20210724   06:52:26      0     0     0     0     0     0     0
 20210724   06:52:27      0     0     0     0     0     0     0
 20210724   06:52:28      0     0     0     0     0     0     0
 20210724   06:52:30      0     0     0     0     0     0     0
 20210724   06:52:31      0     0     0     0     0     0     0
 20210724   06:52:32      0     0     0     0     0     0     0
 20210724   06:52:33      0     0     0     0     0     0     0
 20210724   06:52:34      0     0     1     0     0     0     0
 20210724   06:52:35      0     0     0     0     0     0     0
 20210724   06:52:36      0     0     0     0     0     0     0
 20210724   06:52:37      0     0     0     0     0     0     0
 20210724   06:52:38      0     0     0     0     0     0     0
 20210724   06:52:39      0     0     0     0     0     0     0
 20210724   06:52:41      0     0     0     0     0     0     0
#Date       Time        gpu rxpci txpci    sm   mem   enc   dec
#YYYYMMDD   HH:MM:SS    Idx  MB/s  MB/s     %     %     %     %
 20210724   06:52:42      0     0     0     0     0     0     0
 20210724   06:52:43      0     0     0     0     0     0     0
 20210724   06:52:44      0     0     0     0     0     0     0
 20210724   06:52:45      0     0     0     0     0     0     0
 20210724   06:52:46      0     0     0     0     0     0     0
 20210724   06:52:47      0     0     0     0     0     0     0
 20210724   06:52:48      0     0     0     0     0     0     0
 20210724   06:52:50      0     0     0     0     0     0     0
 20210724   06:52:51      0     0     0     0     0     0     0
 20210724   06:52:52      0     0     0     0     0     0     0
 20210724   06:52:53      0     0     0     0     0     0     0
 20210724   06:52:54      0     0     0     0     0     0     0
 20210724   06:52:55      0     0     0     0     0     0     0
 20210724   06:52:56      0     0     0     0     0     0     0
 20210724   06:52:57      0     0     0     0     0     0     0
 20210724   06:52:58      0     0     0     0     0     0     0
 20210724   06:52:59      0     0     0     0     0     0     0
 20210724   06:53:00      0     0     0     0     0     0     0
 20210724   06:53:01      0     0     0     0     0     0     0
