procs -----------memory---------- ---swap-- -----io---- -system-- ------cpu----- -----timestamp-----
 r  b   swpd   free   buff  cache   si   so    bi    bo   in   cs us sy id wa st                 UTC
 0  0      0 59331276   2088 2334644    0    0    25    19  169  165 10  1 90  0  0 2021-07-24 06:46:18
 0  0      0 59331108   2088 2334648    0    0     0     0  501  844  0  0 100  0  0 2021-07-24 06:46:19
 0  0      0 59331108   2088 2334648    0    0     0     0  460  803  0  0 100  0  0 2021-07-24 06:46:20
 0  0      0 59331108   2088 2334648    0    0     0     0  456  798  0  0 100  0  0 2021-07-24 06:46:21
 0  0      0 59331108   2088 2334648    0    0     0     0  469  816  0  0 100  0  0 2021-07-24 06:46:22
 0  0      0 59331108   2088 2334648    0    0     0     0  476  828  0  0 100  0  0 2021-07-24 06:46:23
 0  0      0 59331108   2088 2334648    0    0     0     0  472  828  0  0 100  0  0 2021-07-24 06:46:24
 0  0      0 59331108   2088 2334648    0    0     0     0  455  792  0  0 100  0  0 2021-07-24 06:46:25
 0  0      0 59330108   2088 2334660    0    0     0     0  813 1141  0  0 100  0  0 2021-07-24 06:46:26
 0  0      0 59330108   2088 2334660    0    0     0     0  481  854  0  0 100  0  0 2021-07-24 06:46:27
 0  0      0 59330108   2088 2334660    0    0     0     0  868  931  0  0 100  0  0 2021-07-24 06:46:28
 0  0      0 59330108   2088 2334660    0    0     0     0  459  798  0  0 100  0  0 2021-07-24 06:46:29
 0  0      0 59330108   2088 2334660    0    0     0     0  479  840  0  0 100  0  0 2021-07-24 06:46:30
 0  0      0 59330108   2088 2334660    0    0     0     0  489  859  0  0 100  0  0 2021-07-24 06:46:31
 0  0      0 59330108   2088 2334660    0    0     0     0  489  856  0  0 100  0  0 2021-07-24 06:46:32
 0  0      0 59330108   2088 2334660    0    0     0     0  548  921  0  0 100  0  0 2021-07-24 06:46:33
 0  0      0 59330108   2088 2334660    0    0     0     0  585  972  0  0 100  0  0 2021-07-24 06:46:34
 0  0      0 59330108   2088 2334660    0    0     0     0  462  818  0  0 100  0  0 2021-07-24 06:46:35
 0  0      0 59330108   2088 2334660    0    0     0     0  483  852  0  0 100  0  0 2021-07-24 06:46:36
 0  0      0 59330108   2088 2334664    0    0     0     0  500  872  0  0 100  0  0 2021-07-24 06:46:37
 0  0      0 59330108   2088 2334664    0    0     0     0  502  870  0  0 100  0  0 2021-07-24 06:46:38
procs -----------memory---------- ---swap-- -----io---- -system-- ------cpu----- -----timestamp-----
 r  b   swpd   free   buff  cache   si   so    bi    bo   in   cs us sy id wa st                 UTC
 0  0      0 59330108   2088 2334664    0    0     0     0  495  868  0  0 100  0  0 2021-07-24 06:46:39
 0  0      0 59330108   2088 2334664    0    0     0     0  474  830  0  0 100  0  0 2021-07-24 06:46:40
 0  0      0 59330108   2088 2334664    0    0     0     0  482  840  0  0 100  0  0 2021-07-24 06:46:41
 0  0      0 59330108   2088 2334664    0    0     0     0  503  880  0  0 100  0  0 2021-07-24 06:46:42
 0  0      0 59330108   2088 2334664    0    0     0     5  535  925  0  0 100  0  0 2021-07-24 06:46:43
 0  0      0 59330100   2088 2334664    0    0     0   212  986 1040  0  0 100  0  0 2021-07-24 06:46:44
 0  0      0 59330232   2088 2334664    0    0     0     0  496  873  0  0 100  0  0 2021-07-24 06:46:45
 0  0      0 59330232   2088 2334668    0    0     0     0  510  886  0  0 100  0  0 2021-07-24 06:46:46
 0  0      0 59330232   2088 2334668    0    0     0     0  480  844  0  0 100  0  0 2021-07-24 06:46:47
 0  0      0 59330232   2088 2334668    0    0     0     0  514  892  0  0 100  0  0 2021-07-24 06:46:48
 0  0      0 59330232   2088 2334668    0    0     0     4  499  864  0  0 100  0  0 2021-07-24 06:46:49
 0  0      0 59330232   2088 2334668    0    0     0     0  496  858  0  0 100  0  0 2021-07-24 06:46:50
 0  0      0 59330232   2088 2334668    0    0     0     0  494  864  0  0 100  0  0 2021-07-24 06:46:51
 0  0      0 59330232   2088 2334672    0    0     0     0  501  873  0  0 100  0  0 2021-07-24 06:46:52
 0  0      0 59330232   2088 2334672    0    0     0     0  509  887  0  0 100  0  0 2021-07-24 06:46:53
 0  0      0 59330232   2088 2334672    0    0     0     0  531  904  0  0 100  0  0 2021-07-24 06:46:54
 2  0      0 59239796   2088 2334684    0    0     0     0 2347 1482 13  6 80  0  0 2021-07-24 06:46:55
 0  0      0 59155164   2088 2334684    0    0     0     0 2587 1826 12  7 80  0  0 2021-07-24 06:46:56
 1  0      0 58733828   2088 2344928    0    0     0     0 2106 1824  6  3 91  0  0 2021-07-24 06:46:57
 1  0      0 58052252   2088 2344928    0    0     0     0  782  920  9  3 87  0  0 2021-07-24 06:46:58
 1  0      0 57349976   2088 2344928    0    0     0    20  759  903  9  4 87  0  0 2021-07-24 06:46:59
procs -----------memory---------- ---swap-- -----io---- -system-- ------cpu----- -----timestamp-----
 r  b   swpd   free   buff  cache   si   so    bi    bo   in   cs us sy id wa st                 UTC
 1  0      0 56734380   2088 2344928    0    0     0     0 1185  985  9  4 87  0  0 2021-07-24 06:47:00
 1  0      0 56610728   2088 2384640    0    0     0     0 5278 2247 14  4 82  0  0 2021-07-24 06:47:01
 1  0      0 56472824   2088 2465028    0    0     0     0 1800 1694 18  2 80  0  0 2021-07-24 06:47:02
 4  0      0 56395760   2088 2540356    0    0     0     0 2487 2195 25  2 74  0  0 2021-07-24 06:47:03
 1  0      0 56317764   2088 2540356    0    0     0     0 1377 1390 17  0 82  0  0 2021-07-24 06:47:04
 1  0      0 56403576   2088 2540356    0    0     0     0 2467 2224 24  1 74  0  0 2021-07-24 06:47:05
 2  0      0 56403824   2088 2540356    0    0     0     0 2463 2035 24  3 73  0  0 2021-07-24 06:47:06
 1  0      0 56395156   2088 2540356    0    0     0     0 2633 2234 25  2 72  0  0 2021-07-24 06:47:07
 4  0      0 56379784   2088 2540356    0    0     0     0 2319 2088 24  1 75  0  0 2021-07-24 06:47:08
 1  0      0 56379540   2088 2540356    0    0     0     0 2357 2093 23  2 75  0  0 2021-07-24 06:47:09
 4  0      0 56379668   2088 2540368    0    0     0     0 2578 2298 25  1 73  0  0 2021-07-24 06:47:10
 4  0      0 56375704   2088 2540368    0    0     0     0 2300 2031 23  2 75  0  0 2021-07-24 06:47:11
 4  0      0 56365044   2088 2540368    0    0     0     0 2331 2025 24  2 74  0  0 2021-07-24 06:47:12
 1  0      0 56364680   2088 2540368    0    0     0     0 2556 2225 24  2 74  0  0 2021-07-24 06:47:13
 4  0      0 56346140   2088 2540368    0    0     0    48 2364 2076 24  1 74  0  0 2021-07-24 06:47:14
 4  0      0 56347256   2088 2540368    0    0     0     0 2548 2275 26  2 73  0  0 2021-07-24 06:47:15
 2  0      0 56363868   2088 2540376    0    0     0     0 2073 1779 17  1 82  0  0 2021-07-24 06:47:16
 1  0      0 56347256   2088 2540376    0    0     0     0 1628 1666 17  0 82  0  0 2021-07-24 06:47:17
 1  0      0 56346764   2088 2540376    0    0     0     0 2089 1921 22  1 76  0  0 2021-07-24 06:47:18
 4  0      0 56344992   2088 2540380    0    0    12     0 2567 2208 24  1 75  0  0 2021-07-24 06:47:19
 4  0      0 56395476   2088 2540400    0    0     0    21 2055 1825 20  1 78  0  0 2021-07-24 06:47:20
procs -----------memory---------- ---swap-- -----io---- -system-- ------cpu----- -----timestamp-----
 r  b   swpd   free   buff  cache   si   so    bi    bo   in   cs us sy id wa st                 UTC
 4  0      0 56379984   2088 2540400    0    0     0     0 2452 2266 23  2 75  0  0 2021-07-24 06:47:21
 4  0      0 56379244   2088 2540400    0    0     0     0 2604 2222 25  3 72  0  0 2021-07-24 06:47:22
 1  0      0 56379248   2088 2540400    0    0     0     0 2402 2118 24  2 74  0  0 2021-07-24 06:47:23
 1  0      0 56379376   2088 2540408    0    0     0     0 2446 2176 25  1 74  0  0 2021-07-24 06:47:24
 2  0      0 56379128   2088 2540408    0    0     0   228 2376 2056 23  3 74  0  0 2021-07-24 06:47:25
 1  0      0 56378640   2088 2540408    0    0     0     0 2578 2219 25  2 73  0  0 2021-07-24 06:47:26
 1  0      0 56352356   2088 2540408    0    0     0     0 2031 1844 21  2 77  0  0 2021-07-24 06:47:27
 1  0      0 56347652   2088 2540408    0    0     0     0 2636 2351 25  2 74  0  0 2021-07-24 06:47:28
 1  0      0 56348144   2088 2540412    0    0     0     0 2370 2203 23  2 75  0  0 2021-07-24 06:47:29
 4  0      0 56347900   2088 2540412    0    0     0    32 2252 2062 24  1 75  0  0 2021-07-24 06:47:30
 1  0      0 56347528   2088 2540420    0    0     0     0 2249 2108 23  1 76  0  0 2021-07-24 06:47:31
 1  0      0 56363152   2088 2540420    0    0     0     0 1818 1769 19  1 80  0  0 2021-07-24 06:47:32
 4  0      0 56346660   2088 2540420    0    0     0     0 1929 1633 18  0 82  0  0 2021-07-24 06:47:33
 2  0      0 56345796   2088 2540420    0    0     0     0 2337 2056 24  2 74  0  0 2021-07-24 06:47:34
 1  0      0 56346048   2088 2540420    0    0     0     0 1687 1673 19  0 81  0  0 2021-07-24 06:47:35
 1  0      0 56395156   2088 2540420    0    0     0     0 2267 2089 23  1 76  0  0 2021-07-24 06:47:36
 2  0      0 56395408   2088 2540420    0    0     0     0 2944 2241 25  3 72  0  0 2021-07-24 06:47:37
 4  0      0 56387860   2088 2540424    0    0     0     0 2908 2380 24  3 72  0  0 2021-07-24 06:47:38
 4  0      0 56373356   2088 2540432    0    0     0     0 2353 2201 24  1 75  0  0 2021-07-24 06:47:39
 4  0      0 56373236   2088 2540432    0    0     0    44 2503 2141 26  2 72  0  0 2021-07-24 06:47:40
 1  0      0 56373364   2088 2540432    0    0     0     0 2487 2244 25  1 73  0  0 2021-07-24 06:47:41
procs -----------memory---------- ---swap-- -----io---- -system-- ------cpu----- -----timestamp-----
 r  b   swpd   free   buff  cache   si   so    bi    bo   in   cs us sy id wa st                 UTC
 1  0      0 56373368   2088 2540432    0    0     0     0 2488 2195 25  2 73  0  0 2021-07-24 06:47:42
 4  0      0 56348076   2088 2540432    0    0     0     0 2117 1986 21  1 77  0  0 2021-07-24 06:47:43
 1  0      0 56347464   2088 2540432    0    0     0     0 2743 2560 23  1 76  0  0 2021-07-24 06:47:44
 1  0      0 56347052   2088 2540440    0    0     0    98 2464 2371 23  1 76  0  0 2021-07-24 06:47:45
 1  0      0 56346876   2088 2540440    0    0     0     0 2566 2332 26  2 73  0  0 2021-07-24 06:47:46
 2  0      0 56362924   2088 2540440    0    0     0     0 1849 1799 20  1 78  0  0 2021-07-24 06:47:47
 1  0      0 56378920   2088 2540440    0    0     0     0 1684 1672 18  1 81  0  0 2021-07-24 06:47:48
 1  0      0 56373840   2088 2540440    0    0     0     0 2305 1904 20  1 79  0  0 2021-07-24 06:47:49
 4  0      0 56373720   2088 2540440    0    0     0    12 2290 2124 23  1 76  0  0 2021-07-24 06:47:50
 1  0      0 56391208   2088 2540440    0    0     0     0 1833 1712 20  2 79  0  0 2021-07-24 06:47:51
 1  0      0 56390716   2088 2540440    0    0     0     0 2625 2361 26  1 73  0  0 2021-07-24 06:47:52
 1  0      0 56390968   2088 2540440    0    0     0     0 2446 2120 23  3 74  0  0 2021-07-24 06:47:53
 1  0      0 56390476   2088 2540448    0    0     0     0 2284 2101 21  2 76  0  0 2021-07-24 06:47:54
 4  0      0 56336788   2088 2540448    0    0     0     0 2398 2141 24  2 75  0  0 2021-07-24 06:47:55
 2  0      0 56357872   2088 2540448    0    0     0     8 2423 2068 24  3 73  0  0 2021-07-24 06:47:56
 1  0      0 56358748   2088 2540448    0    0     0     0 2530 2228 25  2 73  0  0 2021-07-24 06:47:57
 1  0      0 56344120   2088 2540448    0    0     0     0 2123 1917 22  2 76  0  0 2021-07-24 06:47:58
 1  0      0 56344252   2088 2540448    0    0     0     0 2644 2330 26  1 73  0  0 2021-07-24 06:47:59
 4  0      0 56343508   2088 2540456    0    0     0     0 2810 2272 24  1 75  0  0 2021-07-24 06:48:00
 4  0      0 56343508   2088 2540456    0    0     0     0 2148 2027 22  1 77  0  0 2021-07-24 06:48:01
 1  0      0 56343384   2088 2540456    0    0     0     0 2214 2109 23  1 76  0  0 2021-07-24 06:48:02
procs -----------memory---------- ---swap-- -----io---- -system-- ------cpu----- -----timestamp-----
 r  b   swpd   free   buff  cache   si   so    bi    bo   in   cs us sy id wa st                 UTC
 1  0      0 56359008   2088 2540460    0    0     0     0 1793 1746 18  1 80  0  0 2021-07-24 06:48:03
 4  0      0 56324908   2088 2540460    0    0     0     0 1611 1592 18  1 81  0  0 2021-07-24 06:48:04
 1  0      0 56380468   2088 2540464    0    0     0     0 2791 2177 25  2 74  0  0 2021-07-24 06:48:05
 1  0      0 56358768   2088 2540464    0    0     0     8 1585 1572 19  0 81  0  0 2021-07-24 06:48:06
 1  0      0 56390764   2088 2540464    0    0     0     0 2381 2131 24  2 75  0  0 2021-07-24 06:48:07
 3  0      0 56390644   2088 2540472    0    0     0     0 2572 2238 23  3 73  0  0 2021-07-24 06:48:08
 1  0      0 56390776   2088 2540472    0    0     0     0 2617 2233 26  2 72  0  0 2021-07-24 06:48:09
 4  0      0 56358416   2088 2540472    0    0     0     0 2292 2063 23  2 75  0  0 2021-07-24 06:48:10
 4  0      0 56358204   2088 2540472    0    0     0   148 2480 2179 25  2 73  0  0 2021-07-24 06:48:11
 1  0      0 56358208   2088 2540472    0    0     0     0 2402 2233 23  1 76  0  0 2021-07-24 06:48:12
 1  0      0 56358088   2088 2540472    0    0     0     0 2483 2196 24  2 74  0  0 2021-07-24 06:48:13
 1  0      0 56344204   2088 2540472    0    0     0     0 2195 1982 22  2 76  0  0 2021-07-24 06:48:14
 1  0      0 56343468   2088 2540480    0    0     0    41 2616 2298 25  2 73  0  0 2021-07-24 06:48:15
 4  0      0 56343468   2088 2540480    0    0     0    44 2209 2059 23  1 76  0  0 2021-07-24 06:48:16
 1  0      0 56343468   2088 2540480    0    0     0     0 2523 2287 25  2 73  0  0 2021-07-24 06:48:17
 2  0      0 56359212   2088 2540480    0    0     0     0 1802 1808 19  1 80  0  0 2021-07-24 06:48:18
 1  0      0 56375460   2088 2540480    0    0     0     0 1613 1602 17  1 82  0  0 2021-07-24 06:48:19
 1  0      0 56374596   2088 2540480    0    0     0     0 2005 1900 20  1 79  0  0 2021-07-24 06:48:20
 4  0      0 56374724   2088 2540480    0    0     0     0 2608 2084 23  1 76  0  0 2021-07-24 06:48:21
 1  0      0 56391468   2088 2540480    0    0     0     0 1816 1699 19  2 79  0  0 2021-07-24 06:48:22
 4  0      0 56391344   2088 2540488    0    0     0     0 1659 1393 24  0 76  0  0 2021-07-24 06:48:23
procs -----------memory---------- ---swap-- -----io---- -system-- ------cpu----- -----timestamp-----
 r  b   swpd   free   buff  cache   si   so    bi    bo   in   cs us sy id wa st                 UTC
 2  0      0 56391172   2088 2540488    0    0     0     0 2026 1552 27  2 71  0  0 2021-07-24 06:48:24
 1  0      0 56391476   2088 2540488    0    0     0     0 2618 2262 27  1 71  0  0 2021-07-24 06:48:25
 4  0      0 56391356   2088 2540488    0    0     0     0 2582 2262 25  2 73  0  0 2021-07-24 06:48:26
 1  0      0 56358624   2088 2540488    0    0     0     0 2146 1972 22  2 77  0  0 2021-07-24 06:48:27
 1  0      0 56358504   2088 2540488    0    0     0     0 2472 2194 25  2 74  0  0 2021-07-24 06:48:28
 2  0      0 56358508   2088 2540492    0    0     0     0 2511 2216 23  3 74  0  0 2021-07-24 06:48:29
 2  0      0 56358388   2088 2540492    0    0     0     0 2305 1974 23  3 74  0  0 2021-07-24 06:48:30
 4  0      0 56343888   2088 2540500    0    0     0     8 2312 2097 22  2 76  0  0 2021-07-24 06:48:31
 4  0      0 56344016   2088 2540500    0    0     0     0 2425 2180 23  1 75  0  0 2021-07-24 06:48:32
 1  0      0 56344012   2088 2540500    0    0     0     0 2203 2073 22  1 77  0  0 2021-07-24 06:48:33
 1  0      0 56344016   2088 2540500    0    0     0     0 2507 2306 25  1 74  0  0 2021-07-24 06:48:34
 2  0      0 56359392   2088 2540500    0    0     0     0 2027 1851 22  1 77  0  0 2021-07-24 06:48:35
 1  0      0 56379356   2088 2540500    0    0     0     0 1453 1483 17  0 82  0  0 2021-07-24 06:48:36
 4  0      0 56375764   2088 2540500    0    0     0     0 2443 1963 21  1 78  0  0 2021-07-24 06:48:37
 1  0      0 56365104   2088 2540508    0    0     0     0 2085 1966 21  1 78  0  0 2021-07-24 06:48:38
 1  0      0 56390900   2088 2540508    0    0     0     0 1964 1791 21  1 78  0  0 2021-07-24 06:48:39
 4  0      0 56375156   2088 2540508    0    0     0     0 2580 2369 25  1 74  0  0 2021-07-24 06:48:40
 2  0      0 56374912   2088 2540508    0    0     0     0 2564 2163 25  3 71  0  0 2021-07-24 06:48:41
 1  0      0 56375164   2088 2540512    0    0     0     0 2004 1833 21  2 77  0  0 2021-07-24 06:48:42
 1  0      0 56374924   2088 2540512    0    0     0     0 2543 2181 23  3 74  0  0 2021-07-24 06:48:43
 1  0      0 56375048   2088 2540512    0    0     0     0 2434 2199 25  1 74  0  0 2021-07-24 06:48:44
procs -----------memory---------- ---swap-- -----io---- -system-- ------cpu----- -----timestamp-----
 r  b   swpd   free   buff  cache   si   so    bi    bo   in   cs us sy id wa st                 UTC
 1  0      0 56374436   2088 2540512    0    0     0     0 2518 2221 26  1 73  0  0 2021-07-24 06:48:45
 1  0      0 56344048   2088 2540520    0    0     0    60 2264 2106 22  2 76  0  0 2021-07-24 06:48:46
 1  0      0 56343408   2088 2540520    0    0     0     4 2622 2383 24  2 74  0  0 2021-07-24 06:48:47
 4  0      0 56343160   2088 2540520    0    0     0     0 2474 2263 25  1 74  0  0 2021-07-24 06:48:48
 4  0      0 56341548   2088 2540520    0    0     0     0 2202 2096 23  1 76  0  0 2021-07-24 06:48:49
 1  0      0 56307924   2088 2540536    0    0     0     0 2440 2162 23  1 76  0  0 2021-07-24 06:48:50
 1  0      0 56390208   2088 2540536    0    0     0     0 1847 1803 18  2 80  0  0 2021-07-24 06:48:51
 1  0      0 56377364   2088 2540600    0    0     0     0 1805 1702 20  1 79  0  0 2021-07-24 06:48:52
 1  0      0 56377372   2088 2540608    0    0     0     0 2495 2270 25  2 74  0  0 2021-07-24 06:48:53
 4  0      0 56389952   2088 2540608    0    0     0     0 1635 1369 16  0 83  0  0 2021-07-24 06:48:54
 2  0      0 56390272   2088 2540608    0    0     0     0 2546 2254 25  2 73  0  0 2021-07-24 06:48:55
 1  0      0 56390776   2088 2540608    0    0     0     0 2488 2054 25  3 72  0  0 2021-07-24 06:48:56
 4  0      0 56390408   2088 2540608    0    0     0    44 2597 2266 26  2 72  0  0 2021-07-24 06:48:57
 1  0      0 56358172   2088 2540608    0    0     0     0 2272 2152 22  2 76  0  0 2021-07-24 06:48:58
 1  0      0 56357804   2088 2540612    0    0     0     0 2401 2163 24  2 74  0  0 2021-07-24 06:48:59
 4  0      0 56357840   2088 2540620    0    0     0     0 2492 2262 25  1 74  0  0 2021-07-24 06:49:00
 4  0      0 56358340   2088 2540620    0    0     0     0 2341 2086 24  2 74  0  0 2021-07-24 06:49:01
 4  0      0 56390956   2088 2540620    0    0     0    12 2192 2016 20  3 77  0  0 2021-07-24 06:49:02
 4  0      0 56375960   2088 2540620    0    0     0     0 2594 2327 24  2 74  0  0 2021-07-24 06:49:03
 1  0      0 56358848   2088 2540620    0    0     0     0 2310 2082 24  1 75  0  0 2021-07-24 06:49:04
 1  0      0 56358300   2088 2540620    0    0     0     0 2609 2258 26  2 72  0  0 2021-07-24 06:49:05
procs -----------memory---------- ---swap-- -----io---- -system-- ------cpu----- -----timestamp-----
 r  b   swpd   free   buff  cache   si   so    bi    bo   in   cs us sy id wa st                 UTC
 2  0      0 56358844   2088 2540620    0    0     0     0 1831 1745 20  1 79  0  0 2021-07-24 06:49:06
 4  0      0 56375216   2088 2540628    0    0     0     0 2061 1694 19  0 81  0  0 2021-07-24 06:49:07
 1  0      0 56374228   2088 2540628    0    0     0     0 2029 1913 21  1 78  0  0 2021-07-24 06:49:08
 4  0      0 56374752   2088 2540628    0    0     0     0 2304 2134 23  1 76  0  0 2021-07-24 06:49:09
 1  0      0 56390996   2088 2540628    0    0     0     0 2245 1798 19  1 80  0  0 2021-07-24 06:49:10
 4  0      0 56390880   2088 2540628    0    0     0     0 2620 2321 25  2 73  0  0 2021-07-24 06:49:11
 4  0      0 56391132   2088 2540628    0    0     0     0 2434 2077 23  3 74  0  0 2021-07-24 06:49:12
 1  0      0 56391136   2088 2540628    0    0     0     0 2430 2108 24  2 73  0  0 2021-07-24 06:49:13
 4  0      0 56358896   2088 2540628    0    0     0     0 2452 2140 25  2 74  0  0 2021-07-24 06:49:14
 4  0      0 56283884   2088 2540640    0    0     0     0 2332 2041 23  3 74  0  0 2021-07-24 06:49:15
 1  0      0 56358040   2088 2540640    0    0     0     0 2609 2213 24  3 73  0  0 2021-07-24 06:49:16
 1  0      0 56358660   2088 2540640    0    0     0   232 2256 1994 23  2 75  0  0 2021-07-24 06:49:17
 4  0      0 56343416   2088 2540644    0    0     0     0 2685 2367 25  2 74  0  0 2021-07-24 06:49:18
 1  0      0 56343364   2088 2540644    0    0     0     0 2329 2168 23  1 76  0  0 2021-07-24 06:49:19
 4  0      0 56343292   2088 2540644    0    0     0     0 2218 2022 23  2 76  0  0 2021-07-24 06:49:20
 1  0      0 56343416   2088 2540644    0    0     0     0 2422 2157 25  1 74  0  0 2021-07-24 06:49:21
 1  0      0 56359160   2088 2540644    0    0     0     0 1803 1743 19  1 80  0  0 2021-07-24 06:49:22
 1  0      0 56375628   2088 2540652    0    0     0    20 1565 1560 18  0 81  0  0 2021-07-24 06:49:23
 4  0      0 56335176   2088 2540652    0    0     0     0 2365 2136 23  2 74  0  0 2021-07-24 06:49:24
 1  0      0 56375388   2088 2540652    0    0     0     0 1887 1753 20  1 79  0  0 2021-07-24 06:49:25
 1  0      0 56376136   2088 2540652    0    0     0     0 2422 1958 20  2 78  0  0 2021-07-24 06:49:26
procs -----------memory---------- ---swap-- -----io---- -system-- ------cpu----- -----timestamp-----
 r  b   swpd   free   buff  cache   si   so    bi    bo   in   cs us sy id wa st                 UTC
 2  0      0 56375272   2088 2540652    0    0     0     0 2805 2398 26  3 71  0  0 2021-07-24 06:49:27
 2  0      0 56375524   2088 2540652    0    0     0     0 2479 2033 23  5 72  0  0 2021-07-24 06:49:28
 2  0      0 56358788   2088 2540652    0    0     0     0 2234 2037 23  1 76  0  0 2021-07-24 06:49:29
 2  0      0 56358788   2088 2540660    0    0     0     0 2463 2156 23  2 75  0  0 2021-07-24 06:49:30
 1  0      0 56358924   2088 2540660    0    0     0     0 2557 2294 26  1 73  0  0 2021-07-24 06:49:31
 1  0      0 56358928   2088 2540660    0    0     0     0 2414 2116 24  2 74  0  0 2021-07-24 06:49:32
 4  0      0 56343308   2088 2540660    0    0     0    56 1966 1829 20  1 79  0  0 2021-07-24 06:49:33
 4  0      0 56342692   2088 2540660    0    0     0     0 2754 2401 26  2 72  0  0 2021-07-24 06:49:34
 1  0      0 56342696   2088 2540664    0    0     0     0 2382 2146 25  1 74  0  0 2021-07-24 06:49:35
 4  0      0 56287516   2088 2540664    0    0     0     0 2465 2192 25  1 73  0  0 2021-07-24 06:49:36
 1  0      0 56360800   2088 2540672    0    0     0     0 1890 1786 20  1 79  0  0 2021-07-24 06:49:37
 1  0      0 56391624   2088 2540672    0    0     0     0 1861 1805 18  1 80  0  0 2021-07-24 06:49:38
 3  0      0 56375932   2088 2540672    0    0     0     0 1904 1768 20  1 79  0  0 2021-07-24 06:49:39
 1  0      0 56375684   2088 2540672    0    0     0     0 2241 2094 22  1 77  0  0 2021-07-24 06:49:40
 4  0      0 56384216   2088 2540672    0    0     0     0 1522 1540 17  0 82  0  0 2021-07-24 06:49:41
 4  0      0 56368624   2088 2540672    0    0     0     0 2969 2270 25  3 73  0  0 2021-07-24 06:49:42
 1  0      0 56368256   2088 2540672    0    0     0     0 2569 2108 26  3 71  0  0 2021-07-24 06:49:43
 2  0      0 56368512   2088 2540680    0    0     0     0 2592 2247 26  2 72  0  0 2021-07-24 06:49:44
 1  0      0 56368388   2088 2540680    0    0     0     0 2305 2060 23  2 75  0  0 2021-07-24 06:49:45
 1  0      0 56368396   2088 2540680    0    0     0     0 2511 2132 25  2 73  0  0 2021-07-24 06:49:46
 4  0      0 56363176   2088 2540680    0    0     0    66 2708 2447 26  1 73  0  0 2021-07-24 06:49:47
procs -----------memory---------- ---swap-- -----io---- -system-- ------cpu----- -----timestamp-----
 r  b   swpd   free   buff  cache   si   so    bi    bo   in   cs us sy id wa st                 UTC
 2  0      0 56362196   2088 2540680    0    0     0     0 2406 2077 24  3 74  0  0 2021-07-24 06:49:48
 2  0      0 56391504   2088 2540680    0    0     0     0 2259 2030 23  2 75  0  0 2021-07-24 06:49:49
 4  0      0 56361340   2088 2540680    0    0     0     0 2403 2227 23  1 77  0  0 2021-07-24 06:49:50
 1  0      0 56358732   2088 2540680    0    0     0     0 2225 2044 22  2 76  0  0 2021-07-24 06:49:51
 1  0      0 56359604   2088 2540692    0    0     0     0 2550 2313 25  1 74  0  0 2021-07-24 06:49:52
 1  0      0 56355136   2088 2540696    0    0     0     0 1831 1771 19  1 80  0  0 2021-07-24 06:49:53
 1  0      0 56376220   2088 2540696    0    0     0     0 1698 1685 18  1 81  0  0 2021-07-24 06:49:54
 1  0      0 56375604   2088 2540696    0    0     0     0 1860 1790 19  1 80  0  0 2021-07-24 06:49:55
 1  0      0 56375484   2088 2540696    0    0     0     0 2281 2083 23  1 76  0  0 2021-07-24 06:49:56
 1  0      0 56391732   2088 2540696    0    0     0     0 1861 1712 20  1 79  0  0 2021-07-24 06:49:57
 1  0      0 56391736   2088 2540696    0    0     0     8 2951 2341 26  1 73  0  0 2021-07-24 06:49:58
 4  0      0 56391612   2088 2540696    0    0     0     0 2503 2136 24  4 73  0  0 2021-07-24 06:49:59
 1  0      0 56391868   2088 2540704    0    0     0     0 2383 2065 24  2 74  0  0 2021-07-24 06:50:00
 4  0      0 56344968   2088 2540708    0    0     0     8 2845 2506 25  2 73  0  0 2021-07-24 06:50:01
 2  0      0 56375104   2088 2540708    0    0     0     0 2389 2075 24  3 74  0  0 2021-07-24 06:50:02
 1  0      0 56374864   2088 2540708    0    0     0     0 2552 2216 24  3 73  0  0 2021-07-24 06:50:03
 1  0      0 56357756   2088 2540708    0    0     0     8 2030 1836 21  2 77  0  0 2021-07-24 06:50:04
 1  0      0 56391488   2088 2540708    0    0     0     0 2626 2329 25  2 74  0  0 2021-07-24 06:50:05
 4  0      0 56359988   2088 2540708    0    0     0     0 2364 2115 24  1 75  0  0 2021-07-24 06:50:06
 1  0      0 56342756   2088 2540716    0    0     0     0 2190 2022 22  2 76  0  0 2021-07-24 06:50:07
 1  0      0 56342388   2088 2540716    0    0     0     0 2436 2234 24  1 74  0  0 2021-07-24 06:50:08
procs -----------memory---------- ---swap-- -----io---- -system-- ------cpu----- -----timestamp-----
 r  b   swpd   free   buff  cache   si   so    bi    bo   in   cs us sy id wa st                 UTC
 1  0      0 56359996   2088 2540716    0    0     0    48 1881 1779 20  1 79  0  0 2021-07-24 06:50:09
 1  0      0 56376736   2088 2540716    0    0     0     0 1530 1508 18  0 81  0  0 2021-07-24 06:50:10
 2  0      0 56370664   2088 2540716    0    0     0     0 2370 2085 24  2 74  0  0 2021-07-24 06:50:11
 1  0      0 56370792   2088 2540716    0    0     0     0 1746 1694 19  0 81  0  0 2021-07-24 06:50:12
 1  0      0 56376000   2088 2540716    0    0     0     0 2189 1977 22  1 77  0  0 2021-07-24 06:50:13
 2  0      0 56375512   2088 2540724    0    0     0     0 2805 2397 27  3 71  0  0 2021-07-24 06:50:14
 4  0      0 56375396   2088 2540724    0    0     0     0 2862 2081 24  4 72  0  0 2021-07-24 06:50:15
 1  0      0 56359280   2088 2540724    0    0     0     0 2254 2033 24  1 75  0  0 2021-07-24 06:50:16
 1  0      0 56359160   2088 2540724    0    0     0     0 2465 2142 25  2 74  0  0 2021-07-24 06:50:17
 1  0      0 56358792   2088 2540724    0    0     0    46 2667 2391 26  1 72  0  0 2021-07-24 06:50:18
 4  0      0 56359044   2088 2540724    0    0     0     0 2447 2142 25  2 74  0  0 2021-07-24 06:50:19
 4  0      0 56391868   2088 2540724    0    0     0     0 1995 1801 20  2 78  0  0 2021-07-24 06:50:20
 4  0      0 56376912   2088 2540732    0    0     0     0 2735 2423 25  2 73  0  0 2021-07-24 06:50:21
 1  0      0 56343432   2088 2540732    0    0     0     0 2300 2132 23  2 75  0  0 2021-07-24 06:50:22
 2  0      0 56342684   2088 2540732    0    0     0     0 2420 2197 24  1 74  0  0 2021-07-24 06:50:23
 2  0      0 56359304   2088 2540732    0    0     0     0 2205 1833 20  1 80  0  0 2021-07-24 06:50:24
 1  0      0 56391616   2088 2540732    0    0     0     0 1823 1778 18  1 81  0  0 2021-07-24 06:50:25
 4  0      0 56370964   2088 2540732    0    0     0     0 2048 1877 21  1 77  0  0 2021-07-24 06:50:26
 1  0      0 56371092   2088 2540732    0    0     0     0 2345 2065 25  1 74  0  0 2021-07-24 06:50:27
 2  0      0 56392540   2088 2540732    0    0     0     0 1680 1638 19  1 80  0  0 2021-07-24 06:50:28
 4  0      0 56391436   2088 2540740    0    0     0     0 2656 2341 25  2 73  0  0 2021-07-24 06:50:29
procs -----------memory---------- ---swap-- -----io---- -system-- ------cpu----- -----timestamp-----
 r  b   swpd   free   buff  cache   si   so    bi    bo   in   cs us sy id wa st                 UTC
 1  0      0 56391564   2088 2540740    0    0     0     0 2447 2094 24  3 73  0  0 2021-07-24 06:50:30
 4  0      0 56391940   2088 2540744    0    0     0     0 2873 2273 24  2 74  0  0 2021-07-24 06:50:31
 4  0      0 56358712   2088 2540744    0    0     0     0 2177 2003 21  2 77  0  0 2021-07-24 06:50:32
 1  0      0 56359212   2088 2540744    0    0     0     0 2497 2206 25  2 73  0  0 2021-07-24 06:50:33
 3  0      0 56359084   2088 2540744    0    0     0   260 2544 2185 23  3 74  0  0 2021-07-24 06:50:34
 2  0      0 56358724   2088 2540744    0    0     0     0 2355 2018 24  2 74  0  0 2021-07-24 06:50:35
 1  0      0 56391588   2088 2540752    0    0     0     0 2397 2121 24  1 74  0  0 2021-07-24 06:50:36
 1  0      0 56360588   2088 2540752    0    0     0     0 2434 2142 24  2 74  0  0 2021-07-24 06:50:37
 1  0      0 56358728   2088 2540752    0    0     0     0 2297 2114 24  1 75  0  0 2021-07-24 06:50:38
 4  0      0 56358928   2088 2540752    0    0     0     8 2494 2337 24  1 75  0  0 2021-07-24 06:50:39
 1  0      0 56355136   2088 2540752    0    0     0     0 1849 1841 17  2 81  0  0 2021-07-24 06:50:40
 1  0      0 56376092   2088 2540752    0    0     0     0 1363 1450 16  0 84  0  0 2021-07-24 06:50:41
 4  0      0 56375224   2088 2540752    0    0     0     0 2243 2021 24  1 75  0  0 2021-07-24 06:50:42
 1  0      0 56375356   2088 2540764    0    0     0     0 2077 1869 22  1 77  0  0 2021-07-24 06:50:43
 1  0      0 56376104   2088 2540764    0    0     0    44 1851 1738 18  2 80  0  0 2021-07-24 06:50:44
 4  0      0 56375488   2088 2540764    0    0     0     0 2754 2466 26  2 72  0  0 2021-07-24 06:50:45
 2  0      0 56375864   2088 2540764    0    0     0     0 2509 2082 24  4 72  0  0 2021-07-24 06:50:46
 4  0      0 56307668   2088 2540764    0    0     0     0 2475 1979 21  2 77  0  0 2021-07-24 06:50:47
 4  0      0 56374992   2088 2540764    0    0     0     0 2694 2305 25  3 73  0  0 2021-07-24 06:50:48
 4  0      0 56375120   2088 2540764    0    0     0    23 2618 2385 25  1 74  0  0 2021-07-24 06:50:49
 1  0      0 56375368   2088 2540764    0    0     0     4 2375 2176 23  2 76  0  0 2021-07-24 06:50:50
procs -----------memory---------- ---swap-- -----io---- -system-- ------cpu----- -----timestamp-----
 r  b   swpd   free   buff  cache   si   so    bi    bo   in   cs us sy id wa st                 UTC
 4  0      0 56391384   2088 2540772    0    0     0     0 2065 1864 21  2 77  0  0 2021-07-24 06:50:51
 4  0      0 56376496   2088 2540772    0    0     0     0 2688 2393 25  1 74  0  0 2021-07-24 06:50:52
 1  0      0 56360140   2088 2540772    0    0     0     0 2449 2209 25  1 74  0  0 2021-07-24 06:50:53
 4  0      0 56342408   2088 2540772    0    0     0     0 2308 2168 23  1 76  0  0 2021-07-24 06:50:54
 1  0      0 56379236   2088 2540772    0    0     0     0 1859 1750 20  1 79  0  0 2021-07-24 06:50:55
 1  0      0 56391416   2088 2540772    0    0     0     0 1762 1687 18  1 80  0  0 2021-07-24 06:50:56
 4  0      0 56362372   2088 2540772    0    0     0     0 1859 1799 19  1 80  0  0 2021-07-24 06:50:57
 1  0      0 56362004   2088 2540780    0    0     0     0 2439 2186 25  1 74  0  0 2021-07-24 06:50:58
 1  0      0 56386000   2088 2540780    0    0     0     0 1433 1478 17  0 83  0  0 2021-07-24 06:50:59
 4  0      0 56371312   2088 2540780    0    0     0     0 2636 2319 23  3 74  0  0 2021-07-24 06:51:00
 1  0      0 56370824   2088 2540780    0    0     0     0 2492 2098 24  4 72  0  0 2021-07-24 06:51:01
 4  0      0 56370952   2088 2540780    0    0     0     0 2590 2232 25  2 73  0  0 2021-07-24 06:51:02
 1  0      0 56371080   2088 2540780    0    0     0     0 2680 2129 24  1 75  0  0 2021-07-24 06:51:03
 1  0      0 56371084   2088 2540780    0    0     0     0 2437 2150 24  2 74  0  0 2021-07-24 06:51:04
 4  0      0 56335868   2088 2540788    0    0     0     0 2495 2269 24  1 75  0  0 2021-07-24 06:51:05
 2  0      0 56367992   2088 2540792    0    0     0     0 2334 2032 23  3 75  0  0 2021-07-24 06:51:06
 2  0      0 56391680   2088 2540792    0    0     0     0 2236 1976 23  2 75  0  0 2021-07-24 06:51:07
 4  0      0 56361304   2088 2540792    0    0     0     0 2438 2224 23  1 76  0  0 2021-07-24 06:51:08
 1  0      0 56342336   2088 2540792    0    0     0     0 2379 2109 24  2 75  0  0 2021-07-24 06:51:09
 1  0      0 56342308   2088 2540796    0    0     0     8 2608 2411 25  1 74  0  0 2021-07-24 06:51:10
 4  0      0 56355576   2088 2540796    0    0     0     0 2003 1847 21  1 77  0  0 2021-07-24 06:51:11
procs -----------memory---------- ---swap-- -----io---- -system-- ------cpu----- -----timestamp-----
 r  b   swpd   free   buff  cache   si   so    bi    bo   in   cs us sy id wa st                 UTC
 1  0      0 56359544   2088 2540804    0    0     0     0 1712 1631 20  1 79  0  0 2021-07-24 06:51:12
 1  0      0 56359052   2088 2540804    0    0     0     0 1958 1766 21  1 78  0  0 2021-07-24 06:51:13
 1  0      0 56359056   2088 2540804    0    0     0     0 2177 1994 22  1 77  0  0 2021-07-24 06:51:14
 4  0      0 56385964   2088 2540804    0    0     0     4 1991 1802 21  2 78  0  0 2021-07-24 06:51:15
 1  0      0 56369480   2088 2540804    0    0     0     0 2579 2319 25  1 74  0  0 2021-07-24 06:51:16
 4  0      0 56369608   2088 2540804    0    0     0     0 2583 2197 25  3 72  0  0 2021-07-24 06:51:17
 2  0      0 56369736   2088 2540804    0    0     0     0 2093 1922 21  2 78  0  0 2021-07-24 06:51:18
 2  0      0 56369488   2088 2540804    0    0     0     0 2995 2265 25  3 72  0  0 2021-07-24 06:51:19
 4  0      0 56370116   2088 2540812    0    0     0   108 2443 2169 25  2 74  0  0 2021-07-24 06:51:20
 1  0      0 56369752   2088 2540812    0    0     0     0 2333 2096 22  2 76  0  0 2021-07-24 06:51:21
 4  0      0 56391764   2088 2540812    0    0     0     0 2079 1895 20  2 78  0  0 2021-07-24 06:51:22
 4  0      0 56377080   2088 2540812    0    0     0     0 2732 2385 26  2 73  0  0 2021-07-24 06:51:23
 1  0      0 56360836   2088 2540812    0    0     0     0 2479 2276 25  1 75  0  0 2021-07-24 06:51:24
 4  0      0 56359348   2088 2540812    0    0     0     0 2198 2041 23  1 76  0  0 2021-07-24 06:51:25
 1  0      0 56359348   2088 2540812    0    0     0     0 2135 1983 22  1 77  0  0 2021-07-24 06:51:26
 1  0      0 56352280   2088 2540812    0    0     0     0 1835 1754 18  2 80  0  0 2021-07-24 06:51:27
 2  0      0 56363188   2088 2540824    0    0     0     0 1742 1665 20  1 79  0  0 2021-07-24 06:51:28
 2  0      0 56362580   2088 2540824    0    0     0     0 2347 2137 22  2 76  0  0 2021-07-24 06:51:29
 1  0      0 56359852   2088 2540824    0    0     0     0 1550 1526 19  0 81  0  0 2021-07-24 06:51:30
 4  0      0 56376432   2088 2540824    0    0     0   124 2337 2092 23  2 75  0  0 2021-07-24 06:51:31
 2  0      0 56375568   2088 2540824    0    0     0     0 2565 2176 23  4 73  0  0 2021-07-24 06:51:32
procs -----------memory---------- ---swap-- -----io---- -system-- ------cpu----- -----timestamp-----
 r  b   swpd   free   buff  cache   si   so    bi    bo   in   cs us sy id wa st                 UTC
 1  0      0 56375700   2088 2540824    0    0     0     0 2628 2204 26  3 71  0  0 2021-07-24 06:51:33
 4  0      0 56359212   2088 2540824    0    0     0     0 2247 2055 23  1 76  0  0 2021-07-24 06:51:34
 1  0      0 56359340   2088 2540832    0    0     0     0 2771 2151 24  2 74  0  0 2021-07-24 06:51:35
 1  0      0 56359220   2088 2540832    0    0     0     0 2539 2227 26  1 73  0  0 2021-07-24 06:51:36
 1  0      0 56359472   2088 2540832    0    0     0     0 2450 2182 24  2 74  0  0 2021-07-24 06:51:37
 4  0      0 56391852   2088 2540832    0    0     0     0 2038 1852 20  2 77  0  0 2021-07-24 06:51:38
 4  0      0 56376968   2088 2540832    0    0     0     0 2702 2332 26  2 72  0  0 2021-07-24 06:51:39
 1  0      0 56343984   2088 2540832    0    0     0     0 2203 2074 21  1 77  0  0 2021-07-24 06:51:40
 1  0      0 56343236   2088 2540832    0    0     0     4 2534 2260 25  2 73  0  0 2021-07-24 06:51:41
 4  0      0 56356508   2088 2540840    0    0     0     0 1781 1723 20  1 79  0  0 2021-07-24 06:51:42
 1  0      0 56376224   2088 2540844    0    0     0     0 1815 1688 20  1 79  0  0 2021-07-24 06:51:43
 1  0      0 56359612   2088 2540844    0    0     0     0 2114 1980 21  2 77  0  0 2021-07-24 06:51:44
 1  0      0 56359488   2088 2540844    0    0     0     0 2109 1923 22  1 77  0  0 2021-07-24 06:51:45
 2  0      0 56387020   2088 2540844    0    0     0     0 1754 1643 19  1 79  0  0 2021-07-24 06:51:46
 1  0      0 56370164   2088 2540844    0    0     0     0 2650 2345 25  2 73  0  0 2021-07-24 06:51:47
 4  0      0 56370292   2088 2540844    0    0     0     0 2598 2215 25  3 72  0  0 2021-07-24 06:51:48
 4  0      0 56370288   2088 2540844    0    0     0     0 2808 2514 26  2 73  0  0 2021-07-24 06:51:49
 1  0      0 56358900   2088 2540852    0    0     0    64 2190 2014 22  1 77  0  0 2021-07-24 06:51:50
 1  0      0 56358904   2088 2540852    0    0     0     0 2789 2147 25  2 73  0  0 2021-07-24 06:51:51
 2  0      0 56358908   2088 2540856    0    0     0     0 2485 2171 23  3 74  0  0 2021-07-24 06:51:52
 1  0      0 56358792   2088 2540856    0    0     0     0 2397 2113 24  2 74  0  0 2021-07-24 06:51:53
procs -----------memory---------- ---swap-- -----io---- -system-- ------cpu----- -----timestamp-----
 r  b   swpd   free   buff  cache   si   so    bi    bo   in   cs us sy id wa st                 UTC
 1  0      0 56391656   2088 2540856    0    0     0     0 2812 2183 25  1 74  0  0 2021-07-24 06:51:54
 1  0      0 56360732   2088 2540856    0    0     0     0 2399 2172 22  2 76  0  0 2021-07-24 06:51:55
 1  0      0 56342556   2088 2540856    0    0     0     0 2195 2034 22  1 76  0  0 2021-07-24 06:51:56
 1  0      0 56341684   2088 2540864    0    0     0     0 2644 2382 27  1 73  0  0 2021-07-24 06:51:57
 1  0      0 56354832   2088 2540864    0    0     0     0 1936 1826 20  1 79  0  0 2021-07-24 06:51:58
 1  0      0 56362644   2088 2540864    0    0     0     0 1454 1559 16  0 83  0  0 2021-07-24 06:51:59
 1  0      0 56362152   2088 2540864    0    0     0     0 2240 2056 23  1 76  0  0 2021-07-24 06:52:00
 1  0      0 56359056   2088 2540864    0    0     0    48 2036 1946 19  2 79  0  0 2021-07-24 06:52:01
 1  0      0 56355588   2088 2540864    0    0     0     0 1913 1767 19  2 79  0  0 2021-07-24 06:52:02
 1  0      0 56355096   2088 2540864    0    0     0     0 2815 2451 29  1 69  0  0 2021-07-24 06:52:03
 2  0      0 56355348   2088 2540872    0    0     0     0 2573 2101 25  4 70  0  0 2021-07-24 06:52:04
 4  0      0 56355228   2088 2540872    0    0     0     0 2032 1979 21  1 77  0  0 2021-07-24 06:52:05
 1  0      0 56350152   2088 2540872    0    0     0     4 2441 2131 24  3 73  0  0 2021-07-24 06:52:06
 4  0      0 56350156   2088 2540872    0    0     0     0 2849 2331 26  1 73  0  0 2021-07-24 06:52:07
 4  0      0 56349912   2088 2540872    0    0     0     0 2365 2204 24  2 74  0  0 2021-07-24 06:52:08
 1  0      0 56391476   2088 2540872    0    0     0     0 2033 1906 21  2 77  0  0 2021-07-24 06:52:09
 1  0      0 56376460   2088 2540872    0    0     0     0 2664 2406 26  1 72  0  0 2021-07-24 06:52:10
 1  0      0 56360092   2088 2540872    0    0     0     0 2399 2223 24  1 75  0  0 2021-07-24 06:52:11
 1  0      0 56342608   2088 2540880    0    0     0     8 2250 2106 23  1 76  0  0 2021-07-24 06:52:12
 4  0      0 56391616   2088 2540880    0    0     0     0 1913 1841 21  1 78  0  0 2021-07-24 06:52:13
 0  0      0 59283548   2088 2380284    0    0     0     0 2281 1849 13  4 83  0  0 2021-07-24 06:52:14
procs -----------memory---------- ---swap-- -----io---- -system-- ------cpu----- -----timestamp-----
 r  b   swpd   free   buff  cache   si   so    bi    bo   in   cs us sy id wa st                 UTC
 0  0      0 59283976   2088 2380072    0    0     0     0  476  856  0  0 100  0  0 2021-07-24 06:52:15
 0  0      0 59283984   2088 2380072    0    0     0     0  479  858  0  0 100  0  0 2021-07-24 06:52:16
 0  0      0 59283984   2088 2380076    0    0     0     0  512  908  0  0 100  0  0 2021-07-24 06:52:17
 0  0      0 59283992   2088 2380076    0    0     0     0  866  926  0  0 100  0  0 2021-07-24 06:52:18
 0  0      0 59283992   2088 2380076    0    0     0     0  494  883  0  0 100  0  0 2021-07-24 06:52:19
 0  0      0 59283992   2088 2380076    0    0     0     0  474  853  0  0 100  0  0 2021-07-24 06:52:20
 0  0      0 59283992   2088 2380076    0    0     0    91  519  920  0  0 100  0  0 2021-07-24 06:52:21
 0  0      0 59283992   2088 2380076    0    0     0     4  524  916  0  0 100  0  0 2021-07-24 06:52:22
 0  0      0 59283992   2088 2380076    0    0     0     0  507  890  0  0 100  0  0 2021-07-24 06:52:23
 0  0      0 59283992   2088 2380076    0    0     0     0  823  871  0  0 100  0  0 2021-07-24 06:52:24
 0  0      0 59283992   2088 2380076    0    0     0     0  497  880  0  0 100  0  0 2021-07-24 06:52:25
 0  0      0 59283992   2088 2380076    0    0     0     0  521  923  0  0 100  0  0 2021-07-24 06:52:26
 0  0      0 59284016   2088 2380076    0    0     0 43836  867  942  0  0 99  1  0 2021-07-24 06:52:27
 0  0      0 59284016   2088 2380076    0    0     0     0  510  894  0  0 100  0  0 2021-07-24 06:52:28
 0  0      0 59284016   2088 2380076    0    0     0     0  517  906  0  0 100  0  0 2021-07-24 06:52:29
 0  0      0 59284016   2088 2380076    0    0     0     0  501  897  0  0 100  0  0 2021-07-24 06:52:30
 0  0      0 59284016   2088 2380076    0    0     0     0  491  867  0  0 100  0  0 2021-07-24 06:52:31
 0  0      0 59284016   2088 2380076    0    0     0     0  508  907  0  0 100  0  0 2021-07-24 06:52:32
 0  0      0 59284016   2088 2380076    0    0     0     0  522  921  0  0 100  0  0 2021-07-24 06:52:33
 0  0      0 59284016   2088 2380076    0    0     0     0  521  918  0  0 100  0  0 2021-07-24 06:52:34
 0  0      0 59284016   2088 2380076    0    0     0     0  505  900  0  0 100  0  0 2021-07-24 06:52:35
procs -----------memory---------- ---swap-- -----io---- -system-- ------cpu----- -----timestamp-----
 r  b   swpd   free   buff  cache   si   so    bi    bo   in   cs us sy id wa st                 UTC
 0  0      0 59284016   2088 2380076    0    0     0     0  522  926  0  0 100  0  0 2021-07-24 06:52:36
 0  0      0 59284016   2088 2380076    0    0     0     0  494  884  0  0 100  0  0 2021-07-24 06:52:37
 0  0      0 59284016   2088 2380076    0    0     0     0  512  904  0  0 100  0  0 2021-07-24 06:52:38
 0  0      0 59284016   2088 2380076    0    0     0     0  506  882  0  0 100  0  0 2021-07-24 06:52:39
 0  0      0 59284016   2088 2380076    0    0     0     0  832  882  0  0 100  0  0 2021-07-24 06:52:40
 0  0      0 59284016   2088 2380076    0    0     0     0  503  887  0  0 100  0  0 2021-07-24 06:52:41
 0  0      0 59284016   2088 2380076    0    0     0     0  513  905  0  0 100  0  0 2021-07-24 06:52:42
 0  0      0 59284016   2088 2380076    0    0     0     0  498  880  0  0 100  0  0 2021-07-24 06:52:43
 0  0      0 59284016   2088 2380076    0    0     0     0  512  894  0  0 100  0  0 2021-07-24 06:52:44
 0  0      0 59284016   2088 2380076    0    0     0     0  497  895  0  0 100  0  0 2021-07-24 06:52:45
 0  0      0 59284016   2088 2380076    0    0     0     0  521  915  0  0 100  0  0 2021-07-24 06:52:46
 0  0      0 59284016   2088 2380076    0    0     0     0  514  899  0  0 100  0  0 2021-07-24 06:52:47
 0  0      0 59284016   2088 2380076    0    0     0     0  523  926  0  0 100  0  0 2021-07-24 06:52:48
 0  0      0 59284016   2088 2380076    0    0     0     0  549  953  0  0 100  0  0 2021-07-24 06:52:49
 0  0      0 59284016   2088 2380076    0    0     0     0  595 1022  0  0 100  0  0 2021-07-24 06:52:50
 0  0      0 59284016   2088 2380076    0    0     0     0  502  893  0  0 100  0  0 2021-07-24 06:52:51
 0  0      0 59284016   2088 2380076    0    0     0    30  511  910  0  0 100  0  0 2021-07-24 06:52:52
 0  0      0 59284016   2088 2380076    0    0     0     0  584  991  0  0 100  0  0 2021-07-24 06:52:53
