#Date       Time        gpu rxpci txpci    sm   mem   enc   dec
#YYYYMMDD   HH:MM:SS    Idx  MB/s  MB/s     %     %     %     %
 20210724   05:04:35      0     0     0     0     0     0     0
 20210724   05:04:37      0     0     0     0     0     0     0
 20210724   05:04:38      0     0     0     0     0     0     0
 20210724   05:04:39      0     0     0     0     0     0     0
 20210724   05:04:40      0     0     0     0     0     0     0
 20210724   05:04:41      0     0     0     0     0     0     0
 20210724   05:04:42      0     0     0     0     0     0     0
 20210724   05:04:43      0     0     0     0     0     0     0
 20210724   05:04:44      0     0     0     0     0     0     0
 20210724   05:04:45      0     0     0     0     0     0     0
 20210724   05:04:46      0     0     0     0     0     0     0
 20210724   05:04:47      0     0     0     0     0     0     0
 20210724   05:04:49      0     0     0     0     0     0     0
 20210724   05:04:50      0     0     0     0     0     0     0
 20210724   05:04:51      0     0     0     0     0     0     0
 20210724   05:04:52      0     0     0     0     0     0     0
 20210724   05:04:53      0     0     0     0     0     0     0
 20210724   05:04:54      0     0     0     0     0     0     0
 20210724   05:04:55      0     0     0     0     0     0     0
 20210724   05:04:56      0     0     0     0     0     0     0
 20210724   05:04:57      0     0     0     0     0     0     0
 20210724   05:04:58      0     0     0     0     0     0     0
 20210724   05:05:00      0     0     0     0     0     0     0
 20210724   05:05:01      0     0     0     0     0     0     0
 20210724   05:05:02      0     0     0     0     0     0     0
 20210724   05:05:03      0     0     0     0     0     0     0
 20210724   05:05:04      0     0     0     0     0     0     0
 20210724   05:05:05      0     0     0     0     0     0     0
 20210724   05:05:06      0     0     0     0     0     0     0
 20210724   05:05:07      0     0     0     0     0     0     0
 20210724   05:05:08      0     0     0     0     0     0     0
 20210724   05:05:10      0     0     0     0     0     0     0
 20210724   05:05:11      0     0     0     0     0     0     0
 20210724   05:05:12      0     0     0     0     0     0     0
 20210724   05:05:13      0     0     0     0     0     0     0
 20210724   05:05:14      0     0     0     0     0     0     0
 20210724   05:05:15      0     0     0     0     0     0     0
 20210724   05:05:16      0     0     0     0     0     0     0
 20210724   05:05:17      0     0     0     0     0     0     0
 20210724   05:05:19      0     0     0     0     0     0     0
 20210724   05:05:20      0     0     0     0     0     0     0
 20210724   05:05:21      0     0     0     0     0     0     0
 20210724   05:05:22      0     0     0     0     0     0     0
 20210724   05:05:23      0     0     0     0     0     0     0
#Date       Time        gpu rxpci txpci    sm   mem   enc   dec
#YYYYMMDD   HH:MM:SS    Idx  MB/s  MB/s     %     %     %     %
 20210724   05:05:24      0     0     0     0     0     0     0
 20210724   05:05:25      0     0     0     0     0     0     0
 20210724   05:05:26      0     0     0     0     0     0     0
 20210724   05:05:27      0     0     0     0     0     0     0
 20210724   05:05:28      0     0     0     0     0     0     0
 20210724   05:05:30      0     0     0     0     0     0     0
 20210724   05:05:31      0     0     0     0     0     0     0
 20210724   05:05:32      0     0     1     0     0     0     0
 20210724   05:05:33      0   305     0     3     0     0     0
 20210724   05:05:34      0     0    63     8     0     0     0
 20210724   05:05:35      0     0     0     3     0     0     0
 20210724   05:05:36      0     0     0    14     1     0     0
 20210724   05:05:37      0     0     0     0     0     0     0
 20210724   05:05:38      0     0     0     0     0     0     0
 20210724   05:05:39      0     0     0     0     0     0     0
 20210724   05:05:40      0     0     0     0     0     0     0
 20210724   05:05:42      0  3608   408    34    23     0     0
 20210724   05:05:43      0     0     0     0     0     0     0
 20210724   05:05:44      0     0     0     0     0     0     0
 20210724   05:05:45      0     0     0     0     0     0     0
 20210724   05:05:46      0  3396   349    27    17     0     0
 20210724   05:05:47      0     0     0    28     0     0     0
 20210724   05:05:48      0     0     0    35     5     0     0
 20210724   05:05:49      0     0     0     0     0     0     0
 20210724   05:05:50      0     0     0     0     0     0     0
 20210724   05:05:51      0     0     0     0     0     0     0
 20210724   05:05:53      0     0     0     0     0     0     0
 20210724   05:05:54      0     0     0     0     0     0     0
 20210724   05:05:55      0     0     0     0     0     0     0
 20210724   05:05:56      0     0     0     0     0     0     0
 20210724   05:05:57      0  3400   387    94    28     0     0
 20210724   05:05:58      0     0     0    49     0     0     0
 20210724   05:05:59      0     0     0    42    28     0     0
 20210724   05:06:00      0     0     0     0     0     0     0
 20210724   05:06:01      0  3503   386    50    28     0     0
 20210724   05:06:02      0  2212     0    17     8     0     0
 20210724   05:06:04      0     0     0     9     0     0     0
 20210724   05:06:05      0     0     0     0     0     0     0
 20210724   05:06:06      0     0     0     0     0     0     0
 20210724   05:06:07      0     0     0     0     0     0     0
 20210724   05:06:08      0     0     0     0     0     0     0
 20210724   05:06:09      0     0     0     0     0     0     0
 20210724   05:06:10      0     0     0     0     0     0     0
 20210724   05:06:11      0     0     0    37    28     0     0
#Date       Time        gpu rxpci txpci    sm   mem   enc   dec
#YYYYMMDD   HH:MM:SS    Idx  MB/s  MB/s     %     %     %     %
 20210724   05:06:12      0     0     0     0     0     0     0
 20210724   05:06:14      0     0     0     0     0     0     0
 20210724   05:06:15      0     0   737     0     0     0     0
 20210724   05:06:16      0     0     0     0     0     0     0
 20210724   05:06:17      0     0     0     0     0     0     0
 20210724   05:06:18      0     0   358     0     0     0     0
 20210724   05:06:19      0  3577   359     0     0     0     0
 20210724   05:06:20      0   308     6    30    19     0     0
 20210724   05:06:21      0     0     0    37    25     0     0
 20210724   05:06:22      0     0     0     0     0     0     0
 20210724   05:06:24      0     0     0     0     0     0     0
 20210724   05:06:25      0     0     0    41    28     0     0
 20210724   05:06:26      0     0     0     0     0     0     0
 20210724   05:06:27      0     0     0    42    28     0     0
 20210724   05:06:28      0     0     0     0     0     0     0
 20210724   05:06:29      0     0   608     0     0     0     0
 20210724   05:06:30      0     0   532     0     0     0     0
 20210724   05:06:31      0     0     0    32     0     0     0
 20210724   05:06:32      0     0     0     0     0     0     0
 20210724   05:06:34      0     0     0     0     0     0     0
 20210724   05:06:35      0     0     0     0     0     0     0
 20210724   05:06:36      0     0   709     0     0     0     0
 20210724   05:06:37      0     0     0    39    25     0     0
 20210724   05:06:38      0     0     0     0     0     0     0
 20210724   05:06:39      0     0     0     0     0     0     0
 20210724   05:06:40      0  3807   308     0     0     0     0
 20210724   05:06:41      0     0     0     0     0     0     0
 20210724   05:06:42      0     0     0     0     0     0     0
 20210724   05:06:43      0     0     0    41    28     0     0
 20210724   05:06:45      0     0     0     0     0     0     0
 20210724   05:06:46      0     0     0     0     0     0     0
 20210724   05:06:47      0     0     0     0     0     0     0
 20210724   05:06:48      0     0     0    41    28     0     0
 20210724   05:06:49      0     0     0     0     0     0     0
 20210724   05:06:50      0     0     0     0     0     0     0
 20210724   05:06:51      0     0     0     0     0     0     0
 20210724   05:06:52      0   917     8     0     0     0     0
 20210724   05:06:53      0     0     0     0     0     0     0
 20210724   05:06:54      0     0     0     0     0     0     0
 20210724   05:06:56      0     0   763     0     0     0     0
 20210724   05:06:57      0     0     0    19    14     0     0
 20210724   05:06:58      0     0   530     0     0     0     0
 20210724   05:06:59      0     0     0    35    26     0     0
 20210724   05:07:00      0     0     0     0     0     0     0
#Date       Time        gpu rxpci txpci    sm   mem   enc   dec
#YYYYMMDD   HH:MM:SS    Idx  MB/s  MB/s     %     %     %     %
 20210724   05:07:01      0     0     0     0     0     0     0
 20210724   05:07:02      0  2386     0    54    28     0     0
 20210724   05:07:03      0     0     0     0     0     0     0
 20210724   05:07:05      0     0     0     0     0     0     0
 20210724   05:07:06      0     0     0     0     0     0     0
 20210724   05:07:07      0     0     0     0     0     0     0
 20210724   05:07:08      0  3421   481     0     0     0     0
 20210724   05:07:09      0     0     0     0     0     0     0
 20210724   05:07:10      0     0     0     0     0     0     0
 20210724   05:07:11      0     0     0     0     0     0     0
 20210724   05:07:12      0     3     0    38    26     0     0
 20210724   05:07:13      0     0     0     0     0     0     0
 20210724   05:07:14      0     0     0    25    16     0     0
 20210724   05:07:15      0     0     0     0     0     0     0
 20210724   05:07:17      0     0     0     0     0     0     0
 20210724   05:07:18      0     0   153     0     0     0     0
 20210724   05:07:19      0    67     0    40    28     0     0
 20210724   05:07:20      0     0     0     0     0     0     0
 20210724   05:07:21      0     0     0     0     0     0     0
 20210724   05:07:22      0     0     0     0     0     0     0
 20210724   05:07:23      0     0     0     0     0     0     0
 20210724   05:07:24      0     0     0     0     0     0     0
 20210724   05:07:25      0     0     0    39    26     0     0
 20210724   05:07:26      0     0     0     0     0     0     0
 20210724   05:07:28      0     0   742     0     0     0     0
 20210724   05:07:29      0     0     0     0     0     0     0
 20210724   05:07:30      0     0   309     0     0     0     0
 20210724   05:07:31      0     0     0    69     0     0     0
 20210724   05:07:32      0     0     0     0     0     0     0
 20210724   05:07:33      0     0     0     0     0     0     0
 20210724   05:07:34      0  5242   501    17    11     0     0
 20210724   05:07:35      0     0     0     0     0     0     0
 20210724   05:07:36      0     0     0     0     0     0     0
 20210724   05:07:38      0     0     0     0     0     0     0
 20210724   05:07:39      0     0     0     0     0     0     0
 20210724   05:07:40      0     0     0    22    13     0     0
 20210724   05:07:41      0     0   740     0     0     0     0
 20210724   05:07:42      0     0     0     0     0     0     0
 20210724   05:07:43      0     0     0     0     0     0     0
 20210724   05:07:44      0     0     0     0     0     0     0
 20210724   05:07:45      0     0     0     0     0     0     0
 20210724   05:07:46      0  3386   387    29    19     0     0
 20210724   05:07:47      0     0     0     5     0     0     0
 20210724   05:07:48      0     0     0     6     3     0     0
#Date       Time        gpu rxpci txpci    sm   mem   enc   dec
#YYYYMMDD   HH:MM:SS    Idx  MB/s  MB/s     %     %     %     %
 20210724   05:07:49      0     0     0     0     0     0     0
 20210724   05:07:50      0  6156   428     0     0     0     0
 20210724   05:07:52      0  3565   403     0     0     0     0
 20210724   05:07:53      0  1312   386    46    30     0     0
 20210724   05:07:54      0     0     0     0     0     0     0
 20210724   05:07:55      0     0     0     0     0     0     0
 20210724   05:07:56      0     0     0     0     0     0     0
 20210724   05:07:57      0     0     0     0     0     0     0
 20210724   05:07:58      0     0     0     0     0     0     0
 20210724   05:07:59      0     0     0     0     0     0     0
 20210724   05:08:00      0     0     0     0     0     0     0
 20210724   05:08:02      0  4486   472     0     0     0     0
 20210724   05:08:03      0  3570   209    99    28     0     0
 20210724   05:08:04      0     1     0    19    12     0     0
 20210724   05:08:05      0     0     0     0     0     0     0
 20210724   05:08:06      0     0     0     0     0     0     0
 20210724   05:08:07      0     0   423     0     0     0     0
 20210724   05:08:08      0  5897   437     0     0     0     0
 20210724   05:08:09      0  5496   398     0     0     0     0
 20210724   05:08:10      0     0     0     0     0     0     0
 20210724   05:08:11      0     0     0     0     0     0     0
 20210724   05:08:13      0     0     0     0     0     0     0
 20210724   05:08:14      0     0     0     0     0     0     0
 20210724   05:08:15      0     0     0     0     0     0     0
 20210724   05:08:16      0     0     0     7     1     0     0
 20210724   05:08:17      0     0     0     0     0     0     0
 20210724   05:08:18      0     0     0     0     0     0     0
 20210724   05:08:19      0     0     0     0     0     0     0
 20210724   05:08:20      0     0     0    20     0     0     0
 20210724   05:08:21      0     0     0     0     0     0     0
 20210724   05:08:23      0     0     0     0     0     0     0
 20210724   05:08:24      0  1234   700     0     0     0     0
 20210724   05:08:25      0  4446   419     0     0     0     0
 20210724   05:08:26      0     0     0    13     9     0     0
 20210724   05:08:27      0     0     0     0     0     0     0
 20210724   05:08:28      0     0     0     0     0     0     0
 20210724   05:08:29      0     2     0     0     0     0     0
 20210724   05:08:30      0     0     0     0     0     0     0
 20210724   05:08:31      0  2912   603     0     0     0     0
 20210724   05:08:32      0     0     0     6     3     0     0
 20210724   05:08:34      0     0     0     0     0     0     0
 20210724   05:08:35      0     0     0     0     0     0     0
 20210724   05:08:36      0  3395   386    76    28     0     0
 20210724   05:08:37      0     0     0     0     0     0     0
#Date       Time        gpu rxpci txpci    sm   mem   enc   dec
#YYYYMMDD   HH:MM:SS    Idx  MB/s  MB/s     %     %     %     %
 20210724   05:08:38      0     0     0     0     0     0     0
 20210724   05:08:39      0     0     0     0     0     0     0
 20210724   05:08:40      0     0     0     0     0     0     0
 20210724   05:08:41      0  3261    67    25    16     0     0
 20210724   05:08:42      0     0     0     0     0     0     0
 20210724   05:08:43      0     0     0     0     0     0     0
 20210724   05:08:44      0     0     0     0     0     0     0
 20210724   05:08:46      0     0     0    42    28     0     0
 20210724   05:08:47      0     0     0     0     0     0     0
 20210724   05:08:48      0     0     0    42    28     0     0
 20210724   05:08:49      0     0     0     0     0     0     0
 20210724   05:08:50      0     0     0     0     0     0     0
 20210724   05:08:51      0  3452   386     0     0     0     0
 20210724   05:08:52      0     0     0     3     1     0     0
 20210724   05:08:53      0     0     0     0     0     0     0
 20210724   05:08:54      0     0     0     0     0     0     0
 20210724   05:08:56      0     0     0     0     0     0     0
 20210724   05:08:57      0     0   675     0     0     0     0
 20210724   05:08:58      0     0     0     0     0     0     0
 20210724   05:08:59      0     0     0     0     0     0     0
 20210724   05:09:00      0     0   466     0     0     0     0
 20210724   05:09:01      0     0     0     0     0     0     0
 20210724   05:09:02      0     0     0     0     0     0     0
 20210724   05:09:03      0     0     0     0     0     0     0
 20210724   05:09:05      0     0     0     0     0     0     0
 20210724   05:09:06      0     0     0     0     0     0     0
 20210724   05:09:07      0  3602   408    35    24     0     0
 20210724   05:09:08      0     0     0    41    28     0     0
 20210724   05:09:09      0     0     0     0     0     0     0
 20210724   05:09:10      0     0     0     0     0     0     0
 20210724   05:09:11      0     0     0     0     0     0     0
 20210724   05:09:12      0     0     0     0     0     0     0
 20210724   05:09:13      0     0     0     0     0     0     0
 20210724   05:09:14      0   246     0    39    25     0     0
 20210724   05:09:15      0     0     0     0     0     0     0
 20210724   05:09:16      0     0     0     0     0     0     0
 20210724   05:09:17      0     0     0     0     0     0     0
 20210724   05:09:19      0     0     0     0     0     0     0
 20210724   05:09:20      0  3558   404    91    28     0     0
 20210724   05:09:21      0     0     0     0     0     0     0
 20210724   05:09:22      0     0     0     0     0     0     0
 20210724   05:09:23      0     0     0     0     0     0     0
 20210724   05:09:24      0     0     0    30     0     0     0
 20210724   05:09:25      0     0     0     0     0     0     0
#Date       Time        gpu rxpci txpci    sm   mem   enc   dec
#YYYYMMDD   HH:MM:SS    Idx  MB/s  MB/s     %     %     %     %
 20210724   05:09:26      0     0     0     0     0     0     0
 20210724   05:09:27      0     0     0     0     0     0     0
 20210724   05:09:28      0  4199   420     0     0     0     0
 20210724   05:09:29      0     0     0     0     0     0     0
 20210724   05:09:31      0     0     0     0     0     0     0
 20210724   05:09:32      0     0     0     0     0     0     0
 20210724   05:09:33      0     0     0     0     0     0     0
 20210724   05:09:34      0     0     0     0     0     0     0
 20210724   05:09:35      0  3401   386    34    24     0     0
 20210724   05:09:36      0     0     0     0     0     0     0
 20210724   05:09:37      0     0     0     0     0     0     0
 20210724   05:09:38      0     0     0     0     0     0     0
 20210724   05:09:40      0     0     0    94    28     0     0
 20210724   05:09:41      0     0     0     0     0     0     0
 20210724   05:09:42      0     0     0     0     0     0     0
 20210724   05:09:43      0     0     0     0     0     0     0
 20210724   05:09:44      0    22     0    39    25     0     0
 20210724   05:09:45      0     0   347     0     0     0     0
 20210724   05:09:46      0     0     0     0     0     0     0
 20210724   05:09:47      0     0     0     0     0     0     0
 20210724   05:09:48      0     0     0     0     0     0     0
 20210724   05:09:49      0     0     0     0     0     0     0
 20210724   05:09:50      0  3331   416     0     0     0     0
 20210724   05:09:52      0     0     0     0     0     0     0
 20210724   05:09:53      0     0     0     0     0     0     0
 20210724   05:09:54      0     0     0     0     0     0     0
 20210724   05:09:55      0     0     0    77    17     0     0
 20210724   05:09:56      0     0     0    39     0     0     0
 20210724   05:09:57      0     0     0     0     0     0     0
 20210724   05:09:58      0     0     0     0     0     0     0
 20210724   05:09:59      0     0   546     0     0     0     0
 20210724   05:10:00      0     0     0     0     0     0     0
 20210724   05:10:02      0     0     0     0     0     0     0
 20210724   05:10:03      0     0     0     0     0     0     0
 20210724   05:10:04      0     0     0     0     0     0     0
 20210724   05:10:05      0     0     0     0     0     0     0
 20210724   05:10:06      0  3671   413     0     0     0     0
 20210724   05:10:07      0     0     0    83    16     0     0
 20210724   05:10:08      0     0     0    42    28     0     0
 20210724   05:10:09      0     0     0     0     0     0     0
 20210724   05:10:10      0     0   408     0     0     0     0
 20210724   05:10:11      0  3393   375    32    21     0     0
 20210724   05:10:12      0     0   222    36    24     0     0
 20210724   05:10:14      0     0     0    21    15     0     0
#Date       Time        gpu rxpci txpci    sm   mem   enc   dec
#YYYYMMDD   HH:MM:SS    Idx  MB/s  MB/s     %     %     %     %
 20210724   05:10:15      0     0     0     0     0     0     0
 20210724   05:10:16      0     0     0     0     0     0     0
 20210724   05:10:17      0     0     0     0     0     0     0
 20210724   05:10:18      0     0     0     0     0     0     0
 20210724   05:10:19      0     0     0     0     0     0     0
 20210724   05:10:20      0     0     0     0     0     0     0
 20210724   05:10:21      0     0     0     0     0     0     0
 20210724   05:10:22      0     0     0     0     0     0     0
 20210724   05:10:23      0     0     0     0     0     0     0
 20210724   05:10:24      0     0     0    42     0     0     0
 20210724   05:10:26      0     0     0     0     0     0     0
 20210724   05:10:27      0  5152   494     0     0     0     0
 20210724   05:10:28      0  3638   399     0     0     0     0
 20210724   05:10:29      0   285     6    39    25     0     0
 20210724   05:10:30      0     0     0    31    22     0     0
 20210724   05:10:31      0     0     0     0     0     0     0
 20210724   05:10:32      0     0     0     0     0     0     0
 20210724   05:10:33      0   895     0    41    28     0     0
 20210724   05:10:34      0     0     0     1     0     0     0
 20210724   05:10:36      0  6468   453     3     0     0     0
 20210724   05:10:37      0     0     0    17    13     0     0
 20210724   05:10:38      0     0     0     0     0     0     0
 20210724   05:10:39      0     0     0     0     0     0     0
 20210724   05:10:40      0  2108     0    94    28     0     0
 20210724   05:10:41      0     0     0     7     4     0     0
 20210724   05:10:42      0     0     0     0     0     0     0
 20210724   05:10:43      0     0     0     0     0     0     0
 20210724   05:10:44      0     0     0     0     0     0     0
 20210724   05:10:45      0     0   776     0     0     0     0
 20210724   05:10:46      0     0     0     0     0     0     0
 20210724   05:10:47      0     0     0    38    24     0     0
 20210724   05:10:49      0     0     0     0     0     0     0
 20210724   05:10:50      0     0     0     0     0     0     0
 20210724   05:10:51      0     0     0     0     0     0     0
 20210724   05:10:52      0     0     0     0     0     0     0
 20210724   05:10:53      0     0     0     0     0     0     0
 20210724   05:10:54      0     0     0     0     0     0     0
 20210724   05:10:55      0     0     0     0     0     0     0
 20210724   05:10:56      0     0     0     0     0     0     0
 20210724   05:10:57      0     0     0     0     0     0     0
 20210724   05:10:58      0     0     0     0     0     0     0
 20210724   05:10:59      0     0     0     0     0     0     0
 20210724   05:11:01      0     0     0     0     0     0     0
 20210724   05:11:02      0     0     0     0     0     0     0
#Date       Time        gpu rxpci txpci    sm   mem   enc   dec
#YYYYMMDD   HH:MM:SS    Idx  MB/s  MB/s     %     %     %     %
 20210724   05:11:03      0     0     0     0     0     0     0
 20210724   05:11:04      0     0     0     0     0     0     0
 20210724   05:11:05      0     0     0     0     0     0     0
 20210724   05:11:06      0     0     0     0     0     0     0
 20210724   05:11:07      0     0     0     0     0     0     0
 20210724   05:11:08      0     0     0     0     0     0     0
 20210724   05:11:09      0     0     0     0     0     0     0
 20210724   05:11:10      0     0     0     0     0     0     0
 20210724   05:11:11      0     0     0     0     0     0     0
 20210724   05:11:13      0     0     0     0     0     0     0
 20210724   05:11:14      0     0     0     0     0     0     0
 20210724   05:11:15      0     0     0     0     0     0     0
 20210724   05:11:16      0     0     0     0     0     0     0
 20210724   05:11:17      0     0     0     0     0     0     0
