 0  0      0 60575600   2088 1852616    0    0    42    34  129  132  5  0 94  0  0 2021-07-24 05:04:43
 0  0      0 60575600   2088 1852616    0    0     0     0  524  891  0  0 100  0  0 2021-07-24 05:04:44
 0  0      0 60575848   2088 1852620    0    0     0     0  488  862  0  0 100  0  0 2021-07-24 05:04:45
 0  0      0 60575848   2088 1852620    0    0     0     0  490  861  0  0 100  0  0 2021-07-24 05:04:46
 0  0      0 60575848   2088 1852620    0    0     0     0  502  890  0  0 100  0  0 2021-07-24 05:04:47
 0  0      0 60575848   2088 1852620    0    0     0     0  473  840  0  0 100  0  0 2021-07-24 05:04:48
 0  0      0 60575848   2088 1852620    0    0     0    37  566  962  0  0 100  0  0 2021-07-24 05:04:49
 0  0      0 60575848   2088 1852620    0    0     0     1  496  878  0  0 100  0  0 2021-07-24 05:04:50
 0  0      0 60575848   2088 1852620    0    0     0     0  463  814  0  0 100  0  0 2021-07-24 05:04:51
 0  0      0 60574600   2088 1852632    0    0     0     0  792 1177  0  0 100  0  0 2021-07-24 05:04:52
 0  0      0 60574600   2088 1852632    0    0     0     0  867  945  0  0 100  0  0 2021-07-24 05:04:53
 0  0      0 60574600   2088 1852632    0    0     0     0  509  906  0  0 100  0  0 2021-07-24 05:04:54
 0  0      0 60574600   2088 1852632    0    0     0     0  468  839  0  0 100  0  0 2021-07-24 05:04:55
 0  0      0 60574600   2088 1852632    0    0     0     0  514  906  0  0 100  0  0 2021-07-24 05:04:56
 0  0      0 60574600   2088 1852632    0    0     0     0  521  921  0  0 100  0  0 2021-07-24 05:04:57
 0  0      0 60574600   2088 1852632    0    0     0     0  508  904  0  0 100  0  0 2021-07-24 05:04:58
 0  0      0 60574600   2088 1852632    0    0     0     0  508  902  0  0 100  0  0 2021-07-24 05:04:59
 0  0      0 60574600   2088 1852632    0    0     0    16  562  958  0  0 100  0  0 2021-07-24 05:05:00
 0  0      0 60574600   2088 1852632    0    0     0     0  542  924  0  0 100  0  0 2021-07-24 05:05:01
 0  0      0 60574600   2088 1852632    0    0     0     0  536  928  0  0 100  0  0 2021-07-24 05:05:02
 0  0      0 60574220   2088 1852632    0    0     0     0  620 1047  0  0 100  0  0 2021-07-24 05:05:03
 0  0      0 60574476   2088 1852632    0    0     0     0  481  860  0  0 100  0  0 2021-07-24 05:05:04
 0  0      0 60574476   2088 1852632    0    0     0     0  476  841  0  0 100  0  0 2021-07-24 05:05:05
 0  0      0 60574476   2088 1852632    0    0     0     0  481  864  0  0 100  0  0 2021-07-24 05:05:06
 0  0      0 60574476   2088 1852632    0    0     0     0  529  936  0  0 100  0  0 2021-07-24 05:05:07
 0  0      0 60574476   2088 1852632    0    0     0     0  515  930  0  0 100  0  0 2021-07-24 05:05:08
 0  0      0 60574476   2088 1852632    0    0     0     0  985 1085  0  0 100  0  0 2021-07-24 05:05:09
 0  0      0 60574476   2088 1852632    0    0     0     0  509  902  0  0 100  0  0 2021-07-24 05:05:10
 0  0      0 60574476   2088 1852632    0    0     0     0  500  882  0  0 100  0  0 2021-07-24 05:05:11
 0  0      0 60574476   2088 1852632    0    0     0     0  502  883  0  0 100  0  0 2021-07-24 05:05:12
 0  0      0 60574476   2088 1852632    0    0     0     0  514  912  0  0 100  0  0 2021-07-24 05:05:13
 0  0      0 60574476   2088 1852632    0    0     0     0  463  845  0  0 100  0  0 2021-07-24 05:05:14
 0  0      0 60574476   2088 1852632    0    0     0     0  503  892  0  0 100  0  0 2021-07-24 05:05:15
 0  0      0 60574476   2088 1852632    0    0     0     4  513  902  0  0 100  0  0 2021-07-24 05:05:16
 0  0      0 60574476   2088 1852632    0    0     0     0  518  922  0  0 100  0  0 2021-07-24 05:05:17
 0  0      0 60574476   2088 1852632    0    0     0     0  493  881  0  0 100  0  0 2021-07-24 05:05:18
 0  0      0 60574476   2088 1852636    0    0     0     0  524  938  0  0 100  0  0 2021-07-24 05:05:19
 0  0      0 60574476   2088 1852636    0    0     0    67  530  950  0  0 100  0  0 2021-07-24 05:05:20
 0  0      0 60574476   2088 1852636    0    0     0     0  504  892  0  0 100  0  0 2021-07-24 05:05:21
 0  0      0 60574476   2088 1852636    0    0     0     0  503  896  0  0 100  0  0 2021-07-24 05:05:22
 0  0      0 60574476   2088 1852636    0    0     0     0  515  910  0  0 100  0  0 2021-07-24 05:05:23
 0  0      0 60574476   2088 1852636    0    0     0     0  529  918  0  0 100  0  0 2021-07-24 05:05:24
 0  0      0 60574476   2088 1852636    0    0     0     0  866  926  0  0 100  0  0 2021-07-24 05:05:25
 0  0      0 60574276   2088 1852636    0    0     0   192  551  918  0  0 100  0  0 2021-07-24 05:05:26
 0  0      0 60574436   2088 1852636    0    0     0     0  511  898  0  0 100  0  0 2021-07-24 05:05:27
 0  0      0 60574436   2088 1852636    0    0     0     0  520  924  0  0 100  0  0 2021-07-24 05:05:29
 0  0      0 60574436   2088 1852636    0    0     0     0  534  949  0  0 100  0  0 2021-07-24 05:05:30
 1  0      0 60503004   2088 1852636    0    0     0     0 1980 1356 10  8 83  0  0 2021-07-24 05:05:30
 0  0      0 60398176   2088 1852648    0    0     0     0 2252 1565 14  7 78  0  0 2021-07-24 05:05:32
 1  0      0 60076260   2088 1862888    0    0     0     0 2297 2096  5  3 92  0  0 2021-07-24 05:05:32
 1  0      0 59341516   2088 1862888    0    0     0     0  793  961  8  4 87  0  0 2021-07-24 05:05:33
 1  0      0 58714852   2088 1862888    0    0     0     0  776  937  9  4 87  0  0 2021-07-24 05:05:34
 1  0      0 58013924   2088 1862888    0    0     0     0  832  973  9  4 87  0  0 2021-07-24 05:05:35
 1  0      0 57771880   2088 1902528    0    0     0     0 5746 2645 15  3 82  0  0 2021-07-24 05:05:36
 2  0      0 57730752   2088 1977792    0    0     0     0 1729 1662 19  1 80  0  0 2021-07-24 05:05:37
 1  0      0 57648096   2088 2058548    0    0     0     0 2343 2166 21  2 77  0  0 2021-07-24 05:05:38
 1  0      0 57634088   2088 2058548    0    0     0     0 1721 1679 19  1 80  0  0 2021-07-24 05:05:39
 1  0      0 57648596   2088 2058548    0    0     0     0 2258 2053 23  1 75  0  0 2021-07-24 05:05:40
 2  0      0 57647984   2088 2058548    0    0     0     0 2962 2299 24  3 73  0  0 2021-07-24 05:05:42
 4  0      0 57647744   2088 2058552    0    0     0     0 2973 2175 26  3 71  0  0 2021-07-24 05:05:43
 1  0      0 57640304   2088 2058552    0    0     0     0 2290 2070 24  1 75  0  0 2021-07-24 05:05:44
 4  0      0 57639936   2088 2058552    0    0     0     0 2445 2144 23  3 74  0  0 2021-07-24 05:05:45
 1  0      0 57639812   2088 2058564    0    0     0     0 2459 2301 24  1 75  0  0 2021-07-24 05:05:46
 1  0      0 57639948   2088 2058564    0    0     0     0 2570 2211 26  2 72  0  0 2021-07-24 05:05:47
 4  0      0 57628912   2088 2058564    0    0     0     0 2168 1931 23  1 76  0  0 2021-07-24 05:05:48
 1  0      0 57628916   2088 2058564    0    0     0     0 2638 2319 25  2 73  0  0 2021-07-24 05:05:49
 1  0      0 57608836   2088 2058564    0    0     0     0 2079 1970 21  1 78  0  0 2021-07-24 05:05:50
 1  0      0 57607348   2088 2058564    0    0     0     0 2546 2260 24  2 74  0  0 2021-07-24 05:05:51
 4  0      0 57624584   2088 2058572    0    0     0    87 1739 1745 19  0 81  0  0 2021-07-24 05:05:52
 4  0      0 57648640   2088 2058572    0    0     0     0 1741 1663 18  1 80  0  0 2021-07-24 05:05:53
 1  0      0 57640332   2088 2058572    0    0     0     0 2166 1958 23  1 76  0  0 2021-07-24 05:05:54
 1  0      0 57640456   2088 2058572    0    0     0     0 2217 2024 22  1 76  0  0 2021-07-24 05:05:55
 4  0      0 57642700   2088 2058576    0    0     0     0 1854 1655 20  1 79  0  0 2021-07-24 05:05:56
 1  0      0 57643072   2088 2058576    0    0     0     0 2589 2295 25  2 73  0  0 2021-07-24 05:05:57
 1  0      0 57642704   2088 2058576    0    0     0    36 2520 2156 24  3 73  0  0 2021-07-24 05:05:58
 1  0      0 57642216   2088 2058576    0    0     0     0 2774 2181 23  2 75  0  0 2021-07-24 05:05:59
 1  0      0 57612704   2088 2058576    0    0     0     0 2413 2153 24  2 74  0  0 2021-07-24 05:06:00
 4  0      0 57594232   2088 2058584    0    0     0     0 2507 2092 26  1 72  0  0 2021-07-24 05:06:01
 1  1      0 57609468   2088 2058604    0    0   356    34 2770 2392 23  3 73  0  0 2021-07-24 05:06:02
 3  0      0 57578744   2088 2079476    0    0 12657  5508 6244 6580 26  3 69  2  0 2021-07-24 05:06:03
 4  0      0 57544892   2088 2093016    0    0 23096     0 8161 9152 26  2 71  0  0 2021-07-24 05:06:04
 1  0      0 57507268   2088 2110764    0    0 21688     0 7767 8829 25  3 72  0  0 2021-07-24 05:06:05
 4  0      0 57471124   2088 2121464    0    0 22080     0 7365 8534 24  2 74  0  0 2021-07-24 05:06:06
 4  0      0 57440352   2088 2132704    0    0 19364     0 6964 7913 25  2 72  0  0 2021-07-24 05:06:07
 4  0      0 57411724   2088 2148808    0    0 18636     0 6632 7700 20  3 78  0  0 2021-07-24 05:06:08
 4  0      0 57396756   2088 2161656    0    0 20784     0 6593 7825 19  1 80  0  0 2021-07-24 05:06:09
 4  0      0 57355628   2088 2178472    0    0 19548     0 6874 7939 21  3 75  0  0 2021-07-24 05:06:10
 2  0      0 57319188   2088 2195004    0    0 20484     0 7509 8598 25  2 73  0  0 2021-07-24 05:06:11
 1  0      0 57295928   2088 2208288    0    0 21984     0 7105 8377 20  2 78  0  0 2021-07-24 05:06:12
 1  0      0 57259148   2088 2226728    0    0 20244     4 7675 8582 27  2 70  0  0 2021-07-24 05:06:13
 5  0      0 57223728   2088 2241416    0    0 20952     0 7562 8410 26  4 70  0  0 2021-07-24 05:06:14
 2  0      0 57185812   2088 2258856    0    0 21832     0 7880 8679 25  3 72  0  0 2021-07-24 05:06:15
 2  0      0 57135716   2088 2272272    0    0 17568     0 6748 7570 28  2 70  0  0 2021-07-24 05:06:16
 2  0      0 57104976   2088 2285968    0    0 17660     0 6517 7415 23  3 73  0  0 2021-07-24 05:06:17
 1  0      0 57071108   2088 2301564    0    0 18920    44 7193 8096 25  4 71  0  0 2021-07-24 05:06:18
 1  0      0 57030492   2088 2313936    0    0 20948     0 6939 8092 21  3 76  0  0 2021-07-24 05:06:19
 1  0      0 56997204   2088 2330092    0    0 17208     0 7067 7921 26  3 71  0  0 2021-07-24 05:06:20
 4  0      0 56966312   2088 2343124    0    0 18624     0 6829 7716 28  1 71  0  0 2021-07-24 05:06:21
 1  0      0 56933008   2088 2359232    0    0 16668     0 6546 7537 25  2 73  0  0 2021-07-24 05:06:22
 1  0      0 56900308   2088 2373752    0    0 18708   911 6756 7932 24  2 74  0  0 2021-07-24 05:06:23
 1  0      0 56867008   2088 2386100    0    0 20756     0 6673 7856 19  2 79  0  0 2021-07-24 05:06:24
 2  0      0 56821088   2088 2397592    0    0 19184     0 6205 7358 18  2 79  0  0 2021-07-24 05:06:25
 1  0      0 56787940   2088 2414164    0    0 17364     0 6826 7784 22  3 75  0  0 2021-07-24 05:06:26
 1  0      0 56757932   2088 2426452    0    0 18272     0 5940 7068 20  1 80  0  0 2021-07-24 05:06:27
 1  0      0 56768520   2088 2442776    0    0 20312     0 6947 7851 25  3 72  0  0 2021-07-24 05:06:28
 2  0      0 56734676   2088 2455820    0    0 20624     0 7406 8433 25  4 71  0  0 2021-07-24 05:06:29
 1  0      0 56701724   2088 2473100    0    0 17244     0 7149 7928 26  4 70  0  0 2021-07-24 05:06:30
 1  0      0 56657832   2088 2483896    0    0 18144     0 6990 7575 24  2 74  0  0 2021-07-24 05:06:31
 4  0      0 56628028   2088 2492268    0    0 22448     0 7465 8439 25  2 72  0  0 2021-07-24 05:06:32
 1  0      0 56598680   2088 2500396    0    0 19932   252 6820 7676 25  2 73  0  0 2021-07-24 05:06:33
 1  0      0 56574240   2088 2508780    0    0 16952     0 6214 6909 25  2 73  0  0 2021-07-24 05:06:34
 1  0      0 56529876   2088 2520452    0    0 20380     0 6527 7479 23  2 75  0  0 2021-07-24 05:06:35
 4  0      0 56496584   2088 2532448    0    0 20836     0 7461 8380 25  3 72  0  0 2021-07-24 05:06:36
 1  0      0 56463596   2088 2542872    0    0 18744     0 6794 7864 23  2 75  0  0 2021-07-24 05:06:37
 1  1      0 56428928   2088 2559408    0    0 17580 38968 6806 7493 26  3 71  0  0 2021-07-24 05:06:38
 1  0      0 56404620   2088 2571832    0    0 17292 35564 6718 7139 20  2 77  1  0 2021-07-24 05:06:39
 1  0      0 56360496   2088 2581464    0    0 19356     0 6248 7493 18  2 80  0  0 2021-07-24 05:06:40
 1  0      0 56331000   2088 2590008    0    0 20376     0 6829 7803 24  2 74  0  0 2021-07-24 05:06:41
 1  0      0 56289924   2088 2609212    0    0 23332     0 7476 8515 24  2 74  0  0 2021-07-24 05:06:42
 4  0      0 56397164   2088 2535556    0    0  8668     8 3698 4142 19  1 80  0  0 2021-07-24 05:06:43
 4  0      0 56398084   2088 2535840    0    0     0     0 2622 2312 25  2 74  0  0 2021-07-24 05:06:44
 1  0      0 56397964   2088 2535848    0    0     0     0 2534 2146 24  3 73  0  0 2021-07-24 05:06:45
 4  0      0 56398460   2088 2535848    0    0     0     0 2651 2273 27  2 72  0  0 2021-07-24 05:06:46
 1  0      0 56386936   2088 2535848    0    0     0     0 2579 2028 23  1 76  0  0 2021-07-24 05:06:47
 4  0      0 56387312   2088 2535852    0    0     0     0 2428 2276 25  2 73  0  0 2021-07-24 05:06:48
 2  0      0 56387312   2088 2535852    0    0     0     0 2420 2243 23  3 74  0  0 2021-07-24 05:06:49
 2  0      0 56383600   2088 2535852    0    0     0     0 2233 2020 24  2 73  0  0 2021-07-24 05:06:50
 4  0      0 56355584   2088 2535852    0    0     0     0 2200 2095 22  2 76  0  0 2021-07-24 05:06:51
 1  0      0 56356208   2088 2535864    0    0     0     0 2277 2161 22  2 76  0  0 2021-07-24 05:06:52
 1  0      0 56354224   2088 2535864    0    0     0    95 2197 2118 24  1 75  0  0 2021-07-24 05:06:53
 4  0      0 56354964   2088 2535864    0    0     0    52 2525 2413 27  1 73  0  0 2021-07-24 05:06:54
 1  0      0 56369600   2088 2535864    0    0     0     0 1864 1836 20  1 79  0  0 2021-07-24 05:06:55
 4  0      0 56354968   2088 2535864    0    0     0     0 1356 1439 17  0 83  0  0 2021-07-24 05:06:56
 4  0      0 56353852   2088 2535864    0    0     0     0 2262 2129 25  1 74  0  0 2021-07-24 05:06:57
 1  0      0 56354480   2088 2535864    0    0     0     0 1918 1836 21  1 78  0  0 2021-07-24 05:06:58
 4  0      0 56386224   2088 2535864    0    0     0     0 1997 1860 22  1 77  0  0 2021-07-24 05:06:59
 2  0      0 56385240   2088 2535876    0    0     0     0 2656 2456 27  2 71  0  0 2021-07-24 05:07:00
 2  0      0 56385740   2088 2535876    0    0     0     0 2336 1971 23  4 72  0  0 2021-07-24 05:07:01
 3  0      0 56384256   2088 2535876    0    0     0     0 2044 1975 21  2 77  0  0 2021-07-24 05:07:02
 1  0      0 56384384   2088 2535876    0    0     0     0 2739 2185 23  3 74  0  0 2021-07-24 05:07:03
 1  0      0 56384020   2088 2535876    0    0     0     0 2472 2343 26  1 73  0  0 2021-07-24 05:07:04
 4  0      0 56384516   2088 2535876    0    0     0     0 2359 2163 25  2 73  0  0 2021-07-24 05:07:05
 4  0      0 56352448   2088 2535876    0    0     0     0 2062 1991 21  2 77  0  0 2021-07-24 05:07:06
 1  0      0 56352236   2088 2535884    0    0     0     0 2643 2393 27  1 71  0  0 2021-07-24 05:07:07
 1  0      0 56351696   2088 2535888    0    0     0     0 2309 2179 26  1 73  0  0 2021-07-24 05:07:08
 2  0      0 56351868   2088 2535888    0    0     0  8892 2439 2222 27  2 72  0  0 2021-07-24 05:07:09
 1  0      0 56378532   2088 2535888    0    0     0     0 1873 1885 20  1 80  0  0 2021-07-24 05:07:10
 1  0      0 56350756   2088 2535888    0    0     0     0 1826 1773 21  1 78  0  0 2021-07-24 05:07:11
 4  0      0 56349892   2088 2535888    0    0     0     0 1894 1861 20  1 79  0  0 2021-07-24 05:07:12
 1  0      0 56350016   2088 2535888    0    0     0     0 2075 2058 20  2 79  0  0 2021-07-24 05:07:13
 2  0      0 56397636   2088 2535896    0    0     0     0 1592 1556 18  1 80  0  0 2021-07-24 05:07:14
 1  0      0 56383028   2088 2535896    0    0     0   140 2620 2292 25  2 73  0  0 2021-07-24 05:07:15
 1  0      0 56383032   2088 2535896    0    0     0     0 2490 2081 25  3 72  0  0 2021-07-24 05:07:16
 1  0      0 56383528   2088 2535896    0    0     0     0 2589 2234 26  2 72  0  0 2021-07-24 05:07:17
 4  0      0 56367036   2088 2535896    0    0     0     0 2243 2049 23  2 76  0  0 2021-07-24 05:07:18
 1  0      0 56366924   2088 2535896    0    0     0     0 2493 2178 24  2 74  0  0 2021-07-24 05:07:19
 2  0      0 56367052   2088 2535896    0    0     0     0 2900 2215 25  2 73  0  0 2021-07-24 05:07:20
 2  0      0 56367180   2088 2535904    0    0     0     0 2310 2016 23  2 75  0  0 2021-07-24 05:07:21
 2  0      0 56397812   2088 2535904    0    0     0     0 2212 1964 22  2 76  0  0 2021-07-24 05:07:22
 2  0      0 56368104   2088 2535904    0    0     0     0 2506 2233 24  1 74  0  0 2021-07-24 05:07:23
 1  0      0 56350820   2088 2535904    0    0     0   577 2321 2160 23  1 76  0  0 2021-07-24 05:07:24
 1  0      0 56350460   2088 2535904    0    0     0    12 2551 2350 25  1 74  0  0 2021-07-24 05:07:25
 4  0      0 56366280   2088 2535904    0    0     0     0 2075 1872 23  1 77  0  0 2021-07-24 05:07:26
 1  0      0 56351436   2088 2535904    0    0     0     0 1467 1467 18  0 82  0  0 2021-07-24 05:07:27
 4  0      0 56350568   2088 2535904    0    0     0     0 2171 2054 21  1 78  0  0 2021-07-24 05:07:28
 1  0      0 56350328   2088 2535912    0    0     0     0 2102 1902 22  1 77  0  0 2021-07-24 05:07:29
 1  0      0 56398196   2088 2535912    0    0     0    44 1895 1821 19  2 79  0  0 2021-07-24 05:07:30
 4  0      0 56393112   2088 2535912    0    0     0     0 2860 2478 28  1 71  0  0 2021-07-24 05:07:31
 2  0      0 56398204   2088 2535912    0    0     0     0 2485 2027 22  5 72  0  0 2021-07-24 05:07:32
 4  0      0 56364852   2088 2535912    0    0     0     0 2096 1981 22  1 77  0  0 2021-07-24 05:07:33
 1  0      0 56383084   2088 2535912    0    0     0     0 2404 2093 22  3 75  0  0 2021-07-24 05:07:34
 4  0      0 56383588   2088 2535912    0    0     0     0 2553 2289 25  1 74  0  0 2021-07-24 05:07:35
 1  0      0 56383340   2088 2535920    0    0     0     0 2765 2139 24  2 74  0  0 2021-07-24 05:07:36
 1  0      0 56399692   2088 2535920    0    0     0     0 2023 1838 20  2 78  0  0 2021-07-24 05:07:37
 1  0      0 56399592   2088 2535920    0    0     0     0 2809 2474 27  2 72  0  0 2021-07-24 05:07:38
 1  0      0 56367972   2088 2535920    0    0     0     0 2448 2209 24  2 74  0  0 2021-07-24 05:07:39
 4  0      0 56350492   2088 2535920    0    0     0     4 2321 2169 23  1 76  0  0 2021-07-24 05:07:40
 1  0      0 56387944   2088 2535920    0    0     0     0 1894 1810 20  2 79  0  0 2021-07-24 05:07:41
 4  0      0 56399548   2088 2535920    0    0     0     0 1858 1778 19  1 80  0  0 2021-07-24 05:07:42
 4  0      0 56379020   2088 2535928    0    0     0     0 1912 1810 20  2 79  0  0 2021-07-24 05:07:43
 1  0      0 56378900   2088 2535932    0    0     0     0 2455 2096 27  1 72  0  0 2021-07-24 05:07:44
 1  0      0 56399532   2088 2535932    0    0     0     0 1508 1529 17  1 82  0  0 2021-07-24 05:07:45
 4  0      0 56382500   2088 2535932    0    0     0     0 2608 2281 23  3 73  0  0 2021-07-24 05:07:46
 4  0      0 56382136   2088 2535932    0    0     0     0 2590 2119 26  3 71  0  0 2021-07-24 05:07:47
 1  0      0 56382136   2088 2535932    0    0     0     0 2582 2261 25  2 73  0  0 2021-07-24 05:07:48
 4  0      0 56366520   2088 2535932    0    0     0     0 2137 2001 20  2 78  0  0 2021-07-24 05:07:49
 1  0      0 56367020   2088 2535932    0    0     0     0 2502 2200 25  2 73  0  0 2021-07-24 05:07:50
 2  0      0 56366776   2088 2535944    0    0     0     0 2630 2263 26  2 72  0  0 2021-07-24 05:07:51
 2  0      0 56367276   2088 2535944    0    0     0     0 2649 2001 24  2 74  0  0 2021-07-24 05:07:52
 2  0      0 56399520   2088 2535944    0    0     0     0 2292 1976 24  1 74  0  0 2021-07-24 05:07:53
 2  0      0 56367904   2088 2535944    0    0     0     0 2404 2277 22  1 77  0  0 2021-07-24 05:07:54
 4  0      0 56350432   2088 2535944    0    0     0    44 2264 2098 22  1 76  0  0 2021-07-24 05:07:55
 1  0      0 56350428   2088 2535944    0    0     0     0 2481 2349 24  1 75  0  0 2021-07-24 05:07:56
 4  0      0 56367740   2088 2535944    0    0     0     0 1911 1826 19  1 79  0  0 2021-07-24 05:07:57
 1  0      0 56387508   2088 2535956    0    0     0     0 1515 1602 17  0 83  0  0 2021-07-24 05:07:58
 4  0      0 56379324   2088 2535956    0    0     0     0 1972 1889 19  2 79  0  0 2021-07-24 05:07:59
 2  0      0 56370032   2088 2535960    0    0     0     0 2117 1914 22  2 77  0  0 2021-07-24 05:08:00
 1  0      0 56396072   2088 2535960    0    0     0     0 1993 1807 21  2 77  0  0 2021-07-24 05:08:01
 4  0      0 56395956   2088 2535960    0    0     0     0 2583 2314 25  1 74  0  0 2021-07-24 05:08:02
 4  0      0 56361488   2088 2535960    0    0     0     0 2616 2199 25  3 72  0  0 2021-07-24 05:08:03
 1  0      0 56389764   2088 2535960    0    0     0     0 2010 1867 19  3 79  0  0 2021-07-24 05:08:04
 2  0      0 56379972   2088 2535968    0    0     0     0 2656 2302 25  3 72  0  0 2021-07-24 05:08:05
 1  0      0 56379692   2088 2535968    0    0     0   152 2566 2414 23  1 75  0  0 2021-07-24 05:08:06
 4  0      0 56379312   2088 2535968    0    0     0     0 2459 2321 23  2 75  0  0 2021-07-24 05:08:07
 1  0      0 56398992   2088 2535968    0    0     0     0 2398 1948 22  2 76  0  0 2021-07-24 05:08:08
 4  0      0 56399436   2088 2535968    0    0     0     0 2531 2370 24  2 75  0  0 2021-07-24 05:08:09
 4  0      0 56367320   2088 2535968    0    0     0     0 2439 2336 25  1 74  0  0 2021-07-24 05:08:10
 1  0      0 56349836   2088 2535968    0    0     0     0 2169 2010 25  1 74  0  0 2021-07-24 05:08:11
 1  0      0 56322064   2088 2535968    0    0     0     0 2011 1950 23  1 76  0  0 2021-07-24 05:08:12
 1  0      0 56334216   2088 2535976    0    0     0     0 1776 1749 18  2 80  0  0 2021-07-24 05:08:13
 4  0      0 56377992   2088 2535976    0    0     0     0 1790 1765 19  1 79  0  0 2021-07-24 05:08:14
 1  0      0 56378120   2088 2535976    0    0     0     0 2294 2190 24  2 75  0  0 2021-07-24 05:08:15
 1  0      0 56303100   2088 2535976    0    0     0     8 1359 1438 17  0 83  0  0 2021-07-24 05:08:16
 4  0      0 56318852   2088 2535976    0    0     0     0 2494 2265 26  2 72  0  0 2021-07-24 05:08:17
 2  0      0 56392760   2088 2535976    0    0     0     0 2387 2052 23  4 73  0  0 2021-07-24 05:08:18
 1  0      0 56392268   2088 2535980    0    0     0     0 2572 2303 26  3 71  0  0 2021-07-24 05:08:19
 4  0      0 56375908   2088 2535988    0    0     0     0 2280 2153 23  2 75  0  0 2021-07-24 05:08:20
 1  0      0 56376528   2088 2535988    0    0     0     0 2356 2143 25  2 73  0  0 2021-07-24 05:08:21
 4  0      0 56376040   2088 2535988    0    0     0     0 2371 2226 26  1 73  0  0 2021-07-24 05:08:22
 4  0      0 56374304   2088 2535988    0    0     0     0 2283 2116 24  2 74  0  0 2021-07-24 05:08:23
 4  0      0 56393636   2088 2535988    0    0     0     0 2543 1990 23  3 75  0  0 2021-07-24 05:08:24
 4  0      0 56393540   2088 2535988    0    0     0    19 2543 2318 25  1 73  0  0 2021-07-24 05:08:25
 4  0      0 56357456   2088 2535988    0    0     0     8 2146 2095 23  1 76  0  0 2021-07-24 05:08:26
 4  0      0 56356340   2088 2535996    0    0     0     0 2460 2273 25  2 73  0  0 2021-07-24 05:08:27
 1  0      0 56362040   2088 2535996    0    0     0     0 1758 1746 20  1 79  0  0 2021-07-24 05:08:28
 1  0      0 56381388   2088 2535996    0    0     0     0 1724 1754 18  1 81  0  0 2021-07-24 05:08:29
 1  0      0 56377792   2088 2535996    0    0     0     0 1891 1832 21  1 78  0  0 2021-07-24 05:08:30
 1  0      0 56376312   2088 2535996    0    0     0     4 2287 2165 23  2 75  0  0 2021-07-24 05:08:31
 1  0      0 56391816   2088 2535996    0    0     0     0 1791 1720 20  2 78  0  0 2021-07-24 05:08:32
 1  0      0 56375452   2088 2535996    0    0     0     0 2480 2324 26  1 73  0  0 2021-07-24 05:08:33
 1  0      0 56375452   2088 2535996    0    0     0     0 2421 2122 24  4 72  0  0 2021-07-24 05:08:34
 1  0      0 56375336   2088 2536004    0    0     0     0 2224 2077 23  2 76  0  0 2021-07-24 05:08:35
 2  0      0 56375588   2088 2536004    0    0     0     0 2349 2200 24  2 74  0  0 2021-07-24 05:08:36
 2  0      0 56375468   2088 2536004    0    0     0     0 2235 2042 22  2 76  0  0 2021-07-24 05:08:37
 1  0      0 56375100   2088 2536004    0    0     0     0 2599 2233 27  2 71  0  0 2021-07-24 05:08:38
 1  0      0 56337908   2088 2536004    0    0     0     0 2081 1851 21  2 77  0  0 2021-07-24 05:08:39
 1  0      0 56398668   2088 2536004    0    0     0     0 2945 2356 24  1 75  0  0 2021-07-24 05:08:40
 1  0      0 56367748   2088 2536004    0    0     0     0 2410 2287 23  1 76  0  0 2021-07-24 05:08:41
 1  0      0 56349644   2088 2536012    0    0     0     0 2326 2118 24  1 75  0  0 2021-07-24 05:08:42
 1  0      0 56349444   2088 2536012    0    0     0     0 2321 2103 24  1 75  0  0 2021-07-24 05:08:43
 1  0      0 56362220   2088 2536012    0    0     0     0 1837 1732 19  2 80  0  0 2021-07-24 05:08:44
 2  0      0 56377888   2088 2536012    0    0     0     0 1764 1668 20  1 79  0  0 2021-07-24 05:08:45
 1  0      0 56377972   2088 2536012    0    0     0     0 2461 2176 24  1 75  0  0 2021-07-24 05:08:46
 1  0      0 56352432   2088 2536012    0    0     0    44 1931 1566 19  0 80  0  0 2021-07-24 05:08:47
 4  0      0 56363968   2088 2536012    0    0     0     0 2497 2207 25  2 73  0  0 2021-07-24 05:08:48
 2  0      0 56362856   2088 2536024    0    0     0     0 2925 2109 25  4 72  0  0 2021-07-24 05:08:49
 1  0      0 56363356   2088 2536024    0    0     0     0 2609 2232 24  3 73  0  0 2021-07-24 05:08:50
 4  0      0 56362988   2088 2536024    0    0     0     0 2293 2067 24  1 75  0  0 2021-07-24 05:08:51
 1  0      0 56363120   2088 2536024    0    0     0     0 2517 2174 25  2 73  0  0 2021-07-24 05:08:52
 1  0      0 56363248   2088 2536024    0    0     0     0 2524 2221 26  1 73  0  0 2021-07-24 05:08:53
 1  0      0 56362632   2088 2536024    0    0     0     0 2422 2136 24  2 74  0  0 2021-07-24 05:08:54
 4  0      0 56398820   2088 2536024    0    0     0     0 2189 1936 22  2 76  0  0 2021-07-24 05:08:55
 1  0      0 56399224   2088 2536036    0    0     0    20 2485 2313 24  1 75  0  0 2021-07-24 05:08:56
 1  0      0 56350492   2088 2536036    0    0     0    16 2491 2055 24  1 75  0  0 2021-07-24 05:08:57
 1  0      0 56349992   2088 2536036    0    0     0     0 2573 2331 26  2 72  0  0 2021-07-24 05:08:58
 4  0      0 56293204   2088 2536036    0    0     0     0 1849 1806 21  1 78  0  0 2021-07-24 05:08:59
 1  0      0 56387072   2088 2536036    0    0     0     0 1653 1654 18  1 81  0  0 2021-07-24 05:09:00
 1  0      0 56378516   2088 2536036    0    0     0     0 1913 1892 19  1 79  0  0 2021-07-24 05:09:01
 1  0      0 56378276   2088 2536036    0    0     0     0 2180 2070 22  1 76  0  0 2021-07-24 05:09:02
 1  0      0 56393532   2088 2536036    0    0     0     0 1751 1696 19  1 80  0  0 2021-07-24 05:09:03
 1  0      0 56392912   2088 2536044    0    0     0     0 2491 2334 25  1 74  0  0 2021-07-24 05:09:04
 1  0      0 56393416   2088 2536044    0    0     0     0 2314 2079 22  3 74  0  0 2021-07-24 05:09:05
 1  0      0 56393048   2088 2536048    0    0     0     0 2277 2145 23  2 76  0  0 2021-07-24 05:09:06
 4  0      0 56378292   2088 2536048    0    0     0     0 2292 2205 22  2 76  0  0 2021-07-24 05:09:07
 2  0      0 56376776   2088 2536048    0    0     0     0 2413 2208 23  3 74  0  0 2021-07-24 05:09:08
 1  0      0 56376908   2088 2536048    0    0     0     0 2584 2306 25  2 72  0  0 2021-07-24 05:09:09
 1  0      0 56372948   2088 2536048    0    0     0     0 2117 1935 21  2 78  0  0 2021-07-24 05:09:10
 1  0      0 56396636   2088 2536056    0    0     0     0 2651 2368 25  2 73  0  0 2021-07-24 05:09:11
 4  0      0 56367744   2088 2536056    0    0     0     0 2341 2233 23  1 76  0  0 2021-07-24 05:09:12
 4  0      0 56350212   2088 2536056    0    0     0     0 2506 2058 24  1 75  0  0 2021-07-24 05:09:13
 1  0      0 56350384   2088 2536056    0    0     0     0 2213 2186 23  1 76  0  0 2021-07-24 05:09:14
 1  0      0 56363032   2088 2536056    0    0     0     0 1758 1708 19  1 80  0  0 2021-07-24 05:09:15
 1  0      0 56379528   2088 2536056    0    0     0     0 1560 1599 18  0 81  0  0 2021-07-24 05:09:16
 4  0      0 56379040   2088 2536056    0    0     0     0 2390 2105 26  2 72  0  0 2021-07-24 05:09:17
 1  0      0 56363664   2088 2536068    0    0     0     0 1599 1658 20  0 80  0  0 2021-07-24 05:09:18
 2  0      0 56380408   2088 2536068    0    0     0     0 2193 2104 22  2 76  0  0 2021-07-24 05:09:19
 2  0      0 56379296   2088 2536068    0    0     0     0 2557 2196 27  3 71  0  0 2021-07-24 05:09:20
 1  0      0 56379796   2088 2536068    0    0     0     0 2460 2187 24  3 73  0  0 2021-07-24 05:09:21
 4  0      0 56379432   2088 2536068    0    0     0    44 2222 2127 23  1 76  0  0 2021-07-24 05:09:22
 1  0      0 56379928   2088 2536068    0    0     0     0 2374 2170 25  2 73  0  0 2021-07-24 05:09:23
 1  0      0 56379316   2088 2536068    0    0     0     0 2357 2257 24  1 75  0  0 2021-07-24 05:09:24
 1  0      0 56379444   2088 2536068    0    0     0     0 2374 2144 25  2 73  0  0 2021-07-24 05:09:25
 1  0      0 56399028   2088 2536076    0    0     0     0 2092 1957 21  2 76  0  0 2021-07-24 05:09:26
 1  0      0 56384540   2088 2536076    0    0     0     4 2574 2401 25  2 73  0  0 2021-07-24 05:09:27
 4  0      0 56350688   2088 2536076    0    0     0     4 2149 2066 23  1 76  0  0 2021-07-24 05:09:28
 4  0      0 56349940   2088 2536076    0    0     0     0 2804 2296 26  1 73  0  0 2021-07-24 05:09:29
 2  0      0 56362512   2088 2536076    0    0     0     0 1802 1806 20  1 79  0  0 2021-07-24 05:09:30
 4  0      0 56370776   2088 2536076    0    0     0     0 1622 1659 17  1 82  0  0 2021-07-24 05:09:31
 1  0      0 56370404   2088 2536080    0    0     0     0 1987 1897 22  1 77  0  0 2021-07-24 05:09:32
 1  0      0 56363716   2088 2536088    0    0     0     0 2258 2132 23  2 75  0  0 2021-07-24 05:09:33
 4  0      0 56395336   2088 2536088    0    0     0     0 1777 1712 19  1 79  0  0 2021-07-24 05:09:34
 1  0      0 56362728   2088 2536088    0    0     0     0 2543 2343 27  1 71  0  0 2021-07-24 05:09:35
 1  0      0 56363228   2088 2536088    0    0     0     0 2376 2109 24  3 73  0  0 2021-07-24 05:09:36
 1  0      0 56362864   2088 2536088    0    0     0     0 2288 2085 24  2 74  0  0 2021-07-24 05:09:37
 4  0      0 56333976   2088 2536088    0    0     0     4 2398 2218 26  1 72  0  0 2021-07-24 05:09:38
 2  0      0 56362996   2088 2536088    0    0     0     0 2302 2060 23  3 74  0  0 2021-07-24 05:09:39
 1  0      0 56362880   2088 2536096    0    0     0     0 2448 2224 25  2 73  0  0 2021-07-24 05:09:40
 1  0      0 56321712   2088 2536096    0    0     0     0 1986 1908 21  2 77  0  0 2021-07-24 05:09:41
 1  0      0 56399224   2088 2536096    0    0     0     0 2551 2326 26  1 73  0  0 2021-07-24 05:09:42
 1  0      0 56367724   2088 2536096    0    0     0     4 2373 2267 25  1 74  0  0 2021-07-24 05:09:43
 4  0      0 56350240   2088 2536096    0    0     0     0 2154 2081 23  1 76  0  0 2021-07-24 05:09:44
 1  0      0 56350440   2088 2536096    0    0     0     0 2502 2130 23  1 76  0  0 2021-07-24 05:09:45
 1  0      0 56362840   2088 2536096    0    0     0     0 1719 1741 17  2 82  0  0 2021-07-24 05:09:46
 1  0      0 56357932   2088 2536104    0    0     0     0 1517 1572 18  0 81  0  0 2021-07-24 05:09:47
 1  0      0 56356948   2088 2536104    0    0     0     0 2337 2142 23  2 75  0  0 2021-07-24 05:09:48
 1  0      0 56357072   2088 2536104    0    0     0     0 1600 1627 20  0 80  0  0 2021-07-24 05:09:49
 4  0      0 56383732   2088 2536104    0    0     0     0 2312 2175 24  1 75  0  0 2021-07-24 05:09:50
 2  0      0 56382996   2088 2536104    0    0     0     0 2484 2227 24  3 73  0  0 2021-07-24 05:09:51
 4  0      0 56383124   2088 2536104    0    0     0     0 2485 2147 25  3 71  0  0 2021-07-24 05:09:52
 4  0      0 56383008   2088 2536104    0    0     0   104 2195 2073 23  1 76  0  0 2021-07-24 05:09:53
 1  0      0 56383196   2088 2536104    0    0     0     0 2348 2191 24  2 74  0  0 2021-07-24 05:09:54
 1  0      0 56382828   2088 2536112    0    0     0     0 2391 2219 25  1 73  0  0 2021-07-24 05:09:55
 3  0      0 56383328   2088 2536112    0    0     0     0 2343 2129 24  2 74  0  0 2021-07-24 05:09:56
 4  0      0 56399144   2088 2536112    0    0     0     0 2069 1900 22  2 76  0  0 2021-07-24 05:09:57
 1  0      0 56385076   2088 2536112    0    0     0    63 2586 2377 26  2 72  0  0 2021-07-24 05:09:58
 1  0      0 56351228   2088 2536112    0    0     0     0 2052 2013 21  1 78  0  0 2021-07-24 05:09:59
 1  0      0 56350480   2088 2536112    0    0     0     0 2494 2308 26  2 72  0  0 2021-07-24 05:10:00
 1  0      0 56363504   2088 2536116    0    0     0     0 2084 1733 21  0 79  0  0 2021-07-24 05:10:01
 1  0      0 56356844   2088 2536116    0    0     0     0 1894 1857 17  1 82  0  0 2021-07-24 05:10:02
 1  0      0 56356452   2088 2536188    0    0     0     8 2091 1982 23  1 76  0  0 2021-07-24 05:10:03
 1  0      0 56356204   2088 2536188    0    0     0     0 2044 1977 21  1 77  0  0 2021-07-24 05:10:04
 4  0      0 56389816   2088 2536188    0    0     0     0 1771 1690 20  1 79  0  0 2021-07-24 05:10:05
 1  0      0 56376676   2088 2536188    0    0     0     0 2542 2377 27  1 72  0  0 2021-07-24 05:10:06
 4  0      0 56376924   2088 2536192    0    0     0     0 2400 2150 24  3 73  0  0 2021-07-24 05:10:07
 1  0      0 56376680   2088 2536192    0    0     0     0 2973 2921 25  2 73  0  0 2021-07-24 05:10:08
 1  0      0 56365652   2088 2536192    0    0     0     0 2459 2357 25  1 74  0  0 2021-07-24 05:10:09
 1  0      0 56365760   2088 2536200    0    0     0     0 2339 2142 24  2 74  0  0 2021-07-24 05:10:10
 1  0      0 56365524   2088 2536200    0    0     0     0 2454 2175 24  4 73  0  0 2021-07-24 05:10:11
 1  0      0 56365772   2088 2536200    0    0     0     0 2111 2008 22  2 76  0  0 2021-07-24 05:10:12
 1  0      0 56398768   2088 2536200    0    0     0     0 2399 2252 23  2 76  0  0 2021-07-24 05:10:13
 1  0      0 56367096   2088 2536204    0    0     0     0 2306 2203 25  1 74  0  0 2021-07-24 05:10:14
 4  0      0 56349364   2088 2536204    0    0     0     0 2203 2084 25  1 74  0  0 2021-07-24 05:10:15
 1  0      0 56349168   2088 2536204    0    0     0     0 2358 2277 25  1 74  0  0 2021-07-24 05:10:16
 1  0      0 56361812   2088 2536212    0    0     0     0 2101 1741 18  2 80  0  0 2021-07-24 05:10:17
 1  0      0 56356732   2088 2536212    0    0     0     0 1497 1581 18  1 82  0  0 2021-07-24 05:10:18
 4  0      0 56282332   2088 2536212    0    0     0     8 2283 2076 24  2 74  0  0 2021-07-24 05:10:19
 1  0      0 56356368   2088 2536212    0    0     0     0 1845 1732 19  1 80  0  0 2021-07-24 05:10:20
 4  0      0 56374228   2088 2536212    0    0     0     0 2176 1954 22  1 76  0  0 2021-07-24 05:10:21
 2  0      0 56373608   2088 2536212    0    0     0     0 2765 2336 27  2 71  0  0 2021-07-24 05:10:22
 1  0      0 56373372   2088 2536212    0    0     0     0 2462 2050 23  4 73  0  0 2021-07-24 05:10:23
 4  0      0 56373496   2088 2536220    0    0     0     0 2243 2018 23  1 76  0  0 2021-07-24 05:10:24
 4  0      0 56373504   2088 2536220    0    0     0     0 2458 2143 24  3 74  0  0 2021-07-24 05:10:25
 4  0      0 56373380   2088 2536220    0    0     0     0 2705 2383 27  1 72  0  0 2021-07-24 05:10:26
 1  0      0 56373136   2088 2536220    0    0     0     0 2384 2095 23  3 75  0  0 2021-07-24 05:10:27
 4  0      0 56398000   2088 2536220    0    0     0     7 2067 1831 22  2 76  0  0 2021-07-24 05:10:28
 1  0      0 56383684   2088 2536220    0    0     0     0 2658 2384 24  2 74  0  0 2021-07-24 05:10:29
 1  0      0 56350212   2088 2536220    0    0     0     0 2420 2159 25  1 74  0  0 2021-07-24 05:10:30
 1  0      0 56349468   2088 2536228    0    0     0     0 2479 2239 24  2 74  0  0 2021-07-24 05:10:31
 1  0      0 56362612   2088 2536228    0    0     0     0 1727 1759 18  1 82  0  0 2021-07-24 05:10:32
 1  0      0 56385304   2088 2536228    0    0     0     0 2180 1744 18  2 80  0  0 2021-07-24 05:10:33
 1  0      0 56356356   2088 2536228    0    0     0   292 2186 2023 21  2 77  0  0 2021-07-24 05:10:34
 1  0      0 56356856   2088 2536228    0    0     0     0 2074 1910 21  1 78  0  0 2021-07-24 05:10:35
 1  0      0 56392520   2088 2536228    0    0     0     0 1750 1627 19  1 80  0  0 2021-07-24 05:10:36
 4  0      0 56378760   2088 2536228    0    0     0     0 2664 2339 26  2 72  0  0 2021-07-24 05:10:37
 4  0      0 56379380   2088 2536236    0    0     0     0 2436 2142 23  3 74  0  0 2021-07-24 05:10:38
 1  0      0 56378892   2088 2536236    0    0     0     0 2576 2236 26  2 72  0  0 2021-07-24 05:10:39
 4  0      0 56379384   2088 2536236    0    0     0     0 2383 2072 25  1 74  0  0 2021-07-24 05:10:40
 1  0      0 56379024   2088 2536236    0    0     0     0 2362 2081 24  2 75  0  0 2021-07-24 05:10:41
 1  0      0 56378908   2088 2536236    0    0     0     0 2527 2163 23  3 73  0  0 2021-07-24 05:10:42
 1  0      0 56379156   2088 2536240    0    0     0     0 2238 2011 22  2 76  0  0 2021-07-24 05:10:43
 1  0      0 56399620   2088 2536240    0    0     0     4 2567 2284 23  2 74  0  0 2021-07-24 05:10:44
 1  0      0 56367136   2088 2536240    0    0     0     0 2318 2176 22  1 76  0  0 2021-07-24 05:10:45
 4  0      0 56349780   2088 2536248    0    0     0     0 2225 2049 23  1 76  0  0 2021-07-24 05:10:46
 1  0      0 56349652   2088 2536248    0    0     0     0 2421 2261 24  1 75  0  0 2021-07-24 05:10:47
 1  0      0 58243660   2088 2543504    0    0     0     0 2076 1740 15  3 82  0  0 2021-07-24 05:10:48
 0  0      0 59292888   2088 2375388    0    0     0     0  820 1068  1  1 97  0  0 2021-07-24 05:10:49
 0  0      0 59292888   2088 2375388    0    0     0     0  838  908  0  0 100  0  0 2021-07-24 05:10:50
 0  0      0 59292888   2088 2375388    0    0     0     0  516  918  0  0 100  0  0 2021-07-24 05:10:51
 0  0      0 59292888   2088 2375388    0    0     0     0  501  896  0  0 100  0  0 2021-07-24 05:10:52
 0  0      0 59292888   2088 2375388    0    0     0     0  516  914  0  0 100  0  0 2021-07-24 05:10:53
 0  0      0 59292888   2088 2375388    0    0     0     0  520  920  0  0 100  0  0 2021-07-24 05:10:54
 0  0      0 59292888   2088 2375388    0    0     0     0  487  875  0  0 100  0  0 2021-07-24 05:10:55
 0  0      0 59292888   2088 2375388    0    0     0     0  518  921  0  0 100  0  0 2021-07-24 05:10:56
 0  0      0 59292888   2088 2375388    0    0     0     0  499  873  0  0 100  0  0 2021-07-24 05:10:57
 0  0      0 59292888   2088 2375388    0    0     0     0  540  946  0  0 100  0  0 2021-07-24 05:10:58
 0  0      0 59292888   2088 2375388    0    0     0    49  511  914  0  0 100  0  0 2021-07-24 05:10:59
 0  0      0 59292888   2088 2375388    0    0     0     0  524  931  0  0 100  0  0 2021-07-24 05:11:00
 0  0      0 59292888   2088 2375388    0    0     0     0  490  879  0  0 100  0  0 2021-07-24 05:11:01
 0  0      0 59292888   2088 2375388    0    0     0     0  502  904  0  0 100  0  0 2021-07-24 05:11:02
 0  0      0 59292888   2088 2375388    0    0     0     5  532  939  0  0 100  0  0 2021-07-24 05:11:03
 0  0      0 59292888   2088 2375388    0    0     0     0  503  891  0  0 100  0  0 2021-07-24 05:11:04
 0  0      0 59292888   2088 2375388    0    0     0    52  471  849  0  0 100  0  0 2021-07-24 05:11:05
 0  0      0 59292888   2088 2375388    0    0     0     0  853  915  0  0 100  0  0 2021-07-24 05:11:06
 0  0      0 59292888   2088 2375388    0    0     0     0  522  929  0  0 100  0  0 2021-07-24 05:11:07
 0  0      0 59292888   2088 2375388    0    0     0     0  533  942  0  0 100  0  0 2021-07-24 05:11:08
 0  0      0 59292888   2088 2375388    0    0     0     0  642 1034  0  0 100  0  0 2021-07-24 05:11:09
