#Date       Time        gpu rxpci txpci    sm   mem   enc   dec
#YYYYMMDD   HH:MM:SS    Idx  MB/s  MB/s     %     %     %     %
 20210724   06:22:49      0     0     0     0     0     0     0
 20210724   06:22:50      0     0     0     0     0     0     0
 20210724   06:22:51      0     0     0     0     0     0     0
 20210724   06:22:53      0     0     0     0     0     0     0
 20210724   06:22:54      0     0     0     0     0     0     0
 20210724   06:22:55      0     0     0     0     0     0     0
 20210724   06:22:56      0     0     0     0     0     0     0
 20210724   06:22:57      0     0     0     0     0     0     0
 20210724   06:22:58      0     0     0     0     0     0     0
 20210724   06:22:59      0     0     0     0     0     0     0
 20210724   06:23:00      0     0     0     0     0     0     0
 20210724   06:23:02      0     0     0     0     0     0     0
 20210724   06:23:03      0     0     0     0     0     0     0
 20210724   06:23:04      0     0     0     0     0     0     0
 20210724   06:23:05      0     0     0     0     0     0     0
 20210724   06:23:06      0     0     0     0     0     0     0
 20210724   06:23:07      0     0     0     0     0     0     0
 20210724   06:23:08      0     0     0     0     0     0     0
 20210724   06:23:09      0     0     0     0     0     0     0
 20210724   06:23:10      0     0     0     0     0     0     0
 20210724   06:23:11      0     0     0     0     0     0     0
 20210724   06:23:13      0     0     0     0     0     0     0
 20210724   06:23:14      0     0     0     0     0     0     0
 20210724   06:23:15      0     0     0     0     0     0     0
 20210724   06:23:16      0     0     0     0     0     0     0
 20210724   06:23:17      0     0     0     0     0     0     0
 20210724   06:23:18      0     0     0     0     0     0     0
 20210724   06:23:19      0     0     0     0     0     0     0
 20210724   06:23:20      0     0     0     0     0     0     0
 20210724   06:23:22      0     0     0     0     0     0     0
 20210724   06:23:23      0     0     0     0     0     0     0
 20210724   06:23:24      0     0     0     0     0     0     0
 20210724   06:23:25      0     0     0     0     0     0     0
 20210724   06:23:26      0     0     0     0     0     0     0
 20210724   06:23:27      0     0     0     0     0     0     0
 20210724   06:23:28      0   132    49     3     0     0     0
 20210724   06:23:29      0   259    25     3     0     0     0
 20210724   06:23:30      0   106    23     3     0     0     0
 20210724   06:23:32      0     2     0     5     0     0     0
 20210724   06:23:33      0     0     0     0     0     0     0
 20210724   06:23:34      0     0     0     0     0     0     0
 20210724   06:23:35      0     0     0     0     0     0     0
 20210724   06:23:36      0     0     0     0     0     0     0
 20210724   06:23:37      0     0     0     0     0     0     0
#Date       Time        gpu rxpci txpci    sm   mem   enc   dec
#YYYYMMDD   HH:MM:SS    Idx  MB/s  MB/s     %     %     %     %
 20210724   06:23:38      0  3407   220    45    28     0     0
 20210724   06:23:39      0   129     0    41    28     0     0
 20210724   06:23:40      0     0     0     0     0     0     0
 20210724   06:23:41      0     0     0     0     0     0     0
 20210724   06:23:42      0     0   644     0     0     0     0
 20210724   06:23:43      0  3735   359     0     0     0     0
 20210724   06:23:45      0    28     5    35    23     0     0
 20210724   06:23:46      0     0     0    35    25     0     0
 20210724   06:23:47      0     0     0     0     0     0     0
 20210724   06:23:48      0     0     0     4     1     0     0
 20210724   06:23:49      0     0     0     0     0     0     0
 20210724   06:23:50      0     0     0     0     0     0     0
 20210724   06:23:51      0     0     0     0     0     0     0
 20210724   06:23:52      0     0     0     0     0     0     0
 20210724   06:23:53      0     0   627     0     0     0     0
 20210724   06:23:54      0  3287     1    21    13     0     0
 20210724   06:23:55      0     0     0    42    28     0     0
 20210724   06:23:56      0     0     0     0     0     0     0
 20210724   06:23:57      0     0     0     0     0     0     0
 20210724   06:23:59      0     0   621     0     0     0     0
 20210724   06:24:00      0  3524   461    31    20     0     0
 20210724   06:24:01      0  3189   149     0     0     0     0
 20210724   06:24:02      0     0     0    39    25     0     0
 20210724   06:24:03      0     0     0     0     0     0     0
 20210724   06:24:04      0     0     0     0     0     0     0
 20210724   06:24:05      0  2721     0     0     0     0     0
 20210724   06:24:06      0     0     0     0     0     0     0
 20210724   06:24:07      0     0     0     0     0     0     0
 20210724   06:24:08      0     0     0     8     5     0     0
 20210724   06:24:09      0     0     0     0     0     0     0
 20210724   06:24:11      0     0     0     0     0     0     0
 20210724   06:24:12      0  3408   386     0     0     0     0
 20210724   06:24:13      0     0     0     8     5     0     0
 20210724   06:24:14      0     0     0     0     0     0     0
 20210724   06:24:15      0     0     0     0     0     0     0
 20210724   06:24:16      0     0     0     0     0     0     0
 20210724   06:24:17      0     0   554     0     0     0     0
 20210724   06:24:18      0     0     0     0     0     0     0
 20210724   06:24:19      0     0     0     4     1     0     0
 20210724   06:24:20      0     0     0     0     0     0     0
 20210724   06:24:22      0     0    76     0     0     0     0
 20210724   06:24:23      0     0     0     0     0     0     0
 20210724   06:24:24      0     0     0     0     0     0     0
 20210724   06:24:25      0     0     0    18     0     0     0
#Date       Time        gpu rxpci txpci    sm   mem   enc   dec
#YYYYMMDD   HH:MM:SS    Idx  MB/s  MB/s     %     %     %     %
 20210724   06:24:26      0     0     0     0     0     0     0
 20210724   06:24:27      0     0     0     0     0     0     0
 20210724   06:24:28      0  5780   487     0     0     0     0
 20210724   06:24:29      0     0     0     0     0     0     0
 20210724   06:24:30      0     0     0     0     0     0     0
 20210724   06:24:31      0     0     0     0     0     0     0
 20210724   06:24:33      0     0     0     0     0     0     0
 20210724   06:24:34      0     0     0    30    19     0     0
 20210724   06:24:35      0  5348   395     0     0     0     0
 20210724   06:24:36      0     0     0     0     0     0     0
 20210724   06:24:37      0     0     0     0     0     0     0
 20210724   06:24:38      0     0     0     0     0     0     0
 20210724   06:24:39      0     0     0     0     0     0     0
 20210724   06:24:40      0  3422   389     0     0     0     0
 20210724   06:24:41      0     0     0    24     0     0     0
 20210724   06:24:42      0     0     0     0     0     0     0
 20210724   06:24:44      0     0     0     0     0     0     0
 20210724   06:24:45      0     0     0    17     0     0     0
 20210724   06:24:46      0     0     0     0     0     0     0
 20210724   06:24:47      0     0     0     0     0     0     0
 20210724   06:24:48      0     0     0     0     0     0     0
 20210724   06:24:49      0     0     0     0     0     0     0
 20210724   06:24:51      0     0     0    39    25     0     0
 20210724   06:24:52      0     0     0     0     0     0     0
 20210724   06:24:53      0     0   787     0     0     0     0
 20210724   06:24:54      0     0     0     0     0     0     0
 20210724   06:24:55      0     0   529     0     0     0     0
 20210724   06:24:56      0     0     0   100     0     0     0
 20210724   06:24:57      0     0     0     0     0     0     0
 20210724   06:24:58      0     0     0     0     0     0     0
 20210724   06:24:59      0     0     0     0     0     0     0
 20210724   06:25:00      0     0     0    71    16     0     0
 20210724   06:25:02      0     0     0     0     0     0     0
 20210724   06:25:03      0     0     0     0     0     0     0
 20210724   06:25:04      0     0     0     0     0     0     0
 20210724   06:25:05      0     0   129     0     0     0     0
 20210724   06:25:06      0     0     0     0     0     0     0
 20210724   06:25:07      0     0     0     0     0     0     0
 20210724   06:25:08      0     0     0     0     0     0     0
 20210724   06:25:09      0     0     0     0     0     0     0
 20210724   06:25:10      0     0     0     0     0     0     0
 20210724   06:25:12      0  3395   386    84    28     0     0
 20210724   06:25:13      0     0     0    43     0     0     0
 20210724   06:25:14      0     0     0     0     0     0     0
#Date       Time        gpu rxpci txpci    sm   mem   enc   dec
#YYYYMMDD   HH:MM:SS    Idx  MB/s  MB/s     %     %     %     %
 20210724   06:25:15      0     0     0     0     0     0     0
 20210724   06:25:16      0  3590   383    44    28     0     0
 20210724   06:25:17      0     2     0    71    28     0     0
 20210724   06:25:18      0  3416   386    42    28     0     0
 20210724   06:25:19      0     0     0     0     0     0     0
 20210724   06:25:20      0     0     0     0     0     0     0
 20210724   06:25:21      0     0     0     0     0     0     0
 20210724   06:25:22      0     0     0     0     0     0     0
 20210724   06:25:24      0     0     0     0     0     0     0
 20210724   06:25:25      0     0     0     0     0     0     0
 20210724   06:25:26      0     0     0     0     0     0     0
 20210724   06:25:27      0  4514   481     0     0     0     0
 20210724   06:25:28      0  2822     1    98    28     0     0
 20210724   06:25:29      0     0     0    42    28     0     0
 20210724   06:25:30      0     0     0     0     0     0     0
 20210724   06:25:31      0     0     0     0     0     0     0
 20210724   06:25:33      0  3499   469    16    10     0     0
 20210724   06:25:34      0  2775     1    10     4     0     0
 20210724   06:25:35      0    13     0     0     0     0     0
 20210724   06:25:36      0     0     0     3     1     0     0
 20210724   06:25:37      0     0     0     0     0     0     0
 20210724   06:25:38      0     0     0     0     0     0     0
 20210724   06:25:39      0     0   605     0     0     0     0
 20210724   06:25:40      0     0     0    27    18     0     0
 20210724   06:25:41      0     0     0     0     0     0     0
 20210724   06:25:42      0     0     0    42    28     0     0
 20210724   06:25:43      0     0     0     0     0     0     0
 20210724   06:25:44      0     0     0     0     0     0     0
 20210724   06:25:46      0  4701   470     0     0     0     0
 20210724   06:25:47      0     0     0    42    28     0     0
 20210724   06:25:48      0     0     0     0     0     0     0
 20210724   06:25:49      0     0     0     0     0     0     0
 20210724   06:25:50      0     0     0     0     0     0     0
 20210724   06:25:51      0     0     0     0     0     0     0
 20210724   06:25:52      0     0     0     0     0     0     0
 20210724   06:25:53      0     0     0    37    25     0     0
 20210724   06:25:54      0     0     0     0     0     0     0
 20210724   06:25:56      0     0     0     0     0     0     0
 20210724   06:25:57      0     0     0     0     0     0     0
 20210724   06:25:58      0     0   435     0     0     0     0
 20210724   06:25:59      0     0     0    29     0     0     0
 20210724   06:26:00      0     0     0     0     0     0     0
 20210724   06:26:01      0     0   401     0     0     0     0
 20210724   06:26:02      0   740     0    41    28     0     0
#Date       Time        gpu rxpci txpci    sm   mem   enc   dec
#YYYYMMDD   HH:MM:SS    Idx  MB/s  MB/s     %     %     %     %
 20210724   06:26:03      0     0     0     0     0     0     0
 20210724   06:26:05      0     0     0     0     0     0     0
 20210724   06:26:06      0     0     0     0     0     0     0
 20210724   06:26:07      0     0     0     0     0     0     0
 20210724   06:26:08      0     0     0    22    15     0     0
 20210724   06:26:09      0     8     0     0     0     0     0
 20210724   06:26:10      0     0     0     0     0     0     0
 20210724   06:26:11      0     0     0     0     0     0     0
 20210724   06:26:12      0     0     0     0     0     0     0
 20210724   06:26:13      0     0     0     0     0     0     0
 20210724   06:26:15      0  3405   386    55    28     0     0
 20210724   06:26:16      0     0     0     0     0     0     0
 20210724   06:26:17      0     0     0     0     0     0     0
 20210724   06:26:18      0     0     0     0     0     0     0
 20210724   06:26:19      0     0     0    89    28     0     0
 20210724   06:26:20      0     0     0     0     0     0     0
 20210724   06:26:21      0     0     0     0     0     0     0
 20210724   06:26:22      0     0     0     0     0     0     0
 20210724   06:26:24      0     0     0     9     6     0     0
 20210724   06:26:25      0  6133   310     0     0     0     0
 20210724   06:26:26      0     0     0     0     0     0     0
 20210724   06:26:27      0     0     0     0     0     0     0
 20210724   06:26:28      0     0     0     0     0     0     0
 20210724   06:26:29      0     0     0     0     0     0     0
 20210724   06:26:30      0  3541   402    88    28     0     0
 20210724   06:26:31      0     0     0    44     0     0     0
 20210724   06:26:32      0     0     0     0     0     0     0
 20210724   06:26:33      0     0     0     0     0     0     0
 20210724   06:26:35      0     0     0    69    13     0     0
 20210724   06:26:36      0     0     0    30     0     0     0
 20210724   06:26:37      0     0     0     0     0     0     0
 20210724   06:26:38      0     0     0     0     0     0     0
 20210724   06:26:39      0     0    33     0     0     0     0
 20210724   06:26:40      0     0     0     0     0     0     0
 20210724   06:26:41      0     0     0     0     0     0     0
 20210724   06:26:42      0     0     0     0     0     0     0
 20210724   06:26:43      0     0     0     0     0     0     0
 20210724   06:26:45      0     0     0     0     0     0     0
 20210724   06:26:46      0  5477   471     9     4     0     0
 20210724   06:26:47      0  3310   202    75    28     0     0
 20210724   06:26:48      0     0     0    30    22     0     0
 20210724   06:26:49      0     0     0     0     0     0     0
 20210724   06:26:50      0     0     0     0     0     0     0
 20210724   06:26:51      0  3824   465     0     0     0     0
#Date       Time        gpu rxpci txpci    sm   mem   enc   dec
#YYYYMMDD   HH:MM:SS    Idx  MB/s  MB/s     %     %     %     %
 20210724   06:26:52      0  3660   110     0     0     0     0
 20210724   06:26:53      0    20     0    39    25     0     0
 20210724   06:26:54      0     0     0     0     0     0     0
 20210724   06:26:55      0     0     0     0     0     0     0
 20210724   06:26:57      0     0     0     0     0     0     0
 20210724   06:26:58      0     0     0    18    13     0     0
 20210724   06:26:59      0     0     0     0     0     0     0
 20210724   06:27:00      0     0     0     0     0     0     0
 20210724   06:27:01      0     0     0     0     0     0     0
 20210724   06:27:02      0  3578   428     0     0     0     0
 20210724   06:27:03      0  5987   447     0     0     0     0
 20210724   06:27:04      0     0     0     9     0     0     0
 20210724   06:27:06      0     0     0     0     0     0     0
 20210724   06:27:07      0     0     0     0     0     0     0
 20210724   06:27:08      0     0   554     0     0     0     0
 20210724   06:27:09      0     0   528     0     0     0     0
 20210724   06:27:10      0     0     0    28    20     0     0
 20210724   06:27:11      0     0     0     0     0     0     0
 20210724   06:27:12      0     0     0     0     0     0     0
 20210724   06:27:13      0  3468   386    31    20     0     0
 20210724   06:27:14      0  3386   386    53    28     0     0
 20210724   06:27:15      0     0     0     0     0     0     0
 20210724   06:27:17      0     0     0     4     2     0     0
 20210724   06:27:18      0     0     0     0     0     0     0
 20210724   06:27:19      0   833   731     0     0     0     0
 20210724   06:27:20      0     0   523     0     0     0     0
 20210724   06:27:21      0     0     0     5     0     0     0
 20210724   06:27:22      0     0     0     0     0     0     0
 20210724   06:27:23      0     0    15     0     0     0     0
 20210724   06:27:24      0  5099   480     0     0     0     0
 20210724   06:27:25      0  4106   450     0     0     0     0
 20210724   06:27:26      0     0     0    36    25     0     0
 20210724   06:27:28      0     0     0     0     0     0     0
 20210724   06:27:29      0     0     0     4     1     0     0
 20210724   06:27:30      0     0   612     0     0     0     0
 20210724   06:27:31      0     0     0    42    28     0     0
 20210724   06:27:32      0     0     0     0     0     0     0
 20210724   06:27:33      0     0     0     0     0     0     0
 20210724   06:27:34      0     0     0     0     0     0     0
 20210724   06:27:35      0     0     0     0     0     0     0
 20210724   06:27:37      0  3398   387     0     0     0     0
 20210724   06:27:38      0     0     0    22    16     0     0
 20210724   06:27:39      0     0     0     0     0     0     0
 20210724   06:27:40      0     0     0     0     0     0     0
#Date       Time        gpu rxpci txpci    sm   mem   enc   dec
#YYYYMMDD   HH:MM:SS    Idx  MB/s  MB/s     %     %     %     %
 20210724   06:27:41      0     0     0     0     0     0     0
 20210724   06:27:42      0  6085   376     6     2     0     0
 20210724   06:27:43      0     0     0     0     0     0     0
 20210724   06:27:44      0     0     0     4     1     0     0
 20210724   06:27:45      0     0     8     0     0     0     0
 20210724   06:27:47      0     0     0    42    28     0     0
 20210724   06:27:48      0     0     0     0     0     0     0
 20210724   06:27:49      0     0     0    42    28     0     0
 20210724   06:27:50      0     0     0    35     0     0     0
 20210724   06:27:51      0     0     0     0     0     0     0
 20210724   06:27:52      0  2645   600    14     8     0     0
 20210724   06:27:53      0     0     0    42    28     0     0
 20210724   06:27:54      0     0     0     0     0     0     0
 20210724   06:27:55      0     0     0     0     0     0     0
 20210724   06:27:57      0     0     0     0     0     0     0
 20210724   06:27:58      0     0     0     0     0     0     0
 20210724   06:27:59      0     0     0     0     0     0     0
 20210724   06:28:00      0     0     0    39    25     0     0
 20210724   06:28:01      0     0     0     0     0     0     0
 20210724   06:28:02      0     0     0     0     0     0     0
 20210724   06:28:03      0     0     0     0     0     0     0
 20210724   06:28:04      0     0   790     0     0     0     0
 20210724   06:28:05      0     0     0   100     3     0     0
 20210724   06:28:06      0     0     0     0     0     0     0
 20210724   06:28:08      0     0     0     0     0     0     0
 20210724   06:28:09      0     0     0     0     0     0     0
 20210724   06:28:10      0     0     0    86    28     0     0
 20210724   06:28:11      0     0     0     0     0     0     0
 20210724   06:28:12      0     0     0    16     0     0     0
 20210724   06:28:13      0     0     0     0     0     0     0
 20210724   06:28:14      0  5677   388     0     0     0     0
 20210724   06:28:15      0     0     0     0     0     0     0
 20210724   06:28:16      0     0     0     0     0     0     0
 20210724   06:28:18      0     0     0     0     0     0     0
 20210724   06:28:19      0     0     0     0     0     0     0
 20210724   06:28:20      0     0     0     0     0     0     0
 20210724   06:28:21      0  4154   501     0     0     0     0
 20210724   06:28:22      0  3528   175    39    27     0     0
 20210724   06:28:23      0     1     0    42    28     0     0
 20210724   06:28:24      0     0     0     0     0     0     0
 20210724   06:28:25      0     0   508     4     0     0     0
 20210724   06:28:26      0  3543   388    29    19     0     0
 20210724   06:28:27      0   400   247    16     9     0     0
 20210724   06:28:28      0     0     0    39    25     0     0
#Date       Time        gpu rxpci txpci    sm   mem   enc   dec
#YYYYMMDD   HH:MM:SS    Idx  MB/s  MB/s     %     %     %     %
 20210724   06:28:30      0     0     0     7     4     0     0
 20210724   06:28:31      0     0     0     0     0     0     0
 20210724   06:28:32      0     0     0     0     0     0     0
 20210724   06:28:33      0     0     0    41    28     0     0
 20210724   06:28:34      0     0     0     0     0     0     0
 20210724   06:28:35      0  6071   465     0     0     0     0
 20210724   06:28:36      0     0     0     0     0     0     0
 20210724   06:28:37      0     0     0     0     0     0     0
 20210724   06:28:38      0     0     0     0     0     0     0
 20210724   06:28:39      0  3393   366    21    13     0     0
 20210724   06:28:40      0     0     0     0     0     0     0
 20210724   06:28:42      0     0     0     0     0     0     0
 20210724   06:28:43      0     0     0     0     0     0     0
 20210724   06:28:44      0     0     0     0     0     0     0
 20210724   06:28:45      0     0     0     0     0     0     0
 20210724   06:28:46      0     0     0    38    25     0     0
 20210724   06:28:47      0   243   552    39    25     0     0
 20210724   06:28:48      0     0     0     0     0     0     0
 20210724   06:28:49      0     0     0     0     0     0     0
 20210724   06:28:50      0     0     0     0     0     0     0
 20210724   06:28:51      0     0     0     0     0     0     0
 20210724   06:28:53      0     0     0     0     0     0     0
 20210724   06:28:54      0     0     0     0     0     0     0
 20210724   06:28:55      0     0     0     0     0     0     0
 20210724   06:28:56      0     0     0     0     0     0     0
 20210724   06:28:57      0     0     0     0     0     0     0
 20210724   06:28:58      0     0     0     0     0     0     0
 20210724   06:28:59      0     0     0     0     0     0     0
 20210724   06:29:00      0     0     0     0     0     0     0
 20210724   06:29:02      0     0     0     0     0     0     0
 20210724   06:29:03      0     0     0     0     0     0     0
 20210724   06:29:04      0     0     0     0     0     0     0
 20210724   06:29:05      0     0     0     0     0     0     0
 20210724   06:29:06      0     0     0     0     0     0     0
 20210724   06:29:07      0     0     0     0     0     0     0
 20210724   06:29:08      0     0     0     0     0     0     0
 20210724   06:29:09      0     0     0     0     0     0     0
 20210724   06:29:11      0     0     0     0     0     0     0
 20210724   06:29:12      0     0     0     0     0     0     0
 20210724   06:29:13      0     0     0     0     0     0     0
 20210724   06:29:14      0     0     0     0     0     0     0
 20210724   06:29:15      0     0     0     0     0     0     0
 20210724   06:29:16      0     0     0     0     0     0     0
 20210724   06:29:17      0     0     0     0     0     0     0
#Date       Time        gpu rxpci txpci    sm   mem   enc   dec
#YYYYMMDD   HH:MM:SS    Idx  MB/s  MB/s     %     %     %     %
 20210724   06:29:18      0     0     0     0     0     0     0
