 0  0      0 59334308   2088 2333136    0    0    30    21  169  166  9  1 90  0  0 2021-07-24 06:22:56
 0  0      0 59333176   2088 2333136    0    0     0     0  633  936  0  0 100  0  0 2021-07-24 06:22:57
 0  0      0 59332892   2088 2333140    0    0     0     0  573  946  0  0 100  0  0 2021-07-24 06:22:58
 0  0      0 59334304   2088 2333140    0    0     0    36  654  952  0  0 100  0  0 2021-07-24 06:22:59
 0  0      0 59334304   2088 2333140    0    0     0     0  488  853  0  0 100  0  0 2021-07-24 06:23:00
 0  0      0 59334304   2088 2333140    0    0     0     0  850  890  0  0 100  0  0 2021-07-24 06:23:01
 0  0      0 59334304   2088 2333140    0    0     0     0  501  882  0  0 100  0  0 2021-07-24 06:23:02
 0  0      0 59332896   2088 2333144    0    0     0     0  601  890  0  0 100  0  0 2021-07-24 06:23:03
 0  0      0 59333564   2088 2333148    0    0     0     0  979 1253  0  0 100  0  0 2021-07-24 06:23:04
 0  0      0 59333556   2088 2333156    0    0     0     0  522  910  0  0 100  0  0 2021-07-24 06:23:05
 0  0      0 59333556   2088 2333156    0    0     0     0  545  955  0  0 100  0  0 2021-07-24 06:23:06
 0  0      0 59333556   2088 2333156    0    0     0     0  517  920  0  0 100  0  0 2021-07-24 06:23:07
 0  0      0 59332812   2088 2333156    0    0     0     0  649  981  0  0 100  0  0 2021-07-24 06:23:08
 0  0      0 59333552   2088 2333160    0    0     0     0  757 1052  0  0 100  0  0 2021-07-24 06:23:09
 0  0      0 59333808   2088 2333164    0    0     0    49  636 1040  0  0 100  0  0 2021-07-24 06:23:10
 0  0      0 59333808   2088 2333164    0    0     0     0  589  986  0  0 100  0  0 2021-07-24 06:23:11
 0  0      0 59333808   2088 2333164    0    0     0     0  530  925  0  0 100  0  0 2021-07-24 06:23:12
 0  0      0 59332404   2088 2333164    0    0     0     0  635  964  0  0 100  0  0 2021-07-24 06:23:13
 0  0      0 59332028   2088 2333164    0    0     0     0  552  927  0  0 100  0  0 2021-07-24 06:23:14
 0  0      0 59333084   2088 2333164    0    0     0   456  753  990  0  0 100  0  0 2021-07-24 06:23:15
 0  0      0 59333412   2088 2333164    0    0     0   124  564  951  0  0 100  0  0 2021-07-24 06:23:16
 0  0      0 59333412   2088 2333168    0    0     0     0  884  950  0  0 100  0  0 2021-07-24 06:23:17
 0  0      0 59333412   2088 2333168    0    0     0     0  535  936  0  0 100  0  0 2021-07-24 06:23:18
 0  0      0 59332252   2088 2333172    0    0     0     9  705 1044  0  0 100  0  0 2021-07-24 06:23:19
 0  0      0 59333732   2088 2333172    0    0     0     6  791 1079  0  0 100  0  0 2021-07-24 06:23:20
 0  0      0 59333780   2088 2333172    0    0     0     0  627 1050  0  0 100  0  0 2021-07-24 06:23:21
 1  0      0 59333780   2088 2333172    0    0     0     0  542  929  0  0 100  0  0 2021-07-24 06:23:22
 0  0      0 59333780   2088 2333176    0    0     0     0  523  918  0  0 100  0  0 2021-07-24 06:23:23
 0  0      0 59332404   2088 2333176    0    0     0     0  631  950  0  0 100  0  0 2021-07-24 06:23:24
 0  0      0 59332124   2088 2333180    0    0     0     0  568  918  0  0 100  0  0 2021-07-24 06:23:25
 0  0      0 59333668   2088 2333180    0    0     0     0  947 1285  0  0 100  0  0 2021-07-24 06:23:26
 1  0      0 59208356   2088 2333192    0    0     0     0 2200 1256 16  7 77  0  0 2021-07-24 06:23:27
 1  0      0 58900340   2088 2343432    0    0     0     0 2302 1595 13 10 77  0  0 2021-07-24 06:23:28
 1  0      0 58217000   2088 2343436    0    0     0     0  897  994  9  4 87  0  0 2021-07-24 06:23:29
 1  0      0 57593116   2088 2343436    0    0     0     4  864 1021  9  4 87  0  0 2021-07-24 06:23:30
 1  0      0 56942372   2088 2343440    0    0     0     0 1049 1112  9  4 87  0  0 2021-07-24 06:23:31
 1  0      0 56593360   2088 2383156    0    0     0     0 5584 2483 14  3 83  0  0 2021-07-24 06:23:32
 4  0      0 56544876   2088 2383156    0    0     0     0 1660 1599 19  1 80  0  0 2021-07-24 06:23:33
 1  0      0 56456884   2088 2463548    0    0     0     0 2631 2126 22  2 77  0  0 2021-07-24 06:23:34
 1  0      0 56378196   2088 2538844    0    0     0    64 2000 1874 18  1 80  0  0 2021-07-24 06:23:35
 4  0      0 56389608   2088 2538848    0    0     0     0 1965 1818 20  2 79  0  0 2021-07-24 06:23:36
 1  0      0 56391520   2088 2538848    0    0     0     0 2823 2490 26  1 73  0  0 2021-07-24 06:23:37
 2  0      0 56391472   2088 2538848    0    0     0     0 2518 2085 23  5 72  0  0 2021-07-24 06:23:38
 4  0      0 56330148   2088 2538848    0    0     0     0 2094 1990 22  1 77  0  0 2021-07-24 06:23:39
 1  0      0 56373540   2088 2538852    0    0     0     0 2540 2116 23  3 74  0  0 2021-07-24 06:23:40
 4  0      0 56373388   2088 2538868    0    0     0    10 2712 2368 27  1 72  0  0 2021-07-24 06:23:41
 4  0      0 56374436   2088 2538868    0    0     0    24 2660 2242 24  2 74  0  0 2021-07-24 06:23:42
 1  0      0 56343936   2088 2538868    0    0     0     0 2097 1882 21  2 76  0  0 2021-07-24 06:23:43
 1  0      0 56343324   2088 2538868    0    0     0     0 2761 2393 26  2 72  0  0 2021-07-24 06:23:44
 1  0      0 56343116   2088 2538868    0    0     0   316 2464 2252 23  1 76  0  0 2021-07-24 06:23:45
 1  0      0 56340096   2088 2538868    0    0     0     0 2594 2227 26  1 73  0  0 2021-07-24 06:23:46
 1  0      0 56389972   2088 2538884    0    0     0     0 2201 1893 22  1 76  0  0 2021-07-24 06:23:47
 1  0      0 56335308   2088 2538884    0    0     0     0 1828 1738 19  1 80  0  0 2021-07-24 06:23:48
 2  0      0 56334564   2088 2538884    0    0     0     0 1925 1656 21  2 76  0  0 2021-07-24 06:23:49
 4  0      0 56334692   2088 2538884    0    0     0     0 2177 1594 18  4 78  0  0 2021-07-24 06:23:50
 1  0      0 56333532   2088 2538884    0    0     0     0 2350 2055 22  2 76  0  0 2021-07-24 06:23:51
 1  0      0 56386460   2088 2538884    0    0     0     0 2107 1889 21  1 77  0  0 2021-07-24 06:23:52
 1  0      0 56373768   2088 2538892    0    0     0     0 2742 2386 26  2 73  0  0 2021-07-24 06:23:53
 1  0      0 56373896   2088 2538892    0    0     0     0 2617 2205 25  3 72  0  0 2021-07-24 06:23:54
 1  0      0 56374024   2088 2538892    0    0     0     0 2111 1916 20  3 77  0  0 2021-07-24 06:23:55
 2  0      0 56357412   2088 2538904    0    0     0     0 2608 2241 24  3 73  0  0 2021-07-24 06:23:56
 1  0      0 56356380   2088 2538904    0    0     0     0 2592 2243 24  2 74  0  0 2021-07-24 06:23:57
 1  0      0 56357552   2088 2538908    0    0     0     0 2791 2337 25  3 73  0  0 2021-07-24 06:23:58
 1  0      0 56389728   2088 2538908    0    0     0     0 2192 1931 22  2 76  0  0 2021-07-24 06:23:59
 1  0      0 56390424   2088 2538912    0    0     0     0 2734 2394 25  2 73  0  0 2021-07-24 06:24:00
 4  0      0 56374428   2088 2538912    0    0     0     8 2562 2284 26  1 73  0  0 2021-07-24 06:24:01
 1  0      0 56339664   2088 2538920    0    0     0     0 2337 2079 23  1 75  0  0 2021-07-24 06:24:02
 1  0      0 56341324   2088 2538924    0    0     0    21 2465 2123 24  1 75  0  0 2021-07-24 06:24:03
 1  0      0 56309456   2088 2538924    0    0     0     0 1861 1745 19  2 80  0  0 2021-07-24 06:24:04
 2  0      0 56374804   2088 2538924    0    0     0     0 1741 1699 19  1 80  0  0 2021-07-24 06:24:05
 1  0      0 56374316   2088 2538924    0    0     0    24 2830 2226 24  1 75  0  0 2021-07-24 06:24:06
 1  0      0 56298040   2088 2538928    0    0     0     0 1524 1510 17  1 83  0  0 2021-07-24 06:24:07
 5  0      0 56373804   2088 2538932    0    0     0     0 2565 2292 25  1 74  0  0 2021-07-24 06:24:08
 2  0      0 56369492   2088 2538936    0    0     0     0 2854 2303 25  4 71  0  0 2021-07-24 06:24:09
 1  0      0 56369620   2088 2538936    0    0     0     0 2629 2214 25  3 72  0  0 2021-07-24 06:24:10
 4  0      0 56358096   2088 2538944    0    0     0   124 2380 2166 24  1 75  0  0 2021-07-24 06:24:11
 1  0      0 56357976   2088 2538944    0    0     0     1 2438 2187 23  2 75  0  0 2021-07-24 06:24:12
 1  0      0 56356448   2088 2538944    0    0     0     0 2660 2262 25  1 73  0  0 2021-07-24 06:24:13
 1  0      0 56357616   2088 2538948    0    0     0     0 2644 2234 25  2 73  0  0 2021-07-24 06:24:14
 1  0      0 56380436   2088 2538948    0    0     0     0 2258 1949 24  2 74  0  0 2021-07-24 06:24:15
 4  0      0 56357504   2088 2538948    0    0     0    12 2772 2379 27  2 72  0  0 2021-07-24 06:24:16
 1  0      0 56359240   2088 2538956    0    0     0     0 2127 1965 22  2 77  0  0 2021-07-24 06:24:17
 1  0      0 56356120   2088 2538960    0    0     0     0 2767 2406 25  2 73  0  0 2021-07-24 06:24:18
 1  0      0 56351880   2088 2538960    0    0     0     0 1909 1746 22  1 78  0  0 2021-07-24 06:24:19
 1  0      0 56363460   2088 2538960    0    0     0     0 1895 1729 18  2 80  0  0 2021-07-24 06:24:20
 1  0      0 56331932   2088 2538964    0    0     0   332 2340 2050 24  1 74  0  0 2021-07-24 06:24:21
 1  0      0 56332212   2088 2538964    0    0     0     0 2688 2143 24  1 75  0  0 2021-07-24 06:24:22
 4  0      0 56389208   2088 2538968    0    0     0     0 1914 1734 19  2 79  0  0 2021-07-24 06:24:23
 1  0      0 56356600   2088 2538968    0    0     0     0 2628 2359 25  1 74  0  0 2021-07-24 06:24:24
 4  0      0 56358516   2088 2538972    0    0     0    16 2671 2177 24  3 73  0  0 2021-07-24 06:24:25
 1  0      0 56358520   2088 2538984    0    0     0     4 2554 2254 24  2 73  0  0 2021-07-24 06:24:26
 4  0      0 56358648   2088 2538984    0    0     0     0 2299 2041 24  1 75  0  0 2021-07-24 06:24:27
 1  0      0 56358652   2088 2538984    0    0     0     0 2421 2172 23  2 75  0  0 2021-07-24 06:24:28
 1  0      0 56356880   2088 2538988    0    0     0     0 2808 2271 26  3 71  0  0 2021-07-24 06:24:29
 1  0      0 56357800   2088 2538988    0    0     0     0 2543 2147 23  2 75  0  0 2021-07-24 06:24:30
 2  0      0 56380244   2088 2538988    0    0     0     0 2441 2191 23  2 75  0  0 2021-07-24 06:24:31
 1  0      0 56359172   2088 2539000    0    0     0     0 2375 2131 23  1 75  0  0 2021-07-24 06:24:32
 1  0      0 56357932   2088 2539000    0    0     0     0 2174 2040 22  2 77  0  0 2021-07-24 06:24:33
 1  0      0 56356800   2088 2539000    0    0     0     0 2686 2397 25  1 74  0  0 2021-07-24 06:24:34
 1  0      0 56351068   2088 2539004    0    0     0     0 2056 1892 19  2 79  0  0 2021-07-24 06:24:35
 1  0      0 56358440   2088 2539004    0    0     0     0 1551 1530 16  1 83  0  0 2021-07-24 06:24:36
 4  0      0 56357948   2088 2539004    0    0     0    32 2190 1993 23  1 76  0  0 2021-07-24 06:24:37
 1  0      0 56348648   2088 2539004    0    0     0     0 2492 2014 22  1 77  0  0 2021-07-24 06:24:38
 1  0      0 56375068   2088 2539008    0    0     0     0 1962 1805 21  2 77  0  0 2021-07-24 06:24:39
 4  0      0 56357048   2088 2539016    0    0     0     0 2784 2434 26  1 73  0  0 2021-07-24 06:24:40
 2  0      0 56358408   2088 2539020    0    0     0     0 2756 2237 24  5 72  0  0 2021-07-24 06:24:41
 4  0      0 56358344   2088 2539020    0    0     0    25 2116 1958 22  1 77  0  0 2021-07-24 06:24:42
 1  0      0 56357360   2088 2539024    0    0     0     0 2522 2116 23  3 73  0  0 2021-07-24 06:24:43
 1  0      0 56357364   2088 2539024    0    0     0     0 2537 2272 25  1 74  0  0 2021-07-24 06:24:44
 1  0      0 56355584   2088 2539024    0    0     0     0 2544 2192 24  2 74  0  0 2021-07-24 06:24:45
 4  0      0 56380276   2088 2539036    0    0     0    23 2315 1991 21  2 77  0  0 2021-07-24 06:24:46
 1  0      0 56360108   2088 2539044    0    0     0    52 2698 2343 26  1 73  0  0 2021-07-24 06:24:47
 1  0      0 56354532   2088 2539044    0    0     0     0 2518 2291 25  1 74  0  0 2021-07-24 06:24:48
 1  0      0 56358128   2088 2539044    0    0     0     0 2169 2018 22  1 77  0  0 2021-07-24 06:24:49
 1  0      0 56389148   2088 2539044    0    0     0     0 2035 1840 20  2 78  0  0 2021-07-24 06:24:50
 1  0      0 56387224   2088 2539044    0    0     0     0 1946 1800 20  1 79  0  0 2021-07-24 06:24:51
 1  0      0 56332468   2088 2539052    0    0     0     8 2066 1831 20  1 78  0  0 2021-07-24 06:24:52
 4  0      0 56332100   2088 2539052    0    0     0     0 2537 2200 26  1 73  0  0 2021-07-24 06:24:53
 1  0      0 56274192   2088 2539052    0    0     0     0 1716 1451 16  0 83  0  0 2021-07-24 06:24:54
 4  0      0 56326024   2088 2539060    0    0     0     0 2568 2222 25  2 73  0  0 2021-07-24 06:24:55
 2  0      0 56357608   2088 2539060    0    0     0     0 2623 2078 25  3 72  0  0 2021-07-24 06:24:56
 4  0      0 56358176   2088 2539064    0    0     0   316 2863 2419 24  2 74  0  0 2021-07-24 06:24:57
 1  0      0 56359416   2088 2539068    0    0     0     0 2409 2231 24  1 75  0  0 2021-07-24 06:24:58
 1  0      0 56358800   2088 2539068    0    0     0     0 2409 2182 22  3 75  0  0 2021-07-24 06:24:59
 4  0      0 56357940   2088 2539068    0    0     0     0 2455 2270 24  1 74  0  0 2021-07-24 06:25:00
 4  0      0 56356072   2088 2539068    0    0     0     0 2453 2124 23  2 75  0  0 2021-07-24 06:25:01
 1  0      0 56379480   2088 2539076    0    0     0     0 2287 2044 22  2 76  0  0 2021-07-24 06:25:02
 1  0      0 56360192   2088 2539080    0    0     0     0 2872 2394 27  1 72  0  0 2021-07-24 06:25:03
 4  0      0 56359696   2088 2539080    0    0     0     0 2221 2013 23  1 75  0  0 2021-07-24 06:25:04
 1  0      0 56358952   2088 2539088    0    0     0     0 2594 2300 26  2 73  0  0 2021-07-24 06:25:05
 4  0      0 56344320   2088 2539088    0    0     0     0 1848 1799 20  1 79  0  0 2021-07-24 06:25:06
 1  0      0 56331504   2088 2539088    0    0     0    24 1749 1646 16  2 82  0  0 2021-07-24 06:25:07
 1  0      0 56330888   2088 2539088    0    0     0     0 2133 2012 22  1 77  0  0 2021-07-24 06:25:08
 4  0      0 56331140   2088 2539096    0    0     0     0 2135 1941 21  2 77  0  0 2021-07-24 06:25:09
 4  0      0 56385328   2088 2539096    0    0     0     0 2286 1786 20  2 78  0  0 2021-07-24 06:25:10
 4  0      0 56353840   2088 2539096    0    0     0     0 2607 2317 25  2 73  0  0 2021-07-24 06:25:11
 1  0      0 56354884   2088 2539096    0    0     0     8 2637 2236 23  3 74  0  0 2021-07-24 06:25:12
 1  0      0 56355632   2088 2539096    0    0     0     5 2614 2276 26  2 72  0  0 2021-07-24 06:25:13
 4  0      0 56355512   2088 2539096    0    0     0     0 2299 2100 23  1 76  0  0 2021-07-24 06:25:14
 1  0      0 56352664   2088 2539096    0    0     0     0 2379 2137 23  3 75  0  0 2021-07-24 06:25:15
 1  0      0 56350892   2088 2539100    0    0     0    18 2718 2269 23  4 73  0  0 2021-07-24 06:25:16
 1  0      0 56348420   2088 2539112    0    0     0     0 2479 2133 23  2 75  0  0 2021-07-24 06:25:17
 3  0      0 56376864   2088 2539112    0    0     0    44 2470 2235 22  2 75  0  0 2021-07-24 06:25:18
 1  0      0 56359508   2088 2539112    0    0     0     0 2509 2255 25  1 74  0  0 2021-07-24 06:25:19
 1  0      0 56358140   2088 2539116    0    0     0     0 2136 2004 21  2 77  0  0 2021-07-24 06:25:20
 2  0      0 56357392   2088 2539116    0    0     0     0 2522 2376 23  1 75  0  0 2021-07-24 06:25:21
 1  0      0 56338384   2088 2539120    0    0     0     0 1973 1846 18  1 81  0  0 2021-07-24 06:25:22
 1  0      0 56333340   2088 2539120    0    0     0     8 1690 1685 16  1 83  0  0 2021-07-24 06:25:23
 4  0      0 56332352   2088 2539132    0    0     0     0 2243 1991 23  1 75  0  0 2021-07-24 06:25:24
 1  0      0 56330868   2088 2539132    0    0     0     0 2068 1844 22  1 76  0  0 2021-07-24 06:25:25
 1  0      0 56351824   2088 2539132    0    0     0     0 2270 1782 19  2 79  0  0 2021-07-24 06:25:26
 4  0      0 56349680   2088 2539136    0    0     0     0 2858 2482 27  1 72  0  0 2021-07-24 06:25:27
 2  0      0 56349512   2088 2539136    0    0     0   256 2693 2157 25  4 71  0  0 2021-07-24 06:25:28
 4  0      0 56350804   2088 2539144    0    0     0     0 2325 2081 22  1 76  0  0 2021-07-24 06:25:29
 1  0      0 56351556   2088 2539144    0    0     0     0 2552 2141 24  3 72  0  0 2021-07-24 06:25:30
 4  0      0 56351064   2088 2539144    0    0     0     0 2553 2294 25  1 74  0  0 2021-07-24 06:25:31
 1  0      0 56349688   2088 2539152    0    0     0     0 2536 2174 25  2 73  0  0 2021-07-24 06:25:32
 1  0      0 56362560   2088 2539156    0    0     0     0 2065 1899 20  2 78  0  0 2021-07-24 06:25:33
 1  0      0 56360260   2088 2539156    0    0     0     0 3014 2517 27  2 71  0  0 2021-07-24 06:25:34
 1  0      0 56351208   2088 2539156    0    0     0     0 2511 2278 25  1 74  0  0 2021-07-24 06:25:35
 1  0      0 56358028   2088 2539160    0    0     0     0 2296 2092 23  1 76  0  0 2021-07-24 06:25:36
 1  0      0 56385492   2088 2539160    0    0     0     0 1917 1806 20  1 78  0  0 2021-07-24 06:25:37
 1  0      0 56382656   2088 2539168    0    0     0    18 2061 1893 20  2 79  0  0 2021-07-24 06:25:38
 1  0      0 56328772   2088 2539172    0    0     0     0 2104 1857 21  1 78  0  0 2021-07-24 06:25:39
 4  0      0 56390860   2088 2539172    0    0     0     0 2557 2219 27  1 72  0  0 2021-07-24 06:25:40
 1  0      0 56284508   2088 2539172    0    0     0     0 1318 1401 15  1 84  0  0 2021-07-24 06:25:41
 4  0      0 56270128   2088 2539172    0    0     0     0 2910 2281 24  2 73  0  0 2021-07-24 06:25:42
 2  0      0 56342504   2088 2539172    0    0     0    28 2693 2110 26  3 71  0  0 2021-07-24 06:25:43
 4  0      0 56342868   2088 2539172    0    0     0    79 2775 2374 25  2 72  0  0 2021-07-24 06:25:44
 1  0      0 56344804   2088 2539180    0    0     0     0 2454 2144 24  1 75  0  0 2021-07-24 06:25:45
 4  0      0 56342400   2088 2539184    0    0     0     0 2988 2529 27  2 71  0  0 2021-07-24 06:25:46
 1  0      0 56342964   2088 2539196    0    0     0     0 2440 2212 24  1 75  0  0 2021-07-24 06:25:47
 1  0      0 56343092   2088 2539200    0    0     0     0 2441 2141 24  2 74  0  0 2021-07-24 06:25:48
 1  0      0 56368392   2088 2539200    0    0     0     0 2143 1865 22  2 76  0  0 2021-07-24 06:25:49
 4  0      0 56359220   2088 2539200    0    0     0     0 2606 2338 24  2 75  0  0 2021-07-24 06:25:50
 1  0      0 56368276   2088 2539200    0    0     0     0 2197 2020 22  2 76  0  0 2021-07-24 06:25:51
 1  0      0 56349672   2088 2539200    0    0     0     0 2454 2186 25  2 73  0  0 2021-07-24 06:25:52
 1  0      0 56336160   2088 2539200    0    0     0    12 1831 1736 21  1 78  0  0 2021-07-24 06:25:53
 1  0      0 56358604   2088 2539208    0    0     0     0 1831 1720 19  1 79  0  0 2021-07-24 06:25:54
 1  0      0 56325828   2088 2539208    0    0     0     0 2124 1907 21  2 78  0  0 2021-07-24 06:25:55
 1  0      0 56325088   2088 2539212    0    0     0     0 2238 2038 22  1 76  0  0 2021-07-24 06:25:56
 2  0      0 56383168   2088 2539220    0    0     0     0 1833 1662 20  1 79  0  0 2021-07-24 06:25:57
 1  0      0 56351680   2088 2539220    0    0     0   448 3016 2336 24  2 74  0  0 2021-07-24 06:25:58
 1  0      0 56351592   2088 2539220    0    0     0     0 2550 2067 26  3 71  0  0 2021-07-24 06:25:59
 1  0      0 56351472   2088 2539220    0    0     0     0 2620 2232 26  2 72  0  0 2021-07-24 06:26:00
 4  0      0 56350068   2088 2539220    0    0     0     0 2331 2045 22  1 76  0  0 2021-07-24 06:26:01
 1  0      0 56351236   2088 2539228    0    0     0     0 2664 2240 25  2 73  0  0 2021-07-24 06:26:02
 2  0      0 56351612   2088 2539232    0    0     0     0 2599 2247 25  2 73  0  0 2021-07-24 06:26:03
 2  0      0 56351864   2088 2539232    0    0     0    20 2246 1977 22  2 76  0  0 2021-07-24 06:26:04
 1  0      0 56363528   2088 2539236    0    0     0     0 2345 2090 22  2 75  0  0 2021-07-24 06:26:05
 1  0      0 56352200   2088 2539236    0    0     0     0 2511 2165 24  2 75  0  0 2021-07-24 06:26:06
 4  0      0 56344620   2088 2539316    0    0     0     0 2370 2102 23  2 76  0  0 2021-07-24 06:26:07
 1  0      0 56345168   2088 2539320    0    0     0    10 2725 2395 25  1 74  0  0 2021-07-24 06:26:08
 1  0      0 56337228   2088 2539328    0    0     0     8 1968 1844 21  1 78  0  0 2021-07-24 06:26:09
 1  0      0 56327468   2088 2539336    0    0     0     0 2142 2163 19  1 80  0  0 2021-07-24 06:26:10
 4  0      0 56326728   2088 2539336    0    0     0     0 1895 1797 19  1 80  0  0 2021-07-24 06:26:11
 1  0      0 56325448   2088 2539336    0    0     0     0 2409 2122 23  2 76  0  0 2021-07-24 06:26:12
 1  0      0 56372488   2088 2539344    0    0     0     0 2156 1862 20  1 78  0  0 2021-07-24 06:26:13
 1  0      0 56340008   2088 2539344    0    0     0    73 2890 2338 24  1 75  0  0 2021-07-24 06:26:14
 1  0      0 56340140   2088 2539344    0    0     0     0 2640 2187 26  3 71  0  0 2021-07-24 06:26:15
 1  0      0 56340020   2088 2539352    0    0     0     0 2260 1989 22  2 76  0  0 2021-07-24 06:26:16
 2  0      0 56338492   2088 2539356    0    0     0     0 2627 2268 23  3 74  0  0 2021-07-24 06:26:17
 4  0      0 56338896   2088 2539356    0    0     0     0 2465 2154 23  3 75  0  0 2021-07-24 06:26:18
 1  0      0 56340284   2088 2539360    0    0     0    32 2573 2207 23  3 74  0  0 2021-07-24 06:26:19
 1  0      0 56376096   2088 2539360    0    0     0     0 2145 1891 21  2 76  0  0 2021-07-24 06:26:20
 1  0      0 56351460   2088 2539360    0    0     0     0 2711 2322 26  1 73  0  0 2021-07-24 06:26:21
 1  0      0 56350592   2088 2539360    0    0     0     0 2446 2286 23  1 77  0  0 2021-07-24 06:26:22
 4  0      0 56342112   2088 2539364    0    0     0     0 2372 2097 23  1 76  0  0 2021-07-24 06:26:23
 1  0      0 56337668   2088 2539392    0    0     0     0 2633 2363 24  1 75  0  0 2021-07-24 06:26:24
 1  0      0 56327996   2088 2539392    0    0     0     0 1872 1751 19  2 79  0  0 2021-07-24 06:26:25
 4  0      0 56318324   2088 2539392    0    0     0     0 1985 1634 18  1 81  0  0 2021-07-24 06:26:26
 2  0      0 56317708   2088 2539396    0    0     0     0 2397 2061 24  2 74  0  0 2021-07-24 06:26:27
 1  0      0 56316340   2088 2539396    0    0     0     0 1837 1713 19  0 81  0  0 2021-07-24 06:26:28
 4  0      0 56336420   2088 2539400    0    0     0    12 2331 2142 20  2 77  0  0 2021-07-24 06:26:29
 2  0      0 56337316   2088 2539400    0    0     0    24 2889 2404 26  3 71  0  0 2021-07-24 06:26:30
 1  0      0 56337324   2088 2539408    0    0     0     0 2937 2160 25  4 72  0  0 2021-07-24 06:26:31
 1  0      0 56337820   2088 2539412    0    0     0     0 2191 2021 22  1 76  0  0 2021-07-24 06:26:32
 1  0      0 56337456   2088 2539412    0    0     0     0 2463 2116 24  2 74  0  0 2021-07-24 06:26:33
 1  0      0 56335944   2088 2539420    0    0     0   348 2794 2373 26  2 72  0  0 2021-07-24 06:26:34
 1  0      0 56338112   2088 2539420    0    0     0     0 2636 2208 24  2 73  0  0 2021-07-24 06:26:35
 1  0      0 56354736   2088 2539424    0    0     0     0 1953 1815 19  2 79  0  0 2021-07-24 06:26:36
 1  0      0 56341708   2088 2539424    0    0     0     0 2782 2375 27  2 72  0  0 2021-07-24 06:26:37
 1  0      0 56372020   2088 2539432    0    0     0     0 2371 2153 24  1 75  0  0 2021-07-24 06:26:38
 1  0      0 56337596   2088 2539432    0    0     0     8 2656 2295 26  2 72  0  0 2021-07-24 06:26:39
 1  0      0 56327652   2088 2539432    0    0     0     0 1829 1792 19  1 80  0  0 2021-07-24 06:26:40
 1  0      0 56347168   2088 2539440    0    0     0     0 2112 1859 20  1 78  0  0 2021-07-24 06:26:41
 1  0      0 56316044   2088 2539440    0    0     0     0 1989 1852 20  2 78  0  0 2021-07-24 06:26:42
 1  0      0 56316672   2088 2539440    0    0     0     0 2326 2142 23  1 76  0  0 2021-07-24 06:26:43
 4  0      0 56369368   2088 2539440    0    0     0     0 1525 1537 18  1 82  0  0 2021-07-24 06:26:44
 1  0      0 56331132   2088 2539440    0    0     0    58 2747 2336 25  3 73  0  0 2021-07-24 06:26:45
 1  0      0 56332428   2088 2539452    0    0     0     0 2637 2204 23  3 73  0  0 2021-07-24 06:26:46
 1  0      0 56333052   2088 2539452    0    0     0     0 2932 2280 25  2 73  0  0 2021-07-24 06:26:47
 1  0      0 56332808   2088 2539456    0    0     0     0 2272 2078 23  1 76  0  0 2021-07-24 06:26:48
 1  0      0 56333184   2088 2539456    0    0     0     0 2460 2149 25  2 73  0  0 2021-07-24 06:26:49
 4  0      0 56308096   2088 2539456    0    0     0    24 2756 2361 26  2 72  0  0 2021-07-24 06:26:50
 2  0      0 56330916   2088 2539456    0    0     0     0 2415 2130 23  3 74  0  0 2021-07-24 06:26:51
 2  0      0 56348948   2088 2539460    0    0     0    19 2435 2115 23  2 76  0  0 2021-07-24 06:26:52
 1  0      0 56341640   2088 2539468    0    0     0     0 2472 2258 23  1 76  0  0 2021-07-24 06:26:53
 1  0      0 56339280   2088 2539468    0    0     0     0 2241 2037 22  2 76  0  0 2021-07-24 06:26:54
 1  0      0 56339408   2088 2539472    0    0     0     0 2433 2312 23  1 76  0  0 2021-07-24 06:26:55
 1  0      0 56322432   2088 2539472    0    0     0     0 2057 1892 19  2 79  0  0 2021-07-24 06:26:56
 1  0      0 56313852   2088 2539476    0    0     0     0 1780 1722 17  0 82  0  0 2021-07-24 06:26:57
 4  0      0 56313112   2088 2539476    0    0     0     0 1984 1850 21  1 78  0  0 2021-07-24 06:26:58
 1  0      0 56313240   2088 2539476    0    0     0     0 2225 2072 22  1 77  0  0 2021-07-24 06:26:59
 1  0      0 56364332   2088 2539476    0    0     0    12 1801 1700 18  2 80  0  0 2021-07-24 06:27:00
 1  0      0 56329200   2088 2539484    0    0     0     0 2807 2417 27  2 72  0  0 2021-07-24 06:27:01
 4  0      0 56329080   2088 2539484    0    0     0     0 2665 2140 28  3 70  0  0 2021-07-24 06:27:02
 1  0      0 56330868   2088 2539492    0    0     0     0 2865 2154 23  2 74  0  0 2021-07-24 06:27:03
 2  0      0 56329512   2088 2539492    0    0     0     0 2561 2213 24  2 74  0  0 2021-07-24 06:27:04
 2  0      0 56330724   2088 2539492    0    0     0     0 2613 2183 23  2 74  0  0 2021-07-24 06:27:05
 1  0      0 56329112   2088 2539500    0    0     0     0 2621 2244 24  2 74  0  0 2021-07-24 06:27:06
 1  0      0 56285348   2088 2539500    0    0     0     0 2163 1919 21  2 77  0  0 2021-07-24 06:27:07
 1  0      0 56348100   2088 2539508    0    0     0    20 2863 2450 25  2 73  0  0 2021-07-24 06:27:08
 1  0      0 56337980   2088 2539512    0    0     0     0 2415 2203 24  1 75  0  0 2021-07-24 06:27:09
 2  0      0 56334864   2088 2539512    0    0     0   412 2252 2061 22  1 77  0  0 2021-07-24 06:27:10
 1  0      0 56335012   2088 2539512    0    0     0     0 2437 2221 25  1 74  0  0 2021-07-24 06:27:11
 1  0      0 56319716   2088 2539512    0    0     0     0 1994 1820 19  1 80  0  0 2021-07-24 06:27:12
 1  0      0 56309176   2088 2539516    0    0     0     0 1556 1523 18  1 81  0  0 2021-07-24 06:27:13
 2  0      0 56310964   2088 2539520    0    0     0     0 2401 2040 23  2 75  0  0 2021-07-24 06:27:14
 4  0      0 56311216   2088 2539520    0    0     0     0 1885 1294 17  9 74  0  0 2021-07-24 06:27:15
 1  0      0 56310968   2088 2539528    0    0     0    68 1631 1618 19  0 81  0  0 2021-07-24 06:27:16
 1  0      0 56328456   2088 2539528    0    0     0     0 2351 2042 24  2 74  0  0 2021-07-24 06:27:17
 2  0      0 56326804   2088 2539532    0    0     0     0 2812 2306 25  3 71  0  0 2021-07-24 06:27:18
 1  0      0 56327468   2088 2539536    0    0     0     0 3002 2224 23  3 74  0  0 2021-07-24 06:27:19
 1  0      0 56327720   2088 2539536    0    0     0    28 2219 2027 22  1 76  0  0 2021-07-24 06:27:20
 1  0      0 56327728   2088 2539540    0    0     0     0 2457 2121 24  2 74  0  0 2021-07-24 06:27:21
 1  0      0 56327608   2088 2539540    0    0     0     0 2582 2321 25  1 74  0  0 2021-07-24 06:27:22
 1  0      0 56326328   2088 2539552    0    0     0     0 2592 2255 24  3 74  0  0 2021-07-24 06:27:23
 1  0      0 56348300   2088 2539560    0    0     0     0 2269 1952 20  2 78  0  0 2021-07-24 06:27:24
 1  0      0 56338756   2088 2539560    0    0     0     0 2966 2729 26  2 72  0  0 2021-07-24 06:27:25
 4  0      0 56369192   2088 2539560    0    0     0     0 2287 2132 23  2 75  0  0 2021-07-24 06:27:26
 1  0      0 56336648   2088 2539560    0    0     0     0 2374 2212 24  2 74  0  0 2021-07-24 06:27:27
 1  0      0 56323860   2088 2539560    0    0     0     0 1922 1836 20  1 79  0  0 2021-07-24 06:27:28
 1  0      0 56340572   2088 2539564    0    0     0     0 1932 1842 19  1 79  0  0 2021-07-24 06:27:29
 1  0      0 56310612   2088 2539564    0    0     0     0 2016 1798 22  1 77  0  0 2021-07-24 06:27:30
 1  0      0 56310620   2088 2539704    0    0     0     0 2234 2089 24  1 75  0  0 2021-07-24 06:27:31
 1  0      0 56362076   2088 2539704    0    0     0     0 1416 1455 17  1 82  0  0 2021-07-24 06:27:32
 1  0      0 56325508   2088 2539704    0    0     0     0 2501 2274 24  2 73  0  0 2021-07-24 06:27:33
 4  0      0 56324224   2088 2539704    0    0     0    25 2632 2145 26  3 71  0  0 2021-07-24 06:27:34
 4  0      0 56325892   2088 2539708    0    0     0     0 3155 2319 26  2 72  0  0 2021-07-24 06:27:35
 1  0      0 56325968   2088 2539712    0    0     0    16 2317 2038 25  1 74  0  0 2021-07-24 06:27:36
 4  0      0 56326024   2088 2539712    0    0     0     0 2434 2182 24  2 75  0  0 2021-07-24 06:27:37
 4  0      0 56276800   2088 2539712    0    0     0     0 2680 2320 27  2 72  0  0 2021-07-24 06:27:38
 2  0      0 56324496   2088 2539720    0    0     0     0 2492 2116 23  2 74  0  0 2021-07-24 06:27:39
 1  0      0 56331696   2088 2539720    0    0     0     0 2244 2006 22  2 76  0  0 2021-07-24 06:27:40
 1  0      0 56338572   2088 2539724    0    0     0     0 2666 2251 24  2 74  0  0 2021-07-24 06:27:41
 1  0      0 56333360   2088 2539724    0    0     0     0 2348 2083 23  2 75  0  0 2021-07-24 06:27:42
 4  0      0 56333560   2088 2539728    0    0     0     0 2428 2278 23  2 76  0  0 2021-07-24 06:27:43
 1  0      0 56321160   2088 2539732    0    0     0     0 1801 1705 19  2 80  0  0 2021-07-24 06:27:44
 4  0      0 56310108   2088 2539740    0    0     0     0 1784 1695 17  1 82  0  0 2021-07-24 06:27:45
 4  0      0 56310572   2088 2539744    0    0     0   449 2254 1916 22  1 77  0  0 2021-07-24 06:27:46
 1  0      0 56310460   2088 2539744    0    0     0     1 2298 2128 22  1 76  0  0 2021-07-24 06:27:47
 1  0      0 56369240   2088 2539744    0    0     0     0 1905 1754 20  2 79  0  0 2021-07-24 06:27:48
 1  0      0 56330428   2088 2539744    0    0     0     0 2718 2356 27  1 71  0  0 2021-07-24 06:27:49
 1  0      0 56328400   2088 2539748    0    0     0     0 2595 2118 24  3 73  0  0 2021-07-24 06:27:50
 1  0      0 56329824   2088 2539752    0    0     0    36 2937 2203 26  2 73  0  0 2021-07-24 06:27:51
 2  0      0 56331068   2088 2539752    0    0     0     0 2447 2194 25  2 73  0  0 2021-07-24 06:27:52
 1  0      0 56330828   2088 2539760    0    0     0     0 2350 2096 22  3 75  0  0 2021-07-24 06:27:53
 1  0      0 56331324   2088 2539760    0    0     0     0 2500 2160 26  2 72  0  0 2021-07-24 06:27:54
 1  0      0 56272292   2088 2539760    0    0     0     0 2174 1890 21  3 77  0  0 2021-07-24 06:27:55
 1  0      0 56344704   2088 2539760    0    0     0    16 2831 2441 26  2 72  0  0 2021-07-24 06:27:56
 1  0      0 56335684   2088 2539764    0    0     0     0 2538 2268 24  1 75  0  0 2021-07-24 06:27:57
 1  0      0 56336424   2088 2539764    0    0     0     0 2194 2065 22  1 76  0  0 2021-07-24 06:27:58
 1  0      0 56336304   2088 2539764    0    0     0     0 2370 2224 23  1 76  0  0 2021-07-24 06:27:59
 1  0      0 56319936   2088 2539764    0    0     0     0 1804 1724 18  2 80  0  0 2021-07-24 06:28:00
 4  0      0 56308344   2088 2539780    0    0     0     4 1619 1600 17  1 82  0  0 2021-07-24 06:28:01
 1  0      0 56309388   2088 2539780    0    0     0     0 2483 2178 24  1 75  0  0 2021-07-24 06:28:02
 1  0      0 56309268   2088 2539780    0    0     0     0 1916 1825 20  1 78  0  0 2021-07-24 06:28:03
 1  0      0 56327500   2088 2539784    0    0     0     0 1908 1786 19  2 79  0  0 2021-07-24 06:28:04
 2  0      0 56326636   2088 2539784    0    0     0     0 2780 2460 27  2 71  0  0 2021-07-24 06:28:05
 2  0      0 56325232   2088 2539784    0    0     0     0 2581 2078 23  5 72  0  0 2021-07-24 06:28:06
 2  0      0 56324616   2088 2539788    0    0     0     0 2169 2052 21  2 78  0  0 2021-07-24 06:28:07
 1  0      0 56327668   2088 2539796    0    0     0     0 3083 2288 26  2 72  0  0 2021-07-24 06:28:08
 1  0      0 56327924   2088 2539796    0    0     0     0 2621 2367 26  1 73  0  0 2021-07-24 06:28:09
 1  0      0 56327800   2088 2539796    0    0     0     0 2410 2171 24  2 75  0  0 2021-07-24 06:28:10
 1  0      0 56349136   2088 2539800    0    0     0     0 1994 1808 20  2 78  0  0 2021-07-24 06:28:11
 1  0      0 56334492   2088 2539800    0    0     0     8 3006 2472 28  2 71  0  0 2021-07-24 06:28:12
 1  0      0 56330300   2088 2539804    0    0     0     0 2743 2368 25  1 74  0  0 2021-07-24 06:28:13
 4  0      0 56337368   2088 2539804    0    0     0     0 2297 2141 22  2 76  0  0 2021-07-24 06:28:14
 1  0      0 56364276   2088 2539812    0    0     0     0 1848 1774 19  1 80  0  0 2021-07-24 06:28:15
 1  0      0 56358820   2088 2539812    0    0     0     0 1799 1724 18  2 81  0  0 2021-07-24 06:28:16
 1  0      0 56309584   2088 2539816    0    0     0   334 2032 1837 19  2 79  0  0 2021-07-24 06:28:17
 1  0      0 56310864   2088 2539816    0    0     0    12 2744 2388 25  1 74  0  0 2021-07-24 06:28:18
 1  0      0 56369152   2088 2539820    0    0     0     0 1406 1453 17  1 83  0  0 2021-07-24 06:28:19
 2  0      0 56330472   2088 2539824    0    0     0   146 2569 2319 23  2 75  0  0 2021-07-24 06:28:20
 1  0      0 56330852   2088 2539824    0    0     0     0 2464 2055 23  4 73  0  0 2021-07-24 06:28:21
 4  0      0 56329112   2088 2539824    0    0     0    28 2711 2304 26  2 72  0  0 2021-07-24 06:28:22
 4  0      0 56328336   2088 2539836    0    0     0     8 2389 2210 22  1 77  0  0 2021-07-24 06:28:23
 1  0      0 56330372   2088 2539840    0    0     0     0 2915 2204 24  2 74  0  0 2021-07-24 06:28:24
 4  0      0 56330868   2088 2539840    0    0     0     0 2497 2286 24  1 75  0  0 2021-07-24 06:28:25
 1  0      0 56329472   2088 2539844    0    0     0     0 2433 2205 24  1 75  0  0 2021-07-24 06:28:26
 1  0      0 56340636   2088 2539844    0    0     0    48 2181 1930 21  3 76  0  0 2021-07-24 06:28:27
 1  0      0 56330580   2088 2539844    0    0     0     0 2772 2359 25  2 73  0  0 2021-07-24 06:28:28
 1  0      0 56329616   2088 2539852    0    0     0     0 2435 2113 22  2 76  0  0 2021-07-24 06:28:29
 1  0      0 56330260   2088 2539860    0    0     0     0 2610 2327 25  2 73  0  0 2021-07-24 06:28:30
 1  0      0 56314888   2088 2539860    0    0     0     0 1837 1731 21  1 78  0  0 2021-07-24 06:28:31
 1  0      0 56304844   2088 2539860    0    0     0     0 1664 1630 17  2 81  0  0 2021-07-24 06:28:32
 1  0      0 56301952   2088 2539860    0    0     0     0 2258 2037 21  2 77  0  0 2021-07-24 06:28:33
 1  0      0 56303292   2088 2539864    0    0     0     0 2356 2042 22  1 76  0  0 2021-07-24 06:28:34
 1  0      0 56362148   2088 2539868    0    0     0     0 1816 1690 19  1 79  0  0 2021-07-24 06:28:35
 4  0      0 56331024   2088 2539868    0    0     0     0 2575 2338 24  2 74  0  0 2021-07-24 06:28:36
 4  0      0 56330660   2088 2539876    0    0     0     0 2470 2071 23  4 73  0  0 2021-07-24 06:28:37
 1  0      0 56329004   2088 2539876    0    0     0     0 2636 2287 25  2 73  0  0 2021-07-24 06:28:38
 1  0      0 56329012   2088 2539876    0    0     0     0 2295 2085 23  1 76  0  0 2021-07-24 06:28:39
 5  0      0 56330800   2088 2539884    0    0     0    20 2947 2240 23  2 74  0  0 2021-07-24 06:28:40
 2  0      0 56331548   2088 2539884    0    0     0     0 2601 2224 25  3 72  0  0 2021-07-24 06:28:41
 1  0      0 56331552   2088 2539884    0    0     0     0 2342 2055 23  2 75  0  0 2021-07-24 06:28:42
 1  0      0 56345324   2088 2539884    0    0     0     0 2253 2054 22  2 76  0  0 2021-07-24 06:28:43
 2  0      0 56337472   2088 2539884    0    0     0     0 2506 2189 22  2 76  0  0 2021-07-24 06:28:44
 1  0      0 56336884   2088 2539900    0    0     0     0 2443 2134 23  2 76  0  0 2021-07-24 06:28:45
 4  0      0 56336652   2088 2539900    0    0     0     0 2584 2319 25  1 73  0  0 2021-07-24 06:28:46
 1  0      0 56344700   2088 2584436    0    0     0    28 1719 1629 19  1 80  0  0 2021-07-24 06:28:47
 0  0      0 59284816   2088 2379200    0    0     0    82 1505 1361  3  2 95  0  0 2021-07-24 06:28:48
 0  0      0 59283444   2088 2379200    0    0     0     0  544  947  0  0 100  0  0 2021-07-24 06:28:49
 0  0      0 59283320   2088 2379200    0    0     0     0  634  952  0  0 100  0  0 2021-07-24 06:28:50
 0  0      0 59284436   2088 2379200    0    0     0     0  697  994  0  0 100  0  0 2021-07-24 06:28:51
 0  0      0 59284436   2088 2379200    0    0     0   364  542  901  0  0 100  0  0 2021-07-24 06:28:52
 0  0      0 59284444   2088 2379200    0    0     0     0  540  940  0  0 100  0  0 2021-07-24 06:28:53
 0  0      0 59284468   2088 2379200    0    0     0     0  529  922  0  0 100  0  0 2021-07-24 06:28:54
 0  0      0 59283216   2088 2379208    0    0     0     0  626  940  0  0 100  0  0 2021-07-24 06:28:55
 0  0      0 59282936   2088 2379212    0    0     0     0  946 1011  0  0 100  0  0 2021-07-24 06:28:56
 0  0      0 59284720   2088 2379340    0    0     0     0  643  943  0  0 100  0  0 2021-07-24 06:28:57
 0  0      0 59284720   2088 2379340    0    0     0     0  548  968  0  0 100  0  0 2021-07-24 06:28:58
 0  0      0 59284720   2088 2379340    0    0     0     0  534  928  0  0 100  0  0 2021-07-24 06:28:59
 0  0      0 59284720   2088 2379340    0    0     0     0  498  873  0  0 100  0  0 2021-07-24 06:29:00
 0  0      0 59283436   2088 2379344    0    0     0     0  673 1003  0  0 100  0  0 2021-07-24 06:29:01
 0  0      0 59284696   2088 2379348    0    0     0    16  744 1041  0  0 100  0  0 2021-07-24 06:29:02
 0  0      0 59284988   2088 2379348    0    0     0    36  526  923  0  0 100  0  0 2021-07-24 06:29:03
 0  0      0 59284988   2088 2379348    0    0     0     0  499  868  0  0 100  0  0 2021-07-24 06:29:04
 0  0      0 59284988   2088 2379348    0    0     0     0  488  858  0  0 100  0  0 2021-07-24 06:29:05
 0  0      0 59283580   2088 2379352    0    0     0     0  649  968  0  0 100  0  0 2021-07-24 06:29:06
 1  0      0 59283208   2088 2379352    0    0     0     0  570  958  0  0 100  0  0 2021-07-24 06:29:07
 0  0      0 59285116   2088 2379352    0    0     0     0  675  989  0  0 100  0  0 2021-07-24 06:29:08
 0  0      0 59285116   2088 2379352    0    0     0     0  500  876  0  0 100  0  0 2021-07-24 06:29:09
 0  0      0 59285116   2088 2379352    0    0     0     0  702 1125  0  0 100  0  0 2021-07-24 06:29:10
 0  0      0 59284372   2088 2379356    0    0     0     0  532  920  0  0 100  0  0 2021-07-24 06:29:11
