#Date       Time        gpu rxpci txpci    sm   mem   enc   dec
#YYYYMMDD   HH:MM:SS    Idx  MB/s  MB/s     %     %     %     %
 20210724   04:56:03      0     0     0     0     0     0     0
 20210724   04:56:04      0     0     0     0     0     0     0
 20210724   04:56:05      0     0     0     0     0     0     0
 20210724   04:56:06      0     0     0     0     0     0     0
 20210724   04:56:07      0     0     0     0     0     0     0
 20210724   04:56:08      0     0     0     0     0     0     0
 20210724   04:56:09      0     0     0     0     0     0     0
 20210724   04:56:10      0     0     0     0     0     0     0
 20210724   04:56:11      0     0     0     0     0     0     0
 20210724   04:56:13      0     0     0     0     0     0     0
 20210724   04:56:14      0     0     0     0     0     0     0
 20210724   04:56:15      0     0     0     0     0     0     0
 20210724   04:56:16      0     0     0     0     0     0     0
 20210724   04:56:17      0     0     0     0     0     0     0
 20210724   04:56:18      0     0     0     0     0     0     0
 20210724   04:56:19      0     0     0     0     0     0     0
 20210724   04:56:20      0     0     0     0     0     0     0
 20210724   04:56:21      0     0     0     0     0     0     0
 20210724   04:56:22      0     0     0     0     0     0     0
 20210724   04:56:24      0     0     0     0     0     0     0
 20210724   04:56:25      0     0     0     0     0     0     0
 20210724   04:56:26      0     0     0     0     0     0     0
 20210724   04:56:27      0     0     0     0     0     0     0
 20210724   04:56:28      0     0     0     0     0     0     0
 20210724   04:56:29      0     0     0     0     0     0     0
 20210724   04:56:30      0     0     0     0     0     0     0
 20210724   04:56:31      0     0     0     0     0     0     0
 20210724   04:56:32      0     0     0     0     0     0     0
 20210724   04:56:34      0     0     0     0     0     0     0
 20210724   04:56:35      0     0     0     0     0     0     0
 20210724   04:56:36      0     0     0     0     0     0     0
 20210724   04:56:37      0     0     0     0     0     0     0
 20210724   04:56:38      0     0     0     0     0     0     0
 20210724   04:56:39      0     0     0     0     0     0     0
 20210724   04:56:40      0     0     0     0     0     0     0
 20210724   04:56:41      0     0     0     0     0     0     0
 20210724   04:56:43      0     0     0     0     0     0     0
 20210724   04:56:44      0     0     0     0     0     0     0
 20210724   04:56:45      0     0     0     0     0     0     0
 20210724   04:56:46      0     0     0     0     0     0     0
 20210724   04:56:47      0     0     0     0     0     0     0
 20210724   04:56:48      0     0     0     0     0     0     0
 20210724   04:56:49      0     0     0     0     0     0     0
 20210724   04:56:50      0     0     0     0     0     0     0
#Date       Time        gpu rxpci txpci    sm   mem   enc   dec
#YYYYMMDD   HH:MM:SS    Idx  MB/s  MB/s     %     %     %     %
 20210724   04:56:51      0     0     0     0     0     0     0
 20210724   04:56:52      0     0     0     0     0     0     0
 20210724   04:56:54      0     0     0     0     0     0     0
 20210724   04:56:55      0     0     0     0     0     0     0
 20210724   04:56:56      0     0     0     0     0     0     0
 20210724   04:56:57      0     0     0     0     0     0     0
 20210724   04:56:58      0     0     0     0     0     0     0
 20210724   04:56:59      0     0     0     0     0     0     0
 20210724   04:57:00      0     0     0     0     0     0     0
 20210724   04:57:01      0     0     0     0     0     0     0
 20210724   04:57:02      0     1     1     0     0     0     0
 20210724   04:57:04      0     0   137     5     0     0     0
 20210724   04:57:05      0    10    62     4     0     0     0
 20210724   04:57:06      0     0    91     3     0     0     0
 20210724   04:57:07      0     0     0     0     0     0     0
 20210724   04:57:08      0     0     2     0     0     0     0
 20210724   04:57:09      0     2     0    43    30     0     0
 20210724   04:57:10      0     0     0     0     0     0     0
 20210724   04:57:11      0  3624     2    30    20     0     0
 20210724   04:57:12      0     0     0    64     0     0     0
 20210724   04:57:13      0     0     0     0     0     0     0
 20210724   04:57:14      0     0   248     0     0     0     0
 20210724   04:57:15      0     1     0    28    18     0     0
 20210724   04:57:17      0     0     0     0     0     0     0
 20210724   04:57:18      0     0     0     0     0     0     0
 20210724   04:57:19      0     0     0     0     0     0     0
 20210724   04:57:20      0     0     0     0     0     0     0
 20210724   04:57:21      0     0     0    14     8     0     0
 20210724   04:57:22      0     2   503     0     0     0     0
 20210724   04:57:23      0     0     0     0     0     0     0
 20210724   04:57:24      0     0     0     0     0     0     0
 20210724   04:57:25      0     0     0     0     0     0     0
 20210724   04:57:26      0     0     0     0     0     0     0
 20210724   04:57:27      0  3388   386    80    28     0     0
 20210724   04:57:28      0     0     0    43     0     0     0
 20210724   04:57:30      0     0     0    41    28     0     0
 20210724   04:57:31      0     0     0     0     0     0     0
 20210724   04:57:32      0     0   783     0     0     0     0
 20210724   04:57:33      0  3380   387     0     0     0     0
 20210724   04:57:34      0     0   117    41    28     0     0
 20210724   04:57:35      0     0     0     0     0     0     0
 20210724   04:57:36      0     0     0     0     0     0     0
 20210724   04:57:37      0     0     0     0     0     0     0
 20210724   04:57:38      0     0     0     0     0     0     0
#Date       Time        gpu rxpci txpci    sm   mem   enc   dec
#YYYYMMDD   HH:MM:SS    Idx  MB/s  MB/s     %     %     %     %
 20210724   04:57:39      0     0     0     0     0     0     0
 20210724   04:57:40      0     0     0     0     0     0     0
 20210724   04:57:42      0     0     0    34    25     0     0
 20210724   04:57:43      0     0     0     0     0     0     0
 20210724   04:57:44      0  3605   424     0     0     0     0
 20210724   04:57:45      0  5220   494     0     0     0     0
 20210724   04:57:46      0     0     0    12     0     0     0
 20210724   04:57:47      0     0     0     0     0     0     0
 20210724   04:57:48      0     0     0     0     0     0     0
 20210724   04:57:49      0  4421   460     0     0     0     0
 20210724   04:57:50      0  5938   393     0     0     0     0
 20210724   04:57:51      0     0     0    10     7     0     0
 20210724   04:57:52      0     0     0     0     0     0     0
 20210724   04:57:53      0     0     0     0     0     0     0
 20210724   04:57:55      0  3990   494     0     0     0     0
 20210724   04:57:56      0     0     0    11     8     0     0
 20210724   04:57:57      0     0     0     0     0     0     0
 20210724   04:57:58      0     0     0    16    12     0     0
 20210724   04:57:59      0     0     0     0     0     0     0
 20210724   04:58:00      0     0     0     0     0     0     0
 20210724   04:58:01      0  5214   440     0     0     0     0
 20210724   04:58:02      0     0     0    36    27     0     0
 20210724   04:58:03      0     0     0     0     0     0     0
 20210724   04:58:04      0  3393   392   100     0     0     0
 20210724   04:58:05      0  6531   445     8     3     0     0
 20210724   04:58:07      0     0     0     0     0     0     0
 20210724   04:58:08      0     0     0     0     0     0     0
 20210724   04:58:09      0     0     0     6     3     0     0
 20210724   04:58:10      0    27     2     6     1     0     0
 20210724   04:58:11      0     0     0     0     0     0     0
 20210724   04:58:12      0     0    64     0     0     0     0
 20210724   04:58:13      0     0     0     0     0     0     0
 20210724   04:58:14      0     0     0     0     0     0     0
 20210724   04:58:15      0  3407   387   100    17     0     0
 20210724   04:58:16      0     0     0    13     0     0     0
 20210724   04:58:18      0     0     0     0     0     0     0
 20210724   04:58:19      0     0     0     0     0     0     0
 20210724   04:58:20      0     0     0    13     0     0     0
 20210724   04:58:21      0     0     0     0     0     0     0
 20210724   04:58:22      0     0     0     0     0     0     0
 20210724   04:58:23      0     0     0     0     0     0     0
 20210724   04:58:24      0  2519   546     0     0     0     0
 20210724   04:58:25      0     0     0     0     0     0     0
 20210724   04:58:26      0     0     0     0     0     0     0
#Date       Time        gpu rxpci txpci    sm   mem   enc   dec
#YYYYMMDD   HH:MM:SS    Idx  MB/s  MB/s     %     %     %     %
 20210724   04:58:28      0     0     0     0     0     0     0
 20210724   04:58:29      0     0     0     0     0     0     0
 20210724   04:58:30      0     0     0     0     0     0     0
 20210724   04:58:31      0  3396   386    89    28     0     0
 20210724   04:58:32      0     0     0    36     0     0     0
 20210724   04:58:33      0     0     0     0     0     0     0
 20210724   04:58:34      0     0     0     0     0     0     0
 20210724   04:58:35      0  3601   407     0     0     0     0
 20210724   04:58:36      0     0     0    70    28     0     0
 20210724   04:58:37      0     0     0    34     5     0     0
 20210724   04:58:38      0     0     0     0     0     0     0
 20210724   04:58:40      0     0     0     0     0     0     0
 20210724   04:58:41      0     0     0     0     0     0     0
 20210724   04:58:42      0     0     0     0     0     0     0
 20210724   04:58:43      0     0     0     0     0     0     0
 20210724   04:58:44      0     0     0     0     0     0     0
 20210724   04:58:45      0     0     0     0     0     0     0
 20210724   04:58:46      0  3559   404    92    28     0     0
 20210724   04:58:47      0     0     0     0     0     0     0
 20210724   04:58:49      0     0     0     0     0     0     0
 20210724   04:58:50      0     0     0     0     0     0     0
 20210724   04:58:51      0     0     0    27     0     0     0
 20210724   04:58:52      0     0     0     0     0     0     0
 20210724   04:58:53      0     0     0     0     0     0     0
 20210724   04:58:54      0     0     0     0     0     0     0
 20210724   04:58:55      0  2876   515     0     0     0     0
 20210724   04:58:56      0     0     0     0     0     0     0
 20210724   04:58:58      0     0     0     0     0     0     0
 20210724   04:58:59      0     0     0     0     0     0     0
 20210724   04:59:00      0     0     0     0     0     0     0
 20210724   04:59:01      0     0     0     0     0     0     0
 20210724   04:59:02      0  3390   386    61    28     0     0
 20210724   04:59:03      0     0     0     0     0     0     0
 20210724   04:59:04      0     0     0     0     0     0     0
 20210724   04:59:05      0     0     0     0     0     0     0
 20210724   04:59:06      0  3681   385    36    25     0     0
 20210724   04:59:07      0     2     0    58    28     0     0
 20210724   04:59:09      0     0     0    34     5     0     0
 20210724   04:59:10      0     0     0     6     4     0     0
 20210724   04:59:11      0     0     0     0     0     0     0
 20210724   04:59:12      0     0     0     0     0     0     0
 20210724   04:59:13      0     0     0     0     0     0     0
 20210724   04:59:14      0     0     0    19    14     0     0
 20210724   04:59:15      0     0     0     0     0     0     0
#Date       Time        gpu rxpci txpci    sm   mem   enc   dec
#YYYYMMDD   HH:MM:SS    Idx  MB/s  MB/s     %     %     %     %
 20210724   04:59:16      0     0     0     0     0     0     0
 20210724   04:59:17      0     0     0     0     0     0     0
 20210724   04:59:18      0  5722   437     0     0     0     0
 20210724   04:59:19      0     0    71     0     0     0     0
 20210724   04:59:21      0     0     0    69    16     0     0
 20210724   04:59:22      0     0     0     0     0     0     0
 20210724   04:59:23      0     0     0     0     0     0     0
 20210724   04:59:24      0     0     0     0     0     0     0
 20210724   04:59:25      0     0     0     0     0     0     0
 20210724   04:59:26      0  2419     9     0     0     0     0
 20210724   04:59:27      0     0     0     0     0     0     0
 20210724   04:59:28      0     0     0    31    21     0     0
 20210724   04:59:29      0     0     0     0     0     0     0
 20210724   04:59:30      0  1282   694     0     0     0     0
 20210724   04:59:31      0     0     0     0     0     0     0
 20210724   04:59:32      0  2070   628     0     0     0     0
 20210724   04:59:33      0     0     0     0     0     0     0
 20210724   04:59:35      0     0     0     0     0     0     0
 20210724   04:59:36      0     0     0     0     0     0     0
 20210724   04:59:37      0  3651   235    25    16     0     0
 20210724   04:59:38      0     0     0    34     0     0     0
 20210724   04:59:39      0     0     0     0     0     0     0
 20210724   04:59:40      0     0     0     0     0     0     0
 20210724   04:59:41      0     0     0     0     0     0     0
 20210724   04:59:42      0     0     0    36    25     0     0
 20210724   04:59:44      0     0    32     0     0     0     0
 20210724   04:59:45      0     0     0     0     0     0     0
 20210724   04:59:46      0     0     0     0     0     0     0
 20210724   04:59:47      0     0     0     0     0     0     0
 20210724   04:59:48      0     0     0     0     0     0     0
 20210724   04:59:49      0     2     0    79     0     0     0
 20210724   04:59:50      0     0     0     0     0     0     0
 20210724   04:59:51      0     0     0     0     0     0     0
 20210724   04:59:52      0  3416   135    18    11     0     0
 20210724   04:59:53      0     0     0    25     0     0     0
 20210724   04:59:55      0     0     0     0     0     0     0
 20210724   04:59:56      0     0     0     0     0     0     0
 20210724   04:59:57      0     0     0     0     0     0     0
 20210724   04:59:58      0     0     0    33    25     0     0
 20210724   04:59:59      0    22     0     0     0     0     0
 20210724   05:00:00      0     0     0     0     0     0     0
 20210724   05:00:01      0     0     0     0     0     0     0
 20210724   05:00:02      0     0     0     0     0     0     0
 20210724   05:00:03      0     0     0     0     0     0     0
#Date       Time        gpu rxpci txpci    sm   mem   enc   dec
#YYYYMMDD   HH:MM:SS    Idx  MB/s  MB/s     %     %     %     %
 20210724   05:00:05      0  3391   386    62    28     0     0
 20210724   05:00:06      0     0     0     0     0     0     0
 20210724   05:00:07      0     0     0     0     0     0     0
 20210724   05:00:08      0     0     0     0     0     0     0
 20210724   05:00:09      0     0     0    49     5     0     0
 20210724   05:00:10      0     0     0     0     0     0     0
 20210724   05:00:11      0     0     0     0     0     0     0
 20210724   05:00:12      0     0     0     0     0     0     0
 20210724   05:00:13      0  4361   214    14     8     0     0
 20210724   05:00:14      0     0     0     0     0     0     0
 20210724   05:00:15      0     0     0     0     0     0     0
 20210724   05:00:17      0     0     0     0     0     0     0
 20210724   05:00:18      0     0     0     0     0     0     0
 20210724   05:00:19      0     0     0     0     0     0     0
 20210724   05:00:20      0  5288   440     0     0     0     0
 20210724   05:00:21      0  2564     0    59    28     0     0
 20210724   05:00:22      0     0     0    42    28     0     0
 20210724   05:00:23      0     0     0     0     0     0     0
 20210724   05:00:24      0     0     0     0     0     0     0
 20210724   05:00:25      0  5631   480     0     0     0     0
 20210724   05:00:26      0  3494   439     0     0     0     0
 20210724   05:00:27      0    84     5    39    25     0     0
 20210724   05:00:28      0     0     0     0     0     0     0
 20210724   05:00:30      0     0     0     0     0     0     0
 20210724   05:00:31      0     0     0     0     0     0     0
 20210724   05:00:32      0     0     0    15     9     0     0
 20210724   05:00:33      0     0     0     0     0     0     0
 20210724   05:00:34      0  3380    38    41    28     0     0
 20210724   05:00:35      0     0     0     0     0     0     0
 20210724   05:00:36      0     0     0     0     0     0     0
 20210724   05:00:37      0     0   745     0     0     0     0
 20210724   05:00:39      0     0     0     0     0     0     0
 20210724   05:00:40      0     0     0     0     0     0     0
 20210724   05:00:41      0     0   682     0     0     0     0
 20210724   05:00:42      0  3509   462    22    14     0     0
 20210724   05:00:43      0  2238     9     1     0     0     0
 20210724   05:00:44      0     0     0    39    25     0     0
 20210724   05:00:45      0     0     0     0     0     0     0
 20210724   05:00:46      0     0     0     0     0     0     0
 20210724   05:00:47      0  3242   549     0     0     0     0
 20210724   05:00:48      0     0     0    41    28     0     0
 20210724   05:00:49      0     0     0     0     0     0     0
 20210724   05:00:51      0     0     0    10     7     0     0
 20210724   05:00:52      0     0     0     0     0     0     0
#Date       Time        gpu rxpci txpci    sm   mem   enc   dec
#YYYYMMDD   HH:MM:SS    Idx  MB/s  MB/s     %     %     %     %
 20210724   05:00:53      0     0     0     0     0     0     0
 20210724   05:00:54      0  3402   387     1     0     0     0
 20210724   05:00:55      0     0     0    37    26     0     0
 20210724   05:00:56      0     0     0     0     0     0     0
 20210724   05:00:57      0     0     0     0     0     0     0
 20210724   05:00:58      0     0     0     0     0     0     0
 20210724   05:00:59      0     0     0     0     0     0     0
 20210724   05:01:01      0     0     0    39    25     0     0
 20210724   05:01:02      0   245     0    39    25     0     0
 20210724   05:01:03      0     0     0     0     0     0     0
 20210724   05:01:04      0     0     0     0     0     0     0
 20210724   05:01:05      0     0     0     0     0     0     0
 20210724   05:01:06      0     0     0     0     0     0     0
 20210724   05:01:07      0  3398   387    55    28     0     0
 20210724   05:01:08      0     0     0     0     0     0     0
 20210724   05:01:09      0     0     0     0     0     0     0
 20210724   05:01:10      0     0   515     0     0     0     0
 20210724   05:01:11      0     0     0    74    12     0     0
 20210724   05:01:13      0     0     0     0     0     0     0
 20210724   05:01:14      0     0     0     0     0     0     0
 20210724   05:01:15      0     0     0     0     0     0     0
 20210724   05:01:16      0  1394     8     0     0     0     0
 20210724   05:01:17      0     0     0     0     0     0     0
 20210724   05:01:18      0     0     0     0     0     0     0
 20210724   05:01:19      0     0     0     0     0     0     0
 20210724   05:01:20      0     0     0     0     0     0     0
 20210724   05:01:21      0     0     0     0     0     0     0
 20210724   05:01:22      0  3401   386     0     0     0     0
 20210724   05:01:24      0     0     0    55     0     0     0
 20210724   05:01:25      0     0     0     0     0     0     0
 20210724   05:01:26      0     0     0     0     0     0     0
 20210724   05:01:27      0  3595   442     0     0     0     0
 20210724   05:01:28      0  3583   404    63    28     0     0
 20210724   05:01:29      0   300   244    41    28     0     0
 20210724   05:01:30      0     0     0    37    24     0     0
 20210724   05:01:31      0     0     0     0     0     0     0
 20210724   05:01:32      0     0     0     0     0     0     0
 20210724   05:01:33      0     0     0     0     0     0     0
 20210724   05:01:34      0     0     0    27    20     0     0
 20210724   05:01:35      0     0     0     0     0     0     0
 20210724   05:01:37      0   368     0    41    28     0     0
 20210724   05:01:38      0     0     0     0     0     0     0
 20210724   05:01:39      0     0   750     0     0     0     0
 20210724   05:01:40      0     0   819     0     0     0     0
#Date       Time        gpu rxpci txpci    sm   mem   enc   dec
#YYYYMMDD   HH:MM:SS    Idx  MB/s  MB/s     %     %     %     %
 20210724   05:01:41      0     0     0     0     0     0     0
 20210724   05:01:42      0     0     0     0     0     0     0
 20210724   05:01:43      0     0     0     0     0     0     0
 20210724   05:01:44      0     0     0     0     0     0     0
 20210724   05:01:45      0     0   664     0     0     0     0
 20210724   05:01:46      0     0     0    39    25     0     0
 20210724   05:01:48      0     0     0     0     0     0     0
 20210724   05:01:49      0     0     0     0     0     0     0
 20210724   05:01:50      0     0   590     0     0     0     0
 20210724   05:01:51      0     0     0     0     0     0     0
 20210724   05:01:52      0     0     0     0     0     0     0
 20210724   05:01:53      0     0     0     6     3     0     0
 20210724   05:01:54      0     0     0     0     0     0     0
 20210724   05:01:55      0     0     0     0     0     0     0
 20210724   05:01:56      0  3546   386    13     6     0     0
 20210724   05:01:57      0     0     0     0     0     0     0
 20210724   05:01:59      0     0     0     0     0     0     0
 20210724   05:02:00      0     0     0     0     0     0     0
 20210724   05:02:01      0     0     0     0     0     0     0
 20210724   05:02:02      0     0     0     0     0     0     0
 20210724   05:02:03      0     0     0     0     0     0     0
 20210724   05:02:04      0     0     0    36    25     0     0
 20210724   05:02:05      0     0     0     0     0     0     0
 20210724   05:02:06      0     0   557     0     0     0     0
 20210724   05:02:07      0     0     0     0     0     0     0
 20210724   05:02:08      0     0     0     0     0     0     0
 20210724   05:02:09      0     0     0    52     0     0     0
 20210724   05:02:11      0     0     0     0     0     0     0
 20210724   05:02:12      0     0     0     0     0     0     0
 20210724   05:02:13      0     0   625     0     0     0     0
 20210724   05:02:14      0     0     0     7     0     0     0
 20210724   05:02:15      0     0     0     0     0     0     0
 20210724   05:02:16      0     0     0     0     0     0     0
 20210724   05:02:17      0     0     0     0     0     0     0
 20210724   05:02:18      0     0     0    28    20     0     0
 20210724   05:02:19      0  4969   302     0     0     0     0
 20210724   05:02:20      0     0     0     0     0     0     0
 20210724   05:02:22      0     0     0     0     0     0     0
 20210724   05:02:23      0     0     0     0     0     0     0
 20210724   05:02:24      0     0     0     0     0     0     0
 20210724   05:02:25      0     0     0     0     0     0     0
 20210724   05:02:26      0     0     0     0     0     0     0
 20210724   05:02:27      0     0     0     0     0     0     0
 20210724   05:02:28      0     0     0     0     0     0     0
#Date       Time        gpu rxpci txpci    sm   mem   enc   dec
#YYYYMMDD   HH:MM:SS    Idx  MB/s  MB/s     %     %     %     %
 20210724   05:02:29      0     0     0     0     0     0     0
 20210724   05:02:30      0     0     0     0     0     0     0
 20210724   05:02:32      0     0     0     0     0     0     0
 20210724   05:02:33      0     0     0     0     0     0     0
 20210724   05:02:34      0     0     0     0     0     0     0
