27  0  0      0 60575432   2088 1851956    0    0    50    38  113  119  4  0 96  0  0 2021-07-24 04:56:14
27  0  0      0 60575724   2088 1851960    0    0     0     0  829  869  0  0 100  0  0 2021-07-24 04:56:15
27  0  0      0 60575724   2088 1851960    0    0     0     0  491  863  0  0 100  0  0 2021-07-24 04:56:16
27  0  0      0 60575724   2088 1851960    0    0     0     0  486  855  0  0 100  0  0 2021-07-24 04:56:17
27  0  0      0 60575724   2088 1851960    0    0     0     0  502  886  0  0 100  0  0 2021-07-24 04:56:18
27  0  0      0 60575724   2088 1851960    0    0     0     0  483  857  0  0 100  0  0 2021-07-24 04:56:19
27  0  0      0 60575724   2088 1851960    0    0     0     0  501  887  0  0 100  0  0 2021-07-24 04:56:20
27  0  0      0 60575724   2088 1851960    0    0     0     0  478  846  0  0 100  0  0 2021-07-24 04:56:21
27  0  0      0 60575724   2088 1851960    0    0     0     0  475  849  0  0 100  0  0 2021-07-24 04:56:22
27  0  0      0 60575724   2088 1851960    0    0     0     0  468  830  0  0 100  0  0 2021-07-24 04:56:23
27  0  0      0 60575200   2088 1851960    0    0     0     0  752 1119  0  0 100  0  0 2021-07-24 04:56:24
27  0  0      0 60575212   2088 1851968    0    0     0     0  491  881  0  0 100  0  0 2021-07-24 04:56:25
27  0  0      0 60575212   2088 1851968    0    0     0     0  487  873  0  0 100  0  0 2021-07-24 04:56:26
27  0  0      0 60575220   2088 1851968    0    0     0     0  497  880  0  0 100  0  0 2021-07-24 04:56:27
27  0  0      0 60575220   2088 1851968    0    0     0     0  502  889  0  0 100  0  0 2021-07-24 04:56:28
27  0  0      0 60575220   2088 1851968    0    0     0     0  483  862  0  0 100  0  0 2021-07-24 04:56:29
27  0  0      0 60575220   2088 1851968    0    0     0     0  515  910  0  0 100  0  0 2021-07-24 04:56:30
27  0  0      0 60575220   2088 1851968    0    0     0     0  851  916  0  0 100  0  0 2021-07-24 04:56:31
27  0  0      0 60575220   2088 1851968    0    0     0     0  500  891  0  0 100  0  0 2021-07-24 04:56:32
27  0  0      0 60575220   2088 1851968    0    0     0     0  512  902  0  0 100  0  0 2021-07-24 04:56:33
27  1  0      0 60575220   2088 1851968    0    0     0   264  606  990  0  0 100  0  0 2021-07-24 04:56:34
27  0  0      0 60575220   2088 1851968    0    0     0     0  553  922  0  0 100  0  0 2021-07-24 04:56:35
27  0  0      0 60575212   2088 1851968    0    0     0     0  496  893  0  0 100  0  0 2021-07-24 04:56:36
27  0  0      0 60575212   2088 1851968    0    0     0     0  500  884  0  0 100  0  0 2021-07-24 04:56:37
27  0  0      0 60575212   2088 1851968    0    0     0     0  535  949  0  0 100  0  0 2021-07-24 04:56:38
27  0  0      0 60575212   2088 1851968    0    0     0    77  502  880  0  0 100  0  0 2021-07-24 04:56:39
27  0  0      0 60575212   2088 1851968    0    0     0     0  511  906  0  0 100  0  0 2021-07-24 04:56:40
27  0  0      0 60575212   2088 1851968    0    0     0     0  487  866  0  0 100  0  0 2021-07-24 04:56:41
27  0  0      0 60575212   2088 1851968    0    0     0     0  503  889  0  0 100  0  0 2021-07-24 04:56:42
27  0  0      0 60575212   2088 1851968    0    0     0     0  515  914  0  0 100  0  0 2021-07-24 04:56:43
27  0  0      0 60575212   2088 1851968    0    0     0    20  491  886  0  0 100  0  0 2021-07-24 04:56:44
27  0  0      0 60575212   2088 1851968    0    0     0     0  515  926  0  0 100  0  0 2021-07-24 04:56:45
27  0  0      0 60575212   2088 1851968    0    0     0     0  524  926  0  0 100  0  0 2021-07-24 04:56:46
27  0  0      0 60575212   2088 1851968    0    0     0     0  859  925  0  0 100  0  0 2021-07-24 04:56:47
27  0  0      0 60575212   2088 1851968    0    0     0     0  531  934  0  0 100  0  0 2021-07-24 04:56:48
27  1  0      0 60575212   2088 1851968    0    0     0     4  527  927  0  0 100  0  0 2021-07-24 04:56:49
27  0  0      0 60575212   2088 1851972    0    0     0     0  515  898  0  0 100  0  0 2021-07-24 04:56:50
27  0  0      0 60575212   2088 1851972    0    0     0     0  502  890  0  0 100  0  0 2021-07-24 04:56:51
27  0  0      0 60575212   2088 1851972    0    0     0     0  506  905  0  0 100  0  0 2021-07-24 04:56:52
27  0  0      0 60575212   2088 1851972    0    0     0     0  506  896  0  0 100  0  0 2021-07-24 04:56:53
27  0  0      0 60575212   2088 1851972    0    0     0     4  523  925  0  0 100  0  0 2021-07-24 04:56:54
27  0  0      0 60575212   2088 1851972    0    0     0     0  542  953  0  0 100  0  0 2021-07-24 04:56:55
27  0  0      0 60575212   2088 1851972    0    0     0     0  624 1068  0  0 100  0  0 2021-07-24 04:56:56
27  0  0      0 60575212   2088 1851972    0    0     0     0  526  932  0  0 100  0  0 2021-07-24 04:56:57
27  0  0      0 60575212   2088 1851972    0    0     0     0  548  957  0  0 100  0  0 2021-07-24 04:56:58
27  0  0      0 60575212   2088 1851976    0    0     0     0  520  921  0  0 100  0  0 2021-07-24 04:56:59
27  0  0      0 60575212   2088 1851976    0    0     0     0  518  910  0  0 100  0  0 2021-07-24 04:57:00
27  1  0      0 60473376   2088 1851976    0    0     0     0 2756 1494 14  7 79  0  0 2021-07-24 04:57:01
27  0  0      0 60400464   2088 1851976    0    0     0     0 2773 1995 12  6 82  0  0 2021-07-24 04:57:02
27  1  0      0 60081376   2088 1862232    0    0     0     0 2788 2271  5  3 92  0  0 2021-07-24 04:57:03
27  2  0      0 59437248   2088 1862232    0    0     0     0 1115  954  9  4 87  0  0 2021-07-24 04:57:04
27  1  0      0 58744488   2088 1862232    0    0     0     0  756  923  9  4 88  0  0 2021-07-24 04:57:05
27  1  0      0 58036828   2088 1862232    0    0     0     0  809  969  9  4 87  0  0 2021-07-24 04:57:06
27  1  0      0 57824872   2088 1901984    0    0     0     0 5348 2343 14  3 83  0  0 2021-07-24 04:57:07
27  1  0      0 57784200   2088 1901984    0    0     0     0 1621 1653 18  1 81  0  0 2021-07-24 04:57:08
27  4  0      0 57549676   2088 2057716    0    0     0    50 2369 2153 21  3 76  0  0 2021-07-24 04:57:09
27  1  0      0 57620856   2088 2057720    0    0     0     0 1870 1820 19  1 80  0  0 2021-07-24 04:57:10
27  4  0      0 57637348   2088 2057976    0    0     0     0 2108 1929 21  1 77  0  0 2021-07-24 04:57:11
27  2  0      0 57636984   2088 2057976    0    0     0     0 2805 2397 27  2 71  0  0 2021-07-24 04:57:12
27  4  0      0 57636496   2088 2057976    0    0     0     0 2516 2078 24  4 72  0  0 2021-07-24 04:57:13
27  1  0      0 57620500   2088 2057976    0    0     0     0 2196 1967 23  1 76  0  0 2021-07-24 04:57:14
27  1  0      0 57621000   2088 2057988    0    0     0     0 2420 2119 25  2 74  0  0 2021-07-24 04:57:15
27  4  0      0 57620388   2088 2057988    0    0     0     0 2554 2333 24  1 74  0  0 2021-07-24 04:57:16
27  4  0      0 57620880   2088 2057988    0    0     0     0 2347 2100 22  2 75  0  0 2021-07-24 04:57:17
27  4  0      0 57636696   2088 2057988    0    0     0     0 2046 1808 20  3 77  0  0 2021-07-24 04:57:18
27  1  0      0 57636772   2088 2057988    0    0     0     0 2675 2375 24  2 74  0  0 2021-07-24 04:57:19
27  1  0      0 57586552   2088 2057988    0    0     0     8 2727 2177 24  1 75  0  0 2021-07-24 04:57:20
27  1  0      0 57586300   2088 2057988    0    0     0     0 2529 2196 27  2 72  0  0 2021-07-24 04:57:21
27  3  0      0 57598208   2088 2057996    0    0     0     0 1862 1810 21  0 79  0  0 2021-07-24 04:57:22
27  1  0      0 57629684   2088 2057996    0    0     0     0 1933 1816 20  1 79  0  0 2021-07-24 04:57:23
27  4  0      0 57613832   2088 2057996    0    0     0     0 2022 1879 21  1 78  0  0 2021-07-24 04:57:24
27  1  0      0 57613832   2088 2057996    0    0     0    32 2198 2042 22  1 77  0  0 2021-07-24 04:57:25
27  2  0      0 57628468   2088 2058000    0    0     0     0 1683 1587 19  1 79  0  0 2021-07-24 04:57:26
27  1  0      0 57595992   2088 2058000    0    0     0     0 2537 2250 23  2 75  0  0 2021-07-24 04:57:27
27  1  0      0 57596244   2088 2058000    0    0     0     0 2454 2134 23  3 74  0  0 2021-07-24 04:57:28
27  4  0      0 57596372   2088 2058000    0    0     0     0 2653 2265 26  3 72  0  0 2021-07-24 04:57:29
27  4  0      0 57596252   2088 2058008    0    0     0     0 2213 2004 23  1 76  0  0 2021-07-24 04:57:30
27  5  0      0 57596376   2088 2058008    0    0     0     0 2470 2208 23  2 75  0  0 2021-07-24 04:57:31
27  2  0      0 57596384   2088 2058008    0    0     0     0 2587 2260 25  2 73  0  0 2021-07-24 04:57:32
27  2  0      0 57596264   2088 2058008    0    0     0     0 2264 2028 21  3 76  0  0 2021-07-24 04:57:33
27  4  0      0 57621072   2088 2058008    0    0     0     0 2360 2182 22  1 77  0  0 2021-07-24 04:57:34
27  4  0      0 57616484   2088 2058008    0    0     0     0 2472 2225 24  1 75  0  0 2021-07-24 04:57:35
27  4  0      0 57599124   2088 2058008    0    0     0     0 2668 2066 25  1 73  0  0 2021-07-24 04:57:36
27  1  0      0 57599252   2088 2058016    0    0     0     0 2445 2294 24  1 75  0  0 2021-07-24 04:57:37
27  1  0      0 57594540   2088 2058016    0    0     0     0 1940 1885 19  1 79  0  0 2021-07-24 04:57:38
27  1  0      0 57603344   2088 2058016    0    0     0     0 1367 1448 16  1 83  0  0 2021-07-24 04:57:39
27  4  0      0 57602852   2088 2058016    0    0     0    89 2257 2079 23  1 76  0  0 2021-07-24 04:57:40
27  1  0      0 57589092   2088 2058016    0    0     0     0 2046 1941 20  1 78  0  0 2021-07-24 04:57:41
27  1  0      0 57599884   2088 2058016    0    0     0     0 1925 1789 20  2 79  0  0 2021-07-24 04:57:42
27  4  0      0 57599516   2088 2058016    0    0     0     0 2883 2502 29  1 70  0  0 2021-07-24 04:57:43
27  2  0      0 57599148   2088 2058016    0    0     0     0 2614 2123 25  4 70  0  0 2021-07-24 04:57:44
27  1  0      0 57562536   2088 2058024    0    0     0    44 2064 1996 20  1 78  0  0 2021-07-24 04:57:45
27  1  0      0 57599160   2088 2058024    0    0     0     0 2373 2109 22  2 76  0  0 2021-07-24 04:57:46
27  4  0      0 57599288   2088 2058024    0    0     0     0 2661 2337 26  1 72  0  0 2021-07-24 04:57:47
27  1  0      0 57599168   2088 2058024    0    0     0     0 2520 2156 25  2 73  0  0 2021-07-24 04:57:48
27  1  0      0 57621612   2088 2058024    0    0     0     0 2024 1834 21  2 77  0  0 2021-07-24 04:57:49
27  1  0      0 57620628   2088 2058024    0    0     0     0 2800 2442 26  2 72  0  0 2021-07-24 04:57:50
27  1  0      0 57600544   2088 2058032    0    0     0     8 2510 2267 25  1 73  0  0 2021-07-24 04:57:51
27  4  0      0 57583060   2088 2058036    0    0     0     0 2827 2169 27  1 72  0  0 2021-07-24 04:57:52
27  1  0      0 57631976   2088 2058036    0    0     0     0 1979 1862 21  1 78  0  0 2021-07-24 04:57:53
27  1  0      0 57603520   2088 2058036    0    0     0     0 1743 1669 17  2 81  0  0 2021-07-24 04:57:54
27  4  0      0 57571528   2088 2058036    0    0     0     0 1874 1758 19  2 79  0  0 2021-07-24 04:57:55
27  1  0      0 57571536   2088 2058036    0    0     0     0 2577 2317 25  1 74  0  0 2021-07-24 04:57:56
27  4  0      0 57624344   2088 2058052    0    0     0     0 1572 1609 17  0 82  0  0 2021-07-24 04:57:57
27  1  0      0 57595700   2088 2058052    0    0     0     0 2631 2303 25  2 73  0  0 2021-07-24 04:57:58
27  4  0      0 57595216   2088 2058052    0    0     0     0 2496 2064 25  3 72  0  0 2021-07-24 04:57:59
27  1  0      0 57595096   2088 2058060    0    0     0     0 2639 2234 27  2 71  0  0 2021-07-24 04:58:00
27  1  0      0 57595100   2088 2058064    0    0     0     8 2348 2141 24  1 75  0  0 2021-07-24 04:58:01
27  4  0      0 57589896   2088 2058064    0    0     0     0 2332 2077 23  2 75  0  0 2021-07-24 04:58:02
27  4  0      0 57590392   2088 2058064    0    0     0     0 2664 2316 28  1 72  0  0 2021-07-24 04:58:03
27  1  0      0 57590148   2088 2058064    0    0     0     0 2663 2061 23  2 75  0  0 2021-07-24 04:58:04
27  1  0      0 57548488   2088 2058064    0    0     0     0 1560 1107 15  8 77  0  0 2021-07-24 04:58:05
27  2  0      0 57617028   2088 2058064    0    0     0   104 2350 1966 23  4 73  0  0 2021-07-24 04:58:06
27  1  0      0 57597444   2088 2058072    0    0     0     0 2393 2025 23  2 74  0  0 2021-07-24 04:58:07
27  4  0      0 57575992   2088 2058072    0    0     0     0 2272 2061 24  1 75  0  0 2021-07-24 04:58:08
27  4  0      0 57575124   2088 2058072    0    0     0     0 3068 2317 28  2 70  0  0 2021-07-24 04:58:09
27  2  0      0 57576360   2088 2058072    0    0     0     0 1959 1822 22  1 77  0  0 2021-07-24 04:58:10
27  4  0      0 57570164   2088 2058072    0    0     0    22 1665 1673 16  1 82  0  0 2021-07-24 04:58:11
27  1  0      0 57569424   2088 2058072    0    0     0     0 2013 1919 20  1 78  0  0 2021-07-24 04:58:12
27  1  0      0 57569304   2088 2058072    0    0     0     0 2353 2094 24  1 75  0  0 2021-07-24 04:58:13
27  1  0      0 57622132   2088 2058072    0    0     0     0 1843 1726 20  1 79  0  0 2021-07-24 04:58:14
27  1  0      0 57590512   2088 2058080    0    0     0     0 2639 2295 27  2 72  0  0 2021-07-24 04:58:15
27  1  0      0 57589776   2088 2058080    0    0     0     0 2572 2137 25  3 72  0  0 2021-07-24 04:58:16
27  1  0      0 57589780   2088 2058084    0    0     0     0 2452 2125 25  2 73  0  0 2021-07-24 04:58:17
27  1  0      0 57586808   2088 2058084    0    0     0     0 2448 2198 24  1 74  0  0 2021-07-24 04:58:18
27  2  0      0 57586440   2088 2058084    0    0     0     0 2358 2048 23  2 74  0  0 2021-07-24 04:58:19
27  1  0      0 57586200   2088 2058084    0    0     0     0 2566 2270 23  2 74  0  0 2021-07-24 04:58:20
27  1  0      0 57543796   2088 2058084    0    0     0    36 2086 1877 22  1 77  0  0 2021-07-24 04:58:21
27  1  0      0 57598728   2088 2058092    0    0     0     0 2647 2334 24  2 74  0  0 2021-07-24 04:58:22
27  1  0      0 57588692   2088 2058092    0    0     0     0 2482 2236 25  1 74  0  0 2021-07-24 04:58:23
27  1  0      0 57587452   2088 2058092    0    0     0     0 2186 2032 22  1 77  0  0 2021-07-24 04:58:24
27  1  0      0 57587824   2088 2058092    0    0     0     0 2710 2214 23  1 75  0  0 2021-07-24 04:58:25
27  1  0      0 57571828   2088 2058092    0    0     0     8 1896 1808 18  2 80  0  0 2021-07-24 04:58:26
27  1  0      0 57561908   2088 2058092    0    0     0     0 1554 1506 19  0 81  0  0 2021-07-24 04:58:27
27  4  0      0 57487512   2088 2058092    0    0     0     0 2317 2086 23  2 75  0  0 2021-07-24 04:58:28
27  1  0      0 57561668   2088 2058092    0    0     0     0 1826 1729 20  1 80  0  0 2021-07-24 04:58:29
27  1  0      0 57585604   2088 2058100    0    0     0     0 2136 1980 21  2 77  0  0 2021-07-24 04:58:30
27  2  0      0 57585236   2088 2058100    0    0     0     0 2721 2353 26  2 72  0  0 2021-07-24 04:58:31
27  1  0      0 57584872   2088 2058100    0    0     0     0 2517 2062 24  4 72  0  0 2021-07-24 04:58:32
27  1  0      0 57584748   2088 2058100    0    0     0     0 2187 2052 21  1 78  0  0 2021-07-24 04:58:33
27  1  0      0 57584752   2088 2058100    0    0     0     0 2506 2189 25  2 73  0  0 2021-07-24 04:58:34
27  1  0      0 57585380   2088 2058100    0    0     0     0 2558 2361 24  1 75  0  0 2021-07-24 04:58:35
27  4  0      0 57585012   2088 2058100    0    0     0     0 2465 2144 25  2 73  0  0 2021-07-24 04:58:36
27  1  0      0 57596548   2088 2058108    0    0     0     4 2006 1820 21  2 77  0  0 2021-07-24 04:58:37
27  1  0      0 57587008   2088 2058112    0    0     0     0 2755 2426 27  1 72  0  0 2021-07-24 04:58:38
27  1  0      0 57617320   2088 2058112    0    0     0     0 2379 2168 24  1 74  0  0 2021-07-24 04:58:39
27  1  0      0 57585020   2088 2058112    0    0     0     0 2487 2207 25  2 73  0  0 2021-07-24 04:58:40
27  1  0      0 57570144   2088 2058112    0    0     0    37 2145 1759 21  1 78  0  0 2021-07-24 04:58:41
27  1  0      0 57590480   2088 2058112    0    0     0     1 1856 1800 19  1 80  0  0 2021-07-24 04:58:42
27  1  0      0 57559360   2088 2058112    0    0     0     0 2034 1913 22  1 77  0  0 2021-07-24 04:58:43
27  1  0      0 57559116   2088 2058124    0    0     0     0 2262 2040 24  1 75  0  0 2021-07-24 04:58:44
27  2  0      0 57617892   2088 2058124    0    0     0     0 1659 1574 19  1 80  0  0 2021-07-24 04:58:45
27  1  0      0 57585164   2088 2058124    0    0     0     0 2637 2316 26  1 72  0  0 2021-07-24 04:58:46
27  1  0      0 57584920   2088 2058124    0    0     0     0 2485 2164 24  3 73  0  0 2021-07-24 04:58:47
27  4  0      0 57585048   2088 2058124    0    0     0     0 2565 2268 25  2 73  0  0 2021-07-24 04:58:48
27  4  0      0 57585176   2088 2058124    0    0     0     0 2247 2030 24  1 75  0  0 2021-07-24 04:58:49
27  4  0      0 57585180   2088 2058124    0    0     0     0 2443 2161 25  1 74  0  0 2021-07-24 04:58:50
27  2  0      0 57585180   2088 2058124    0    0     0     0 2614 2172 26  3 71  0  0 2021-07-24 04:58:51
27  1  0      0 57584816   2088 2058132    0    0     0     4 2343 2071 23  2 75  0  0 2021-07-24 04:58:52
27  2  0      0 57595984   2088 2058132    0    0     0     0 2381 2202 22  2 76  0  0 2021-07-24 04:58:53
27  4  0      0 57586512   2088 2058132    0    0     0     0 2324 2108 23  1 76  0  0 2021-07-24 04:58:54
27  1  0      0 57584456   2088 2058132    0    0     0     0 2243 2072 23  1 76  0  0 2021-07-24 04:58:55
27  1  0      0 57584828   2088 2058132    0    0     0     0 2512 2337 25  1 74  0  0 2021-07-24 04:58:56
27  4  0      0 57569948   2088 2058132    0    0     0    52 2345 1847 20  2 78  0  0 2021-07-24 04:58:57
27  1  0      0 57559160   2088 2058132    0    0     0     0 1575 1612 17  1 82  0  0 2021-07-24 04:58:58
27  1  0      0 57558792   2088 2058140    0    0     0     0 2244 1981 24  1 75  0  0 2021-07-24 04:58:59
27  1  0      0 57558920   2088 2058140    0    0     0     0 2148 1959 23  1 76  0  0 2021-07-24 04:59:00
27  1  0      0 57601828   2088 2058140    0    0     0     0 1849 1756 19  2 80  0  0 2021-07-24 04:59:01
27  4  0      0 57584472   2088 2058140    0    0     0     0 2676 2401 27  1 72  0  0 2021-07-24 04:59:02
27  2  0      0 57584600   2088 2058140    0    0     0     0 2491 2133 23  4 73  0  0 2021-07-24 04:59:03
27  1  0      0 57584604   2088 2058140    0    0     0     0 2010 1836 22  1 77  0  0 2021-07-24 04:59:04
27  1  0      0 57584364   2088 2058140    0    0     0     0 2580 2173 25  3 72  0  0 2021-07-24 04:59:05
27  4  0      0 57584740   2088 2058148    0    0     0     0 2531 2289 26  1 74  0  0 2021-07-24 04:59:06
27  4  0      0 57585116   2088 2058148    0    0     0     0 2433 2149 24  2 74  0  0 2021-07-24 04:59:07
27  1  0      0 57614012   2088 2058148    0    0     0     0 2124 1945 21  2 77  0  0 2021-07-24 04:59:08
27  4  0      0 57587604   2088 2058148    0    0     0     0 2797 2432 26  2 72  0  0 2021-07-24 04:59:09
27  5  0      0 57586368   2088 2058148    0    0     0     0 2567 2321 26  1 73  0  0 2021-07-24 04:59:10
27  4  0      0 57585252   2088 2058148    0    0     0     0 2159 2057 21  1 78  0  0 2021-07-24 04:59:11
27  1  0      0 57615508   2088 2058148    0    0     0    11 1932 1830 20  1 78  0  0 2021-07-24 04:59:12
27  1  0      0 57613772   2088 2058156    0    0     0     0 2231 1836 19  2 79  0  0 2021-07-24 04:59:13
27  1  0      0 57559216   2088 2058160    0    0     0     0 1821 1751 18  2 80  0  0 2021-07-24 04:59:14
27  1  0      0 57559220   2088 2058160    0    0     0     0 2511 2258 25  1 74  0  0 2021-07-24 04:59:15
27  1  0      0 57617372   2088 2058160    0    0     0     0 1312 1367 16  1 83  0  0 2021-07-24 04:59:16
27  2  0      0 57571872   2088 2058160    0    0     0     0 2564 2265 25  2 73  0  0 2021-07-24 04:59:17
27  4  0      0 57571752   2088 2058160    0    0     0     0 2584 2161 24  3 72  0  0 2021-07-24 04:59:18
27  4  0      0 57571636   2088 2058160    0    0     0     0 2522 2244 24  2 74  0  0 2021-07-24 04:59:19
27  4  0      0 57571392   2088 2058160    0    0     0     0 2367 2142 24  1 75  0  0 2021-07-24 04:59:20
27  4  0      0 57571892   2088 2058172    0    0     0     0 2384 2069 24  2 74  0  0 2021-07-24 04:59:21
27  1  0      0 57571648   2088 2058172    0    0     0     0 2600 2350 26  1 73  0  0 2021-07-24 04:59:22
27  1  0      0 57571528   2088 2058176    0    0     0     0 2391 2095 24  2 74  0  0 2021-07-24 04:59:23
27  1  0      0 57591244   2088 2058176    0    0     0     0 2274 2012 23  2 75  0  0 2021-07-24 04:59:24
27  1  0      0 57587164   2088 2058176    0    0     0     0 2650 2285 26  1 73  0  0 2021-07-24 04:59:25
27  1  0      0 57584684   2088 2058176    0    0     0     0 2216 2060 22  1 77  0  0 2021-07-24 04:59:26
27  1  0      0 57583940   2088 2058176    0    0     0     0 2497 2311 23  2 76  0  0 2021-07-24 04:59:27
27  1  0      0 57567568   2088 2058176    0    0     0     8 1843 1763 20  1 79  0  0 2021-07-24 04:59:28
27  1  0      0 57558892   2088 2058184    0    0     0     0 2032 1669 18  1 81  0  0 2021-07-24 04:59:29
27  1  0      0 57558028   2088 2058184    0    0     0     0 2075 2067 21  2 77  0  0 2021-07-24 04:59:30
27  4  0      0 57558032   2088 2058184    0    0     0     0 2356 2079 24  1 74  0  0 2021-07-24 04:59:31
27  1  0      0 57611852   2088 2058184    0    0     0     0 1810 1723 19  2 79  0  0 2021-07-24 04:59:32
27  4  0      0 57566968   2088 2058184    0    0     0    48 2610 2342 25  2 73  0  0 2021-07-24 04:59:33
27  4  0      0 57566476   2088 2058184    0    0     0     0 2506 2109 25  3 72  0  0 2021-07-24 04:59:34
27  1  0      0 57566852   2088 2058184    0    0     0     0 2365 2111 23  3 74  0  0 2021-07-24 04:59:35
27  4  0      0 57511428   2088 2058192    0    0     0     0 2460 2198 24  2 74  0  0 2021-07-24 04:59:36
27  2  0      0 57566860   2088 2058192    0    0     0     0 2343 2074 23  2 75  0  0 2021-07-24 04:59:37
27  4  0      0 57566744   2088 2058192    0    0     0     0 2510 2253 23  3 75  0  0 2021-07-24 04:59:38
27  1  0      0 57542812   2088 2058192    0    0     0     0 2049 1885 21  2 77  0  0 2021-07-24 04:59:39
27  1  0      0 57588208   2088 2058192    0    0     0     0 2671 2379 25  2 73  0  0 2021-07-24 04:59:40
27  4  0      0 57578780   2088 2058192    0    0     0     0 2338 2167 23  1 75  0  0 2021-07-24 04:59:41
27  1  0      0 57577296   2088 2058192    0    0     0     0 2230 2037 23  2 76  0  0 2021-07-24 04:59:42
27  1  0      0 57577296   2088 2058200    0    0     0     9 2470 2232 26  1 73  0  0 2021-07-24 04:59:43
27  1  0      0 57561176   2088 2058200    0    0     0     0 1833 1759 19  1 80  0  0 2021-07-24 04:59:44
27  4  0      0 57551504   2088 2058200    0    0     0     0 1478 1521 17  1 82  0  0 2021-07-24 04:59:45
27  2  0      0 57550516   2088 2058200    0    0     0     0 2630 2129 22  2 76  0  0 2021-07-24 04:59:46
27  1  0      0 57550644   2088 2058200    0    0     0     0 1706 1679 19  0 81  0  0 2021-07-24 04:59:47
27  4  0      0 57564908   2088 2058200    0    0     0     0 2156 1989 21  2 77  0  0 2021-07-24 04:59:48
27  2  0      0 57564292   2088 2058204    0    0     0     0 2756 2339 27  3 70  0  0 2021-07-24 04:59:49
27  1  0      0 57564176   2088 2058204    0    0     0     0 2539 2119 25  3 72  0  0 2021-07-24 04:59:50
27  1  0      0 57564676   2088 2058212    0    0     0     0 2132 1971 22  1 77  0  0 2021-07-24 04:59:51
27  1  0      0 57564184   2088 2058212    0    0     0     0 2463 2154 25  1 73  0  0 2021-07-24 04:59:52
27  1  0      0 57564312   2088 2058212    0    0     0     4 2552 2363 24  1 74  0  0 2021-07-24 04:59:53
27  1  0      0 57564316   2088 2058212    0    0     0     0 2430 2187 23  2 74  0  0 2021-07-24 04:59:54
27  4  0      0 57585276   2088 2058212    0    0     0     0 1975 1808 20  2 78  0  0 2021-07-24 04:59:55
27  2  0      0 57575240   2088 2058212    0    0     0     0 2689 2383 25  2 73  0  0 2021-07-24 04:59:56
27  1  0      0 57601032   2088 2058212    0    0     0     0 2174 2104 21  1 78  0  0 2021-07-24 04:59:57
27  1  0      0 57573008   2088 2058220    0    0     0     0 2493 2330 24  2 74  0  0 2021-07-24 04:59:58
27  1  0      0 57558484   2088 2058220    0    0     0   112 1801 1863 18  1 81  0  0 2021-07-24 04:59:59
27  1  0      0 57578696   2088 2058220    0    0     0     0 1831 1786 18  1 80  0  0 2021-07-24 05:00:00
27  1  0      0 57547452   2088 2058220    0    0     0     0 2008 1907 21  1 77  0  0 2021-07-24 05:00:01
27  1  0      0 57546660   2088 2058292    0    0     0     0 2895 2402 22  2 76  0  0 2021-07-24 05:00:02
27  2  0      0 57602584   2088 2058292    0    0     0     0 1656 1630 19  1 80  0  0 2021-07-24 05:00:03
27  1  0      0 57565888   2088 2058292    0    0     0     0 2550 2255 25  2 74  0  0 2021-07-24 05:00:04
27  4  0      0 57566140   2088 2058300    0    0     0     0 2550 2125 26  3 71  0  0 2021-07-24 05:00:05
27  4  0      0 57565896   2088 2058300    0    0     0     0 2571 2218 26  2 72  0  0 2021-07-24 05:00:06
27  4  0      0 57566148   2088 2058300    0    0     0     0 2068 1987 21  1 78  0  0 2021-07-24 05:00:07
27  1  0      0 57566028   2088 2058300    0    0     0     0 2761 2212 24  2 74  0  0 2021-07-24 05:00:08
27  2  0      0 57566528   2088 2058300    0    0     0    44 2638 2247 26  2 72  0  0 2021-07-24 05:00:09
27  1  0      0 57566040   2088 2058300    0    0     0     0 2372 2133 23  2 75  0  0 2021-07-24 05:00:10
27  1  0      0 57579680   2088 2058304    0    0     0     0 2334 2140 23  2 76  0  0 2021-07-24 05:00:11
27  1  0      0 57573488   2088 2058304    0    0     0     0 2413 2155 24  1 75  0  0 2021-07-24 05:00:12
27  1  0      0 57572244   2088 2058312    0    0     0     0 2117 2053 21  2 78  0  0 2021-07-24 05:00:13
27  1  0      0 57572372   2088 2058312    0    0     0     8 2585 2434 25  1 74  0  0 2021-07-24 05:00:14
27  1  0      0 57548688   2088 2058312    0    0     0     0 2314 1888 19  3 79  0  0 2021-07-24 05:00:15
27  1  0      0 57545464   2088 2058312    0    0     0     0 1424 1466 17  1 82  0  0 2021-07-24 05:00:16
27  1  0      0 57544848   2088 2058312    0    0     0     0 2149 2018 22  1 77  0  0 2021-07-24 05:00:17
27  1  0      0 57544852   2088 2058312    0    0     0     0 2496 1999 22  1 76  0  0 2021-07-24 05:00:18
27  1  0      0 57580692   2088 2058312    0    0     0     8 1921 1785 20  2 78  0  0 2021-07-24 05:00:19
27  1  0      0 57556268   2088 2058320    0    0     0     0 2623 2445 25  1 74  0  0 2021-07-24 05:00:20
27  2  0      0 57556468   2088 2058320    0    0     0     0 2542 2128 24  4 72  0  0 2021-07-24 05:00:21
27  4  0      0 57556472   2088 2058320    0    0     0     0 2121 1938 23  1 76  0  0 2021-07-24 05:00:22
27  1  0      0 57556284   2088 2058320    0    0     0     0 2511 2153 23  3 73  0  0 2021-07-24 05:00:23
27  4  0      0 57556284   2088 2058320    0    0     0     0 2523 2305 24  1 75  0  0 2021-07-24 05:00:24
27  1  0      0 57556788   2088 2058320    0    0     0     0 2419 2110 24  2 74  0  0 2021-07-24 05:00:25
27  1  0      0 57588412   2088 2058324    0    0     0     0 2094 1921 21  2 77  0  0 2021-07-24 05:00:26
27  1  0      0 57574392   2088 2058332    0    0     0   248 2834 2439 27  1 71  0  0 2021-07-24 05:00:27
27  1  0      0 57568936   2088 2058332    0    0     0     0 2501 2298 25  1 74  0  0 2021-07-24 05:00:28
27  6  0      0 57570548   2088 2058332    0    0     0     0 2290 2084 23  1 75  0  0 2021-07-24 05:00:29
27  1  0      0 57593116   2088 2058332    0    0     0     0 1936 1834 20  1 79  0  0 2021-07-24 05:00:30
27  1  0      0 57597704   2088 2058332    0    0     0     0 1971 1789 21  1 78  0  0 2021-07-24 05:00:31
27  1  0      0 57544140   2088 2058336    0    0     0     0 1816 1752 19  1 80  0  0 2021-07-24 05:00:32
27  1  0      0 57544264   2088 2058336    0    0     0     0 2465 2265 24  2 74  0  0 2021-07-24 05:00:33
27  4  0      0 57599564   2088 2058336    0    0     0    36 1670 1396 16  0 83  0  0 2021-07-24 05:00:34
27  2  0      0 57554688   2088 2058344    0    0     0     0 2637 2300 26  2 72  0  0 2021-07-24 05:00:35
27  4  0      0 57555068   2088 2058344    0    0     0     0 2457 2085 23  3 74  0  0 2021-07-24 05:00:36
27  1  0      0 57555440   2088 2058344    0    0     0     0 2568 2232 24  3 73  0  0 2021-07-24 05:00:37
27  4  0      0 57554700   2088 2058344    0    0     0     0 2416 2165 25  1 74  0  0 2021-07-24 05:00:38
27  1  0      0 57554704   2088 2058344    0    0     0     0 2305 2071 22  2 76  0  0 2021-07-24 05:00:39
27  4  0      0 57554956   2088 2058344    0    0     0     0 2518 2345 23  1 76  0  0 2021-07-24 05:00:40
27  4  0      0 57555456   2088 2058344    0    0     0     0 2329 2052 23  2 74  0  0 2021-07-24 05:00:41
27  4  0      0 57577160   2088 2058352    0    0     0     0 2231 2005 22  3 76  0  0 2021-07-24 05:00:42
27  1  0      0 57567376   2088 2058352    0    0     0     0 2644 2334 26  1 73  0  0 2021-07-24 05:00:43
27  4  0      0 57566136   2088 2058352    0    0     0    67 2195 2060 22  1 77  0  0 2021-07-24 05:00:44
27  1  0      0 57565264   2088 2058352    0    0     0    44 2566 2222 26  2 72  0  0 2021-07-24 05:00:45
27  1  0      0 57542696   2088 2058352    0    0     0     0 1760 1676 19  1 79  0  0 2021-07-24 05:00:46
27  4  0      0 57540220   2088 2058352    0    0     0     0 1658 1621 18  1 81  0  0 2021-07-24 05:00:47
27  1  0      0 57539848   2088 2058352    0    0     0     0 1989 1871 21  1 78  0  0 2021-07-24 05:00:48
27  1  0      0 57539856   2088 2058364    0    0     0     0 2419 2146 25  1 74  0  0 2021-07-24 05:00:49
27  4  0      0 57594048   2088 2058364    0    0     0     0 1805 1703 19  1 80  0  0 2021-07-24 05:00:50
27  1  0      0 57550404   2088 2058364    0    0     0     0 2906 2259 25  2 73  0  0 2021-07-24 05:00:51
27  4  0      0 57551272   2088 2058364    0    0     0     0 2494 2132 24  3 73  0  0 2021-07-24 05:00:52
27  1  0      0 57550656   2088 2058364    0    0     0     0 2397 2096 24  2 74  0  0 2021-07-24 05:00:53
27  2  0      0 57550664   2088 2058364    0    0     0     0 2496 2274 24  2 74  0  0 2021-07-24 05:00:54
27  1  0      0 57551160   2088 2058364    0    0     0     8 2362 2076 23  2 75  0  0 2021-07-24 05:00:55
27  1  0      0 57550676   2088 2058364    0    0     0     0 2494 2178 24  2 73  0  0 2021-07-24 05:00:56
27  1  0      0 57503684   2088 2058372    0    0     0     0 2075 1875 21  2 77  0  0 2021-07-24 05:00:57
27  1  0      0 57575860   2088 2058372    0    0     0     0 2682 2397 24  2 74  0  0 2021-07-24 05:00:58
27  5  0      0 57565804   2088 2058372    0    0     0     0 2492 2368 24  1 75  0  0 2021-07-24 05:00:59
27  4  0      0 57564948   2088 2058372    0    0     0     0 2254 2020 23  1 75  0  0 2021-07-24 05:01:00
27  1  0      0 57565072   2088 2058372    0    0     0     0 2304 2184 22  1 77  0  0 2021-07-24 05:01:01
27  1  0      0 57542216   2088 2058708    0    0    64     8 2383 2182 20  2 78  0  0 2021-07-24 05:01:02
27  4  0      0 57537256   2088 2058708    0    0     0     0 1520 1529 18  1 82  0  0 2021-07-24 05:01:03
27  4  0      0 57463476   2088 2058716    0    0     0     0 2364 2074 25  1 73  0  0 2021-07-24 05:01:04
27  1  0      0 57537512   2088 2058716    0    0     0    12 1782 1753 19  0 81  0  0 2021-07-24 05:01:05
27  1  0      0 57550288   2088 2058716    0    0     0     0 2065 1951 20  1 78  0  0 2021-07-24 05:01:06
27  2  0      0 57549920   2088 2058716    0    0     0     0 3049 2402 24  3 73  0  0 2021-07-24 05:01:07
27  1  0      0 57549680   2088 2058716    0    0     0     0 2545 2074 24  4 72  0  0 2021-07-24 05:01:08
27  4  0      0 57550180   2088 2058716    0    0     0     0 2403 2262 22  2 76  0  0 2021-07-24 05:01:09
27  4  0      0 57550056   2088 2058716    0    0     0     0 2444 2142 24  2 74  0  0 2021-07-24 05:01:10
27  1  0      0 57549940   2088 2058724    0    0     0     0 2509 2317 24  1 75  0  0 2021-07-24 05:01:11
27  4  0      0 57549820   2088 2058724    0    0     0     0 2426 2159 24  2 74  0  0 2021-07-24 05:01:12
27  1  0      0 57569660   2088 2058724    0    0     0     0 2020 1821 21  2 77  0  0 2021-07-24 05:01:13
27  1  0      0 57560372   2088 2058724    0    0     0     0 2693 2411 24  2 74  0  0 2021-07-24 05:01:14
27  1  0      0 57590560   2088 2058724    0    0     0    40 2320 2093 24  1 75  0  0 2021-07-24 05:01:15
27  1  0      0 57558136   2088 2058724    0    0     0     0 2522 2222 26  2 72  0  0 2021-07-24 05:01:16
27  1  0      0 57543384   2088 2058724    0    0     0     0 1757 1786 18  1 81  0  0 2021-07-24 05:01:17
27  1  0      0 57563968   2088 2058732    0    0     0     0 1855 1787 19  1 80  0  0 2021-07-24 05:01:18
27  4  0      0 57532224   2088 2058732    0    0     0     0 2019 1869 21  1 77  0  0 2021-07-24 05:01:19
27  1  0      0 57532476   2088 2058732    0    0     0    44 2195 2035 22  1 77  0  0 2021-07-24 05:01:20
27  2  0      0 57588932   2088 2058732    0    0     0     0 1711 1637 19  1 80  0  0 2021-07-24 05:01:21
27  1  0      0 57544048   2088 2058732    0    0     0     0 2596 2320 24  2 74  0  0 2021-07-24 05:01:22
27  4  0      0 57544300   2088 2058732    0    0     0     0 2895 2151 25  3 72  0  0 2021-07-24 05:01:23
27  1  0      0 57544304   2088 2058732    0    0     0     0 2545 2248 25  2 73  0  0 2021-07-24 05:01:24
27  4  0      0 57544436   2088 2058732    0    0     0     0 2291 2032 24  1 75  0  0 2021-07-24 05:01:25
27  1  0      0 57544064   2088 2058740    0    0     0     4 2478 2191 24  2 74  0  0 2021-07-24 05:01:26
27  2  0      0 57543948   2088 2058740    0    0     0     0 2642 2229 26  3 72  0  0 2021-07-24 05:01:27
27  1  0      0 57544076   2088 2058740    0    0     0     0 2342 2076 23  2 75  0  0 2021-07-24 05:01:28
27  1  0      0 57568880   2088 2058740    0    0     0     0 2399 2111 25  1 74  0  0 2021-07-24 05:01:29
27  4  0      0 57559708   2088 2058740    0    0     0     0 2458 2213 23  2 75  0  0 2021-07-24 05:01:30
27  4  0      0 57558592   2088 2058740    0    0     0     0 2280 2050 24  1 75  0  0 2021-07-24 05:01:31
27  1  0      0 57558472   2088 2058740    0    0     0     0 2581 2331 26  1 73  0  0 2021-07-24 05:01:32
27  1  0      0 57535608   2088 2058768    0    0     0     0 2461 2171 22  2 77  0  0 2021-07-24 05:01:33
27  1  0      0 57531436   2088 2058780    0    0     0     0 1445 1513 16  1 83  0  0 2021-07-24 05:01:34
27  1  0      0 57531932   2088 2058780    0    0     0     0 2137 1931 23  1 76  0  0 2021-07-24 05:01:35
27  4  0      0 57531712   2088 2058780    0    0     0   440 2207 1962 22  1 77  0  0 2021-07-24 05:01:36
27  1  0      0 57577328   2088 2058784    0    0     0     0 1996 1820 21  2 78  0  0 2021-07-24 05:01:37
27  4  0      0 57545216   2088 2058784    0    0     0     0 2645 2367 26  1 73  0  0 2021-07-24 05:01:38
27  2  0      0 57545096   2088 2058784    0    0     0     0 2963 2199 25  3 71  0  0 2021-07-24 05:01:39
27  4  0      0 57545348   2088 2058788    0    0     0     0 2084 1904 21  2 77  0  0 2021-07-24 05:01:40
27  1  0      0 57545356   2088 2058796    0    0     0     0 2703 2225 26  3 71  0  0 2021-07-24 05:01:41
27  4  0      0 57545112   2088 2058796    0    0     0     0 2484 2231 25  1 74  0  0 2021-07-24 05:01:42
27  1  0      0 57545240   2088 2058796    0    0     0     0 2429 2171 24  2 74  0  0 2021-07-24 05:01:43
27  1  0      0 57590964   2088 2058796    0    0     0     0 2141 1912 22  2 76  0  0 2021-07-24 05:01:44
27  1  0      0 57560132   2088 2058796    0    0     0     0 2729 2387 26  1 72  0  0 2021-07-24 05:01:45
27  1  0      0 57559508   2088 2058796    0    0     0    71 2526 2273 25  1 74  0  0 2021-07-24 05:01:46
27  4  0      0 57558768   2088 2058796    0    0     0     0 2178 2032 21  1 77  0  0 2021-07-24 05:01:47
27  1  0      0 57484492   2088 2058804    0    0     0     0 1903 1878 19  1 80  0  0 2021-07-24 05:01:48
27  1  0      0 57479780   2088 2058804    0    0     0     0 1819 1737 19  2 80  0  0 2021-07-24 05:01:49
27  1  0      0 57532976   2088 2058804    0    0     0     0 1758 1729 18  1 80  0  0 2021-07-24 05:01:50
27  4  0      0 57532488   2088 2058804    0    0     0     0 2426 2203 24  2 74  0  0 2021-07-24 05:01:51
27  1  0      0 57475076   2088 2058804    0    0     0     0 1335 1375 17  0 83  0  0 2021-07-24 05:01:52
27  4  0      0 57469004   2088 2058804    0    0     0     0 2541 2307 24  2 73  0  0 2021-07-24 05:01:53
27  4  0      0 57543288   2088 2058804    0    0     0     0 2521 2103 24  3 72  0  0 2021-07-24 05:01:54
27  1  0      0 57543292   2088 2058804    0    0     0     0 2988 2284 27  2 71  0  0 2021-07-24 05:01:55
27  4  0      0 57543296   2088 2058812    0    0     0    48 2401 2157 25  1 74  0  0 2021-07-24 05:01:56
27  4  0      0 57543424   2088 2058812    0    0     0     0 2393 2099 25  2 73  0  0 2021-07-24 05:01:57
27  1  0      0 57543552   2088 2058812    0    0     0     0 2711 2378 28  1 71  0  0 2021-07-24 05:01:58
27  4  0      0 57543804   2088 2058812    0    0     0     0 2444 2179 23  2 75  0  0 2021-07-24 05:01:59
27  4  0      0 57567492   2088 2058812    0    0     0     0 2522 2223 24  3 73  0  0 2021-07-24 05:02:00
27  1  0      0 57558324   2088 2058812    0    0     0     0 2892 2561 25  1 73  0  0 2021-07-24 05:02:01
27  4  0      0 57504756   2088 2058812    0    0     0     0 2205 2072 21  2 77  0  0 2021-07-24 05:02:02
27  1  0      0 57556092   2088 2058820    0    0     0     0 2568 2315 25  2 73  0  0 2021-07-24 05:02:03
27  4  0      0 57536076   2088 2058820    0    0     0     0 1769 1690 19  2 80  0  0 2021-07-24 05:02:04
27  4  0      0 57530920   2088 2058820    0    0     0     0 1702 1667 18  1 81  0  0 2021-07-24 05:02:05
27  4  0      0 57530180   2088 2058820    0    0     0    12 1915 1854 19  1 80  0  0 2021-07-24 05:02:06
27  1  0      0 57530308   2088 2058820    0    0     0     0 2420 2136 25  1 74  0  0 2021-07-24 05:02:07
27  1  0      0 57585120   2088 2058820    0    0     0     0 1896 1715 20  1 78  0  0 2021-07-24 05:02:08
27  1  0      0 57544328   2088 2058820    0    0     0     0 2629 2344 25  1 73  0  0 2021-07-24 05:02:09
27  1  0      0 57544208   2088 2058828    0    0     0     0 2568 2148 25  3 72  0  0 2021-07-24 05:02:10
27  1  0      0 57544832   2088 2058828    0    0     0     0 2233 1988 23  2 76  0  0 2021-07-24 05:02:11
27  2  0      0 57544340   2088 2058828    0    0     0    12 3013 2280 26  2 72  0  0 2021-07-24 05:02:12
27  4  0      0 57544348   2088 2058832    0    0     0     0 2485 2150 24  2 74  0  0 2021-07-24 05:02:13
27  1  0      0 57544476   2088 2058832    0    0     0     0 2427 2114 24  2 74  0  0 2021-07-24 05:02:14
27  1  0      0 57497360   2088 2058832    0    0     0     0 2027 1874 20  2 78  0  0 2021-07-24 05:02:15
27  1  0      0 57561472   2088 2058832    0    0     0    88 2703 2420 24  2 74  0  0 2021-07-24 05:02:16
27  1  0      0 57560360   2088 2058832    0    0     0     1 2570 2282 27  1 73  0  0 2021-07-24 05:02:17
27  4  0      0 57557012   2088 2058840    0    0     0     0 2205 2079 22  2 77  0  0 2021-07-24 05:02:18
27  1  0      0 57557384   2088 2058840    0    0     0     0 2350 2145 25  1 74  0  0 2021-07-24 05:02:19
27  1  0      0 60169544   2088 2066196    0    0     0     0 2120 1830 14  4 82  0  0 2021-07-24 05:02:20
27  0  0      0 60526828   2088 1897936    0    0     0     0  749  989  1  1 98  0  0 2021-07-24 05:02:21
27  0  0      0 60527108   2088 1897932    0    0     0     0  516  912  0  0 100  0  0 2021-07-24 05:02:22
27  0  0      0 60527108   2088 1897932    0    0     0     0  479  865  0  0 100  0  0 2021-07-24 05:02:23
27  0  0      0 60527108   2088 1897932    0    0     0     0  496  888  0  0 100  0  0 2021-07-24 05:02:24
27  0  0      0 60527108   2088 1897932    0    0     0     0  499  896  0  0 100  0  0 2021-07-24 05:02:25
27  0  0      0 60527108   2088 1897932    0    0     0     0  528  929  0  0 100  0  0 2021-07-24 05:02:26
27  0  0      0 60527108   2088 1897932    0    0     0     0  500  896  0  0 100  0  0 2021-07-24 05:02:27
27  0  0      0 60527108   2088 1897932    0    0     0     0  861  933  0  0 100  0  0 2021-07-24 05:02:28
27  0  0      0 60527108   2088 1897932    0    0     0     0  515  909  0  0 100  0  0 2021-07-24 05:02:29
