#Date       Time        gpu rxpci txpci    sm   mem   enc   dec
#YYYYMMDD   HH:MM:SS    Idx  MB/s  MB/s     %     %     %     %
 20210724   05:13:47      0     0     0     0     0     0     0
 20210724   05:13:48      0     0     0     0     0     0     0
 20210724   05:13:49      0     0     0     0     0     0     0
 20210724   05:13:50      0     0     0     0     0     0     0
 20210724   05:13:51      0     0     0     0     0     0     0
 20210724   05:13:52      0     0     0     0     0     0     0
 20210724   05:13:53      0     0     0     0     0     0     0
 20210724   05:13:54      0     0     0     0     0     0     0
 20210724   05:13:56      0     0     0     0     0     0     0
 20210724   05:13:57      0     0     0     0     0     0     0
 20210724   05:13:58      0     0     0     0     0     0     0
 20210724   05:13:59      0     0     0     0     0     0     0
 20210724   05:14:00      0     0     0     0     0     0     0
 20210724   05:14:01      0     0     0     0     0     0     0
 20210724   05:14:02      0     0     0     0     0     0     0
 20210724   05:14:03      0     0     0     0     0     0     0
 20210724   05:14:05      0     0     0     0     0     0     0
 20210724   05:14:06      0     0     0     0     0     0     0
 20210724   05:14:07      0     0     0     0     0     0     0
 20210724   05:14:08      0     0     0     0     0     0     0
 20210724   05:14:09      0     0     0     0     0     0     0
 20210724   05:14:10      0     0     0     0     0     0     0
 20210724   05:14:11      0     0     0     0     0     0     0
 20210724   05:14:12      0     0     0     0     0     0     0
 20210724   05:14:13      0     0     0     0     0     0     0
 20210724   05:14:14      0     0     0     0     0     0     0
 20210724   05:14:16      0     0     0     0     0     0     0
 20210724   05:14:17      0     0     0     0     0     0     0
 20210724   05:14:18      0     0     0     0     0     0     0
 20210724   05:14:19      0     0     0     0     0     0     0
 20210724   05:14:20      0     0     0     0     0     0     0
 20210724   05:14:21      0     0     0     0     0     0     0
 20210724   05:14:22      0     0     0     0     0     0     0
 20210724   05:14:23      0     0     0     0     0     0     0
 20210724   05:14:25      0     0     0     0     0     0     0
 20210724   05:14:26      0     0     0     0     0     0     0
 20210724   05:14:27      0     0     0     0     0     0     0
 20210724   05:14:28      0     0     0     0     0     0     0
 20210724   05:14:29      0     0     0     0     0     0     0
 20210724   05:14:30      0     0     0     0     0     0     0
 20210724   05:14:31      0     0     0     0     0     0     0
 20210724   05:14:32      0   378     0     5     0     0     0
 20210724   05:14:34      0   221     0     5     0     0     0
 20210724   05:14:35      0   292    29     3     0     0     0
#Date       Time        gpu rxpci txpci    sm   mem   enc   dec
#YYYYMMDD   HH:MM:SS    Idx  MB/s  MB/s     %     %     %     %
 20210724   05:14:36      0     4     0     3     0     0     0
 20210724   05:14:37      0     0     0     0     0     0     0
 20210724   05:14:38      0     0     0     0     0     0     0
 20210724   05:14:39      0     0     0     0     0     0     0
 20210724   05:14:40      0     0     0     0     0     0     0
 20210724   05:14:41      0  3406   387     7     2     0     0
 20210724   05:14:42      0     0     0    15     0     0     0
 20210724   05:14:43      0     0     0     0     0     0     0
 20210724   05:14:44      0     0     0     0     0     0     0
 20210724   05:14:46      0  3521   407    86    28     0     0
 20210724   05:14:47      0     0     0    77    28     0     0
 20210724   05:14:48      0     0     0    15     0     0     0
 20210724   05:14:49      0     0     0     0     0     0     0
 20210724   05:14:50      0     0   620     0     0     0     0
 20210724   05:14:51      0     0     0     0     0     0     0
 20210724   05:14:52      0     0     0     0     0     0     0
 20210724   05:14:53      0  3385   386   100     0     0     0
 20210724   05:14:54      0  3904   464     0     0     0     0
 20210724   05:14:55      0     0     0     0     0     0     0
 20210724   05:14:56      0  6652   457     0     0     0     0
 20210724   05:14:58      0     0     0     0     0     0     0
 20210724   05:14:59      0     0     0     0     0     0     0
 20210724   05:15:00      0     0     0     0     0     0     0
 20210724   05:15:01      0  5841   482     0     0     0     0
 20210724   05:15:02      0     0     0    53     0     0     0
 20210724   05:15:03      0     0     0     0     0     0     0
 20210724   05:15:04      0     0     0     0     0     0     0
 20210724   05:15:05      0     0     0     0     0     0     0
 20210724   05:15:06      0     0     0     0     0     0     0
 20210724   05:15:08      0     0     0     0     0     0     0
 20210724   05:15:09      0  3673   433     0     0     0     0
 20210724   05:15:10      0     0     0    41    28     0     0
 20210724   05:15:11      0     0     0     0     0     0     0
 20210724   05:15:12      0     0     0    23    14     0     0
 20210724   05:15:13      0     0     0    75     0     0     0
 20210724   05:15:14      0     0     0     0     0     0     0
 20210724   05:15:15      0     0     0     0     0     0     0
 20210724   05:15:16      0  2181     0     1     0     0     0
 20210724   05:15:18      0     0     0     0     0     0     0
 20210724   05:15:19      0     0     0     0     0     0     0
 20210724   05:15:20      0     0     0     0     0     0     0
 20210724   05:15:21      0     0     0     0     0     0     0
 20210724   05:15:22      0     0     0     0     0     0     0
 20210724   05:15:23      0     0     0    39    25     0     0
#Date       Time        gpu rxpci txpci    sm   mem   enc   dec
#YYYYMMDD   HH:MM:SS    Idx  MB/s  MB/s     %     %     %     %
 20210724   05:15:24      0     0     0     0     0     0     0
 20210724   05:15:25      0  5697   479    18    11     0     0
 20210724   05:15:26      0     0     0     0     0     0     0
 20210724   05:15:28      0   868   411     0     0     0     0
 20210724   05:15:29      0     0     0    97     0     0     0
 20210724   05:15:30      0     0     0     0     0     0     0
 20210724   05:15:31      0     0     0     0     0     0     0
 20210724   05:15:32      0     0   618     0     0     0     0
 20210724   05:15:33      0     0     0     0     0     0     0
 20210724   05:15:34      0     0     0     0     0     0     0
 20210724   05:15:35      0     0     0     0     0     0     0
 20210724   05:15:36      0     0     0     0     0     0     0
 20210724   05:15:37      0     0     0    39    25     0     0
 20210724   05:15:39      0  5081   407     0     0     0     0
 20210724   05:15:40      0     0     0     0     0     0     0
 20210724   05:15:41      0     0     0     0     0     0     0
 20210724   05:15:42      0     0     0     0     0     0     0
 20210724   05:15:43      0     0     0     0     0     0     0
 20210724   05:15:44      0  3403   386    45    28     0     0
 20210724   05:15:45      0     0     0    78    14     0     0
 20210724   05:15:46      0     0     0    42    28     0     0
 20210724   05:15:47      0     0     0     0     0     0     0
 20210724   05:15:48      0     0   543     0     0     0     0
 20210724   05:15:49      0  3469   386     0     0     0     0
 20210724   05:15:50      0     0   187    41    28     0     0
 20210724   05:15:51      0     0     0    39    25     0     0
 20210724   05:15:53      0     0     0    35    25     0     0
 20210724   05:15:54      0     0     0     0     0     0     0
 20210724   05:15:55      0     0     0     0     0     0     0
 20210724   05:15:56      0     0     0     0     0     0     0
 20210724   05:15:57      0     0     0     0     0     0     0
 20210724   05:15:58      0     0     0    42    28     0     0
 20210724   05:15:59      0     0     0     0     0     0     0
 20210724   05:16:00      0  3648   445     0     0     0     0
 20210724   05:16:01      0     0   579     0     0     0     0
 20210724   05:16:02      0     0     0    43     0     0     0
 20210724   05:16:04      0     0     0     0     0     0     0
 20210724   05:16:05      0     0     0     0     0     0     0
 20210724   05:16:06      0     0     0     0     0     0     0
 20210724   05:16:07      0     0   106     0     0     0     0
 20210724   05:16:08      0     0     0    16     9     0     0
 20210724   05:16:09      0     0     0     0     0     0     0
 20210724   05:16:10      0     0     0     0     0     0     0
 20210724   05:16:11      0     0   675     0     0     0     0
#Date       Time        gpu rxpci txpci    sm   mem   enc   dec
#YYYYMMDD   HH:MM:SS    Idx  MB/s  MB/s     %     %     %     %
 20210724   05:16:12      0     0     0    20    14     0     0
 20210724   05:16:13      0     0     0     0     0     0     0
 20210724   05:16:14      0     0     0    37    28     0     0
 20210724   05:16:16      0     0     0     0     0     0     0
 20210724   05:16:17      0     0     0     0     0     0     0
 20210724   05:16:18      0     0     0     5     0     0     0
 20210724   05:16:19      0     0     0     0     0     0     0
 20210724   05:16:20      0     0     0     0     0     0     0
 20210724   05:16:21      0     0     0     0     0     0     0
 20210724   05:16:22      0     0     0     0     0     0     0
 20210724   05:16:23      0     3     0    24    17     0     0
 20210724   05:16:25      0     0     0     0     0     0     0
 20210724   05:16:26      0     0     0     0     0     0     0
 20210724   05:16:27      0     0     0     0     0     0     0
 20210724   05:16:28      0     0     0    25    18     0     0
 20210724   05:16:29      0     0     0     0     0     0     0
 20210724   05:16:30      0     2     0     0     0     0     0
 20210724   05:16:31      0     0     0     0     0     0     0
 20210724   05:16:32      0     0     0     0     0     0     0
 20210724   05:16:33      0     0     0     0     0     0     0
 20210724   05:16:34      0  3681   332     0     0     0     0
 20210724   05:16:35      0     0     0     0     0     0     0
 20210724   05:16:36      0     0     0     0     0     0     0
 20210724   05:16:38      0     0     0     0     0     0     0
 20210724   05:16:39      0     0     0     0     0     0     0
 20210724   05:16:40      0     0     0    39    25     0     0
 20210724   05:16:41      0  2369     9     0     0     0     0
 20210724   05:16:42      0     0     0     0     0     0     0
 20210724   05:16:43      0     0     0     0     0     0     0
 20210724   05:16:44      0     0     0     0     0     0     0
 20210724   05:16:45      0     0     0     0     0     0     0
 20210724   05:16:46      0  3687   425     0     0     0     0
 20210724   05:16:47      0     0     0    62     0     0     0
 20210724   05:16:48      0     0     0    41    28     0     0
 20210724   05:16:49      0     0     0     0     0     0     0
 20210724   05:16:51      0     0   613     0     0     0     0
 20210724   05:16:52      0  3566   386     0     0     0     0
 20210724   05:16:53      0     0   213    41    28     0     0
 20210724   05:16:54      0     0     0     0     0     0     0
 20210724   05:16:55      0     0     0     0     0     0     0
 20210724   05:16:56      0     0     0     0     0     0     0
 20210724   05:16:57      0     0     0     0     0     0     0
 20210724   05:16:58      0     0     0     0     0     0     0
 20210724   05:16:59      0     0     0     0     0     0     0
#Date       Time        gpu rxpci txpci    sm   mem   enc   dec
#YYYYMMDD   HH:MM:SS    Idx  MB/s  MB/s     %     %     %     %
 20210724   05:17:00      0     0     0    41    28     0     0
 20210724   05:17:02      0     0     0     0     0     0     0
 20210724   05:17:03      0  3563   386     0     0     0     0
 20210724   05:17:04      0  6116   446     6     1     0     0
 20210724   05:17:05      0     0     0     0     0     0     0
 20210724   05:17:06      0     0     0     0     0     0     0
 20210724   05:17:07      0     0   268     0     0     0     0
 20210724   05:17:08      0  3630   467     0     0     0     0
 20210724   05:17:09      0  2030     8     0     0     0     0
 20210724   05:17:10      0     0     0    18    13     0     0
 20210724   05:17:11      0     0     0     0     0     0     0
 20210724   05:17:12      0     0     0     0     0     0     0
 20210724   05:17:14      0     0     0     0     0     0     0
 20210724   05:17:15      0     0     0     0     0     0     0
 20210724   05:17:16      0  3722   238     0     0     0     0
 20210724   05:17:17      0     0     0     0     0     0     0
 20210724   05:17:18      0     0     0     0     0     0     0
 20210724   05:17:19      0     0     0     0     0     0     0
 20210724   05:17:20      0  3047     1    38    26     0     0
 20210724   05:17:21      0     0     0     0     0     0     0
 20210724   05:17:22      0     0     0     0     0     0     0
 20210724   05:17:23      0     0     0     0     0     0     0
 20210724   05:17:25      0     0     0     0     0     0     0
 20210724   05:17:26      0  4809   413     0     0     0     0
 20210724   05:17:27      0     0     0     0     0     0     0
 20210724   05:17:28      0     0     0    16     9     0     0
 20210724   05:17:29      0     0     0     0     0     0     0
 20210724   05:17:30      0  3829   442     0     0     0     0
 20210724   05:17:31      0     0     0     0     0     0     0
 20210724   05:17:32      0     0   192     0     0     0     0
 20210724   05:17:33      0     0     0    43     0     0     0
 20210724   05:17:34      0     0     0     0     0     0     0
 20210724   05:17:35      0     0     0     0     0     0     0
 20210724   05:17:37      0  3722    47    39    26     0     0
 20210724   05:17:38      0     0     0    22     0     0     0
 20210724   05:17:39      0     0     0     0     0     0     0
 20210724   05:17:40      0     0     0     0     0     0     0
 20210724   05:17:41      0     0     0     0     0     0     0
 20210724   05:17:42      0  4305   415     0     0     0     0
 20210724   05:17:43      0     0     0     0     0     0     0
 20210724   05:17:44      0     0     0     0     0     0     0
 20210724   05:17:45      0     0     0     0     0     0     0
 20210724   05:17:46      0     0     0     0     0     0     0
 20210724   05:17:47      0     0     0     0     0     0     0
#Date       Time        gpu rxpci txpci    sm   mem   enc   dec
#YYYYMMDD   HH:MM:SS    Idx  MB/s  MB/s     %     %     %     %
 20210724   05:17:48      0     0     0     0     0     0     0
 20210724   05:17:50      0  3397   387    41    28     0     0
 20210724   05:17:51      0  2523     0     0    28     0     0
 20210724   05:17:52      0     0     0     0     0     0     0
 20210724   05:17:53      0     0     0     0     0     0     0
 20210724   05:17:54      0  3760   464     0     0     0     0
 20210724   05:17:55      0  3036     1    36    25     0     0
 20210724   05:17:56      0    12     0    11     5     0     0
 20210724   05:17:57      0     0     0    39    25     0     0
 20210724   05:17:58      0     0     0     0     0     0     0
 20210724   05:17:59      0     0     0     0     0     0     0
 20210724   05:18:01      0     0     0    15     8     0     0
 20210724   05:18:02      0     0     0    44    31     0     0
 20210724   05:18:03      0     0     0     0     0     0     0
 20210724   05:18:04      0     0     0    42    28     0     0
 20210724   05:18:05      0     0     0     0     0     0     0
 20210724   05:18:06      0     0     0     0     0     0     0
 20210724   05:18:07      0  3300   385    21    13     0     0
 20210724   05:18:08      0     0     0     0     0     0     0
 20210724   05:18:09      0     0     0     0     0     0     0
 20210724   05:18:10      0     0     0     0     0     0     0
 20210724   05:18:11      0     0     0     0     0     0     0
 20210724   05:18:12      0     0     0     0     0     0     0
 20210724   05:18:14      0     0     0     0     0     0     0
 20210724   05:18:15      0     0     0    43    27     0     0
 20210724   05:18:16      0     0     0     0     0     0     0
 20210724   05:18:17      0     0     0    37    25     0     0
 20210724   05:18:18      0     0     0     0     0     0     0
 20210724   05:18:19      0     0     0    23    16     0     0
 20210724   05:18:20      0     0     0     0     0     0     0
 20210724   05:18:22      0     0     0     0     0     0     0
 20210724   05:18:23      0     0     0    94    28     0     0
 20210724   05:18:24      0     0     0     0     0     0     0
 20210724   05:18:25      0     0     0     0     0     0     0
 20210724   05:18:26      0     0     0     0     0     0     0
 20210724   05:18:27      0     0     0     0     0     0     0
 20210724   05:18:28      0     8     0    39    25     0     0
 20210724   05:18:29      0     0     0     0     0     0     0
 20210724   05:18:30      0     0     0     0     0     0     0
 20210724   05:18:31      0     0     0     0     0     0     0
 20210724   05:18:33      0  3912   452     0     0     0     0
 20210724   05:18:34      0     0     0     0     0     0     0
 20210724   05:18:35      0     0   556     0     0     0     0
 20210724   05:18:36      0     0     0     0     0     0     0
#Date       Time        gpu rxpci txpci    sm   mem   enc   dec
#YYYYMMDD   HH:MM:SS    Idx  MB/s  MB/s     %     %     %     %
 20210724   05:18:37      0     0     0     0     0     0     0
 20210724   05:18:38      0     0     0     0     0     0     0
 20210724   05:18:39      0     1     0    37    26     0     0
 20210724   05:18:40      0     0     0     0     0     0     0
 20210724   05:18:41      0     0     0     0     0     0     0
 20210724   05:18:42      0     0     0     0     0     0     0
 20210724   05:18:44      0     0     0     0     0     0     0
 20210724   05:18:45      0     0     0    27    19     0     0
 20210724   05:18:46      0     2     0    47    31     0     0
 20210724   05:18:47      0     0     0     0     0     0     0
 20210724   05:18:48      0     0   524     0     0     0     0
 20210724   05:18:49      0     0     0     0     0     0     0
 20210724   05:18:50      0     0     0     0     0     0     0
 20210724   05:18:51      0     0     0    87     0     0     0
 20210724   05:18:52      0     0     0     0     0     0     0
 20210724   05:18:54      0     0     0     0     0     0     0
 20210724   05:18:55      0  3541   557     0     0     0     0
 20210724   05:18:56      0     0     0    65     1     0     0
 20210724   05:18:57      0     0     0     0     0     0     0
 20210724   05:18:58      0     0     0     0     0     0     0
 20210724   05:18:59      0     0   561     0     0     0     0
 20210724   05:19:00      0     0     0     0     0     0     0
 20210724   05:19:02      0     0     0    21    14     0     0
 20210724   05:19:03      0     0     0     0     0     0     0
 20210724   05:19:04      0  4501   476     0     0     0     0
 20210724   05:19:05      0     0     0     0     0     0     0
 20210724   05:19:06      0     0     0     0     0     0     0
 20210724   05:19:07      0  3390   146   100     0     0     0
 20210724   05:19:08      0     0     0     0     0     0     0
 20210724   05:19:09      0     0     0     0     0     0     0
 20210724   05:19:10      0     0     0     0     0     0     0
 20210724   05:19:11      0     2     0    38    26     0     0
 20210724   05:19:12      0     0     0     9     0     0     0
 20210724   05:19:13      0     0     0     0     0     0     0
 20210724   05:19:14      0     0     0     0     0     0     0
 20210724   05:19:16      0  4108   425     0     0     0     0
 20210724   05:19:17      0     0     0     0     0     0     0
 20210724   05:19:18      0     0     0     0     0     0     0
 20210724   05:19:19      0     0     0     0     0     0     0
 20210724   05:19:20      0     0     0     0     0     0     0
 20210724   05:19:21      0     0     0     0     0     0     0
 20210724   05:19:22      0     0   620     0     0     0     0
 20210724   05:19:23      0  3400   328    32    21     0     0
 20210724   05:19:24      0     0     0    42    28     0     0
#Date       Time        gpu rxpci txpci    sm   mem   enc   dec
#YYYYMMDD   HH:MM:SS    Idx  MB/s  MB/s     %     %     %     %
 20210724   05:19:25      0     0     0     0     0     0     0
 20210724   05:19:26      0     0     0     0     0     0     0
 20210724   05:19:27      0     0     0     0     0     0     0
 20210724   05:19:29      0  6267   479     0     0     0     0
 20210724   05:19:30      0  3536   181     8     3     0     0
 20210724   05:19:31      0     0     0    39    25     0     0
 20210724   05:19:32      0     0     0     0     0     0     0
 20210724   05:19:33      0     0     0     0     0     0     0
 20210724   05:19:34      0     0     0     2     0     0     0
 20210724   05:19:35      0     0     0     0     0     0     0
 20210724   05:19:36      0  1558   704     0     0     0     0
 20210724   05:19:37      0     0     0     0     0     0     0
 20210724   05:19:38      0     0     0     0     0     0     0
 20210724   05:19:40      0     0   788     0     0     0     0
 20210724   05:19:41      0     0     0     0     0     0     0
 20210724   05:19:42      0     0     0     0     0     0     0
 20210724   05:19:43      0     0     0     0     0     0     0
 20210724   05:19:44      0     0     0     0     0     0     0
 20210724   05:19:45      0     0    43     0     0     0     0
 20210724   05:19:46      0     0     0     0     0     0     0
 20210724   05:19:47      0     0     0     0     0     0     0
 20210724   05:19:49      0     0     0    36     5     0     0
 20210724   05:19:50      0     0     0     0     0     0     0
 20210724   05:19:51      0     0     0     0     0     0     0
 20210724   05:19:52      0     0     0     0     0     0     0
 20210724   05:19:53      0     0     0     0     0     0     0
 20210724   05:19:54      0     0     0     0     0     0     0
 20210724   05:19:55      0     0     0     0     0     0     0
 20210724   05:19:56      0     0     0     0     0     0     0
 20210724   05:19:58      0     0     0     0     0     0     0
 20210724   05:19:59      0     0     0     0     0     0     0
 20210724   05:20:00      0     0     0     0     0     0     0
 20210724   05:20:01      0     0     0     0     0     0     0
 20210724   05:20:02      0     0     0     0     0     0     0
 20210724   05:20:03      0     0     0     0     0     0     0
 20210724   05:20:04      0     0     0     0     0     0     0
 20210724   05:20:05      0     0     0     0     0     0     0
 20210724   05:20:06      0     0     0     0     0     0     0
 20210724   05:20:08      0     0     0     0     0     0     0
 20210724   05:20:09      0     0     0     0     0     0     0
 20210724   05:20:10      0     0     0     0     0     0     0
 20210724   05:20:11      0     0     0     0     0     0     0
 20210724   05:20:12      0     0     0     0     0     0     0
 20210724   05:20:13      0     0     0     0     0     0     0
#Date       Time        gpu rxpci txpci    sm   mem   enc   dec
#YYYYMMDD   HH:MM:SS    Idx  MB/s  MB/s     %     %     %     %
 20210724   05:20:14      0     0     0     0     0     0     0
 20210724   05:20:15      0     0     0     0     0     0     0
 20210724   05:20:16      0     0     0     0     0     0     0
 20210724   05:20:18      0