procs -----------memory---------- ---swap-- -----io---- -system-- ------cpu----- -----timestamp-----
 r  b   swpd   free   buff  cache   si   so    bi    bo   in   cs us sy id wa st                 UTC
 0  0      0 59340916   2088 2330120    0    0    62    33  146  148  6  1 93  0  0 2021-07-24 05:13:53
 0  0      0 59340668   2088 2330128    0    0     0     0  471  807  0  0 100  0  0 2021-07-24 05:13:54
 0  0      0 59340668   2088 2330128    0    0     0     0  431  764  0  0 100  0  0 2021-07-24 05:13:55
 0  0      0 59340668   2088 2330128    0    0     0     0  477  841  0  0 100  0  0 2021-07-24 05:13:56
 0  0      0 59340668   2088 2330128    0    0     0     0  462  806  0  0 100  0  0 2021-07-24 05:13:57
 0  0      0 59340668   2088 2330128    0    0     0     0  481  840  0  0 100  0  0 2021-07-24 05:13:58
 0  0      0 59340668   2088 2330128    0    0     0     0  467  820  0  0 100  0  0 2021-07-24 05:13:59
 0  0      0 59339772   2088 2330128    0    0     0     0  722 1055  0  0 100  0  0 2021-07-24 05:14:00
 0  0      0 59339668   2088 2330140    0    0     0     0  512  889  0  0 100  0  0 2021-07-24 05:14:01
 0  0      0 59339668   2088 2330140    0    0     0     0  486  863  0  0 100  0  0 2021-07-24 05:14:02
 0  0      0 59339668   2088 2330140    0    0     0    93  874  938  0  0 100  0  0 2021-07-24 05:14:03
 0  0      0 59339668   2088 2330140    0    0     0     0  483  841  0  0 100  0  0 2021-07-24 05:14:04
 0  0      0 59339668   2088 2330140    0    0     0     0  494  870  0  0 100  0  0 2021-07-24 05:14:05
 0  0      0 59339668   2088 2330140    0    0     0     0  527  939  0  0 100  0  0 2021-07-24 05:14:06
 0  0      0 59339668   2088 2330140    0    0     0     0  506  908  0  0 100  0  0 2021-07-24 05:14:07
 0  0      0 59339668   2088 2330140    0    0     0     0  512  905  0  0 100  0  0 2021-07-24 05:14:08
 0  0      0 59339668   2088 2330140    0    0     0     0  532  928  0  0 100  0  0 2021-07-24 05:14:09
 0  0      0 59339668   2088 2330140    0    0     0     0  641 1042  0  0 100  0  0 2021-07-24 05:14:10
 0  0      0 59339668   2088 2330140    0    0     0     0  587  997  0  0 100  0  0 2021-07-24 05:14:11
 0  0      0 59339288   2088 2330140    0    0     0     0  842 1303  0  0 100  0  0 2021-07-24 05:14:12
 0  0      0 59339288   2088 2330140    0    0     0     0  490  874  0  0 100  0  0 2021-07-24 05:14:13
procs -----------memory---------- ---swap-- -----io---- -system-- ------cpu----- -----timestamp-----
 r  b   swpd   free   buff  cache   si   so    bi    bo   in   cs us sy id wa st                 UTC
 1  0      0 59339412   2088 2330140    0    0     0     0  508  902  0  0 100  0  0 2021-07-24 05:14:14
 0  0      0 59339420   2088 2330140    0    0     0     0  502  887  0  0 100  0  0 2021-07-24 05:14:15
 0  0      0 59339420   2088 2330140    0    0     0     0  850  905  0  0 100  0  0 2021-07-24 05:14:16
 0  0      0 59339420   2088 2330140    0    0     0     0  481  858  0  0 100  0  0 2021-07-24 05:14:17
 0  0      0 59339420   2088 2330140    0    0     0     0  532  938  0  0 100  0  0 2021-07-24 05:14:18
 0  0      0 59339412   2088 2330140    0    0     0   172  509  883  0  0 100  0  0 2021-07-24 05:14:19
 0  0      0 59339412   2088 2330140    0    0     0     0  841  909  0  0 100  0  0 2021-07-24 05:14:20
 0  0      0 59339412   2088 2330140    0    0     0     0  512  909  0  0 100  0  0 2021-07-24 05:14:21
 0  0      0 59339412   2088 2330140    0    0     0     0  507  902  0  0 100  0  0 2021-07-24 05:14:22
 0  0      0 59339412   2088 2330140    0    0     0     0  511  905  0  0 100  0  0 2021-07-24 05:14:23
 0  0      0 59339412   2088 2330140    0    0     0     4  482  850  0  0 100  0  0 2021-07-24 05:14:24
 0  0      0 59339412   2088 2330140    0    0     0     0  512  912  0  0 100  0  0 2021-07-24 05:14:25
 0  0      0 59339412   2088 2330140    0    0     0     0  521  918  0  0 100  0  0 2021-07-24 05:14:26
 0  0      0 59339412   2088 2330140    0    0     0     0  500  885  0  0 100  0  0 2021-07-24 05:14:27
 0  0      0 59339412   2088 2330140    0    0     0     0  533  941  0  0 100  0  0 2021-07-24 05:14:28
 0  0      0 59339412   2088 2330144    0    0     0     0  520  922  0  0 100  0  0 2021-07-24 05:14:29
 8  0      0 59282496   2088 2330148    0    0     0     0 1886 1304  9  6 85  0  0 2021-07-24 05:14:30
 1  0      0 59163292   2088 2330156    0    0     0     0 2097 1329 17  8 76  0  0 2021-07-24 05:14:31
 1  0      0 58879736   2088 2340412    0    0     0     0 2424 2366  5  2 93  0  0 2021-07-24 05:14:32
 1  0      0 58163684   2088 2340412    0    0     0     0  782  939  9  4 87  0  0 2021-07-24 05:14:33
 1  0      0 57555776   2088 2340412    0    0     0    82  803  978  9  4 87  0  0 2021-07-24 05:14:34
procs -----------memory---------- ---swap-- -----io---- -system-- ------cpu----- -----timestamp-----
 r  b   swpd   free   buff  cache   si   so    bi    bo   in   cs us sy id wa st                 UTC
 1  0      0 56866980   2088 2340412    0    0     0     0  850  983  9  4 87  0  0 2021-07-24 05:14:35
 1  0      0 56603680   2088 2380104    0    0     0     0 6091 2500 15  3 82  0  0 2021-07-24 05:14:36
 1  0      0 56553312   2088 2380140    0    0     0     0 1516 1537 17  1 82  0  0 2021-07-24 05:14:37
 4  0      0 56465024   2088 2460544    0    0     0     0 2303 2149 22  1 77  0  0 2021-07-24 05:14:38
 1  0      0 56387972   2088 2535984    0    0     0     0 1954 1799 20  2 79  0  0 2021-07-24 05:14:39
 1  0      0 56399012   2088 2535984    0    0     0     0 1880 1807 18  2 80  0  0 2021-07-24 05:14:40
 2  0      0 56399432   2088 2535984    0    0     0     0 2746 2406 27  2 71  0  0 2021-07-24 05:14:41
 2  0      0 56397904   2088 2535984    0    0     0     0 2506 2044 24  4 72  0  0 2021-07-24 05:14:42
 3  0      0 56397780   2088 2535984    0    0     0     0 2201 2045 22  1 76  0  0 2021-07-24 05:14:43
 4  0      0 56398288   2088 2535984    0    0     0     0 2399 2106 23  2 75  0  0 2021-07-24 05:14:44
 1  0      0 56398044   2088 2535996    0    0     0     0 2583 2359 25  1 74  0  0 2021-07-24 05:14:45
 1  0      0 56397924   2088 2535996    0    0     0     0 2480 2170 25  2 73  0  0 2021-07-24 05:14:46
 2  0      0 56369284   2088 2535996    0    0     0     0 2040 1841 21  2 77  0  0 2021-07-24 05:14:47
 4  0      0 56368672   2088 2535996    0    0     0     0 2849 2451 28  1 71  0  0 2021-07-24 05:14:48
 1  0      0 56351064   2088 2535996    0    0     0     0 2344 2139 24  1 75  0  0 2021-07-24 05:14:49
 2  0      0 56350812   2088 2535996    0    0     0     0 2480 2212 25  2 73  0  0 2021-07-24 05:14:50
 1  0      0 56363836   2088 2536004    0    0     0     0 1761 1775 18  1 81  0  0 2021-07-24 05:14:51
 1  0      0 56346476   2088 2536004    0    0     0     0 2164 1772 19  1 80  0  0 2021-07-24 05:14:52
 2  0      0 56345732   2088 2536004    0    0     0     0 1779 1552 19  4 77  0  0 2021-07-24 05:14:53
 4  0      0 56345612   2088 2536008    0    0     0     0 1942 1615 21  4 76  0  0 2021-07-24 05:14:54
 1  0      0 56345864   2088 2536008    0    0     0     8 2070 2031 20  1 79  0  0 2021-07-24 05:14:55
procs -----------memory---------- ---swap-- -----io---- -system-- ------cpu----- -----timestamp-----
 r  b   swpd   free   buff  cache   si   so    bi    bo   in   cs us sy id wa st                 UTC
 1  0      0 56395220   2088 2536008    0    0     0     0 2006 1831 21  1 78  0  0 2021-07-24 05:14:56
 4  0      0 56394728   2088 2536008    0    0     0     0 2631 2353 26  1 72  0  0 2021-07-24 05:14:57
 2  0      0 56395104   2088 2536008    0    0     0     0 2607 2185 25  4 71  0  0 2021-07-24 05:14:58
 4  0      0 56379236   2088 2536008    0    0     0     0 2048 1899 21  2 78  0  0 2021-07-24 05:14:59
 1  0      0 56378868   2088 2536016    0    0     0     0 2547 2219 24  3 74  0  0 2021-07-24 05:15:00
 4  0      0 56378504   2088 2536016    0    0     0     0 2480 2224 25  1 74  0  0 2021-07-24 05:15:01
 4  0      0 56378508   2088 2536016    0    0     0     0 2541 2138 26  2 72  0  0 2021-07-24 05:15:02
 1  0      0 56394620   2088 2536016    0    0     0     0 2151 1916 22  2 76  0  0 2021-07-24 05:15:03
 1  0      0 56395128   2088 2536016    0    0    16    99 2751 2437 26  2 73  0  0 2021-07-24 05:15:04
 1  0      0 56379388   2088 2536020    0    0     0     0 2528 2252 26  1 73  0  0 2021-07-24 05:15:05
 4  0      0 56362152   2088 2536028    0    0     0     0 2226 2102 23  1 77  0  0 2021-07-24 05:15:06
 1  0      0 56394660   2088 2536028    0    0     0     0 1821 1787 18  1 81  0  0 2021-07-24 05:15:07
 1  0      0 56346528   2088 2536028    0    0     0     0 2257 1800 21  1 78  0  0 2021-07-24 05:15:08
 1  0      0 56345908   2088 2536028    0    0     0     0 1998 1855 21  1 78  0  0 2021-07-24 05:15:09
 1  0      0 56345668   2088 2536028    0    0     0    28 2519 2286 24  1 75  0  0 2021-07-24 05:15:10
 1  0      0 56394836   2088 2536028    0    0     0     0 1413 1460 17  0 83  0  0 2021-07-24 05:15:11
 1  0      0 56379032   2088 2536028    0    0     0     0 2707 2318 25  3 72  0  0 2021-07-24 05:15:12
 1  0      0 56378244   2088 2536028    0    0     0     0 2701 2272 26  3 71  0  0 2021-07-24 05:15:13
 1  0      0 56378868   2088 2536028    0    0     0     0 2631 2290 27  2 71  0  0 2021-07-24 05:15:14
 4  0      0 56378872   2088 2536036    0    0     0    44 2364 2130 24  1 75  0  0 2021-07-24 05:15:15
 1  0      0 56378876   2088 2536036    0    0     0     0 2313 2081 22  2 75  0  0 2021-07-24 05:15:16
procs -----------memory---------- ---swap-- -----io---- -system-- ------cpu----- -----timestamp-----
 r  b   swpd   free   buff  cache   si   so    bi    bo   in   cs us sy id wa st                 UTC
 1  0      0 56366480   2088 2536036    0    0     0     0 2974 2347 26  1 73  0  0 2021-07-24 05:15:17
 1  0      0 56365864   2088 2536036    0    0     0     0 2338 2057 23  2 75  0  0 2021-07-24 05:15:18
 1  0      0 56395132   2088 2536036    0    0     0     0 2250 1965 23  2 75  0  0 2021-07-24 05:15:19
 1  0      0 56380384   2088 2536036    0    0     0     0 2613 2212 26  2 73  0  0 2021-07-24 05:15:20
 2  0      0 56362404   2088 2536044    0    0     0     0 2317 2041 24  2 74  0  0 2021-07-24 05:15:21
 1  0      0 56362280   2088 2536044    0    0     0     0 2540 2284 25  1 73  0  0 2021-07-24 05:15:22
 4  0      0 56357568   2088 2536044    0    0     0     0 1706 1767 16  1 82  0  0 2021-07-24 05:15:23
 1  0      0 56363148   2088 2536044    0    0     0     0 2109 1722 20  0 80  0  0 2021-07-24 05:15:24
 4  0      0 56362408   2088 2536044    0    0     0     4 1901 1778 20  1 79  0  0 2021-07-24 05:15:25
 1  0      0 56362288   2088 2536044    0    0     0     0 2292 2074 23  2 76  0  0 2021-07-24 05:15:26
 1  0      0 56395644   2088 2536044    0    0     0     0 1843 1673 19  2 79  0  0 2021-07-24 05:15:27
 1  0      0 56378788   2088 2536044    0    0     0     0 2601 2335 25  1 74  0  0 2021-07-24 05:15:28
 1  0      0 56378792   2088 2536052    0    0     0     0 2694 2334 26  3 71  0  0 2021-07-24 05:15:29
 1  0      0 56378796   2088 2536052    0    0     0     8 2316 1984 25  2 74  0  0 2021-07-24 05:15:30
 2  0      0 56360076   2088 2536052    0    0     0     0 2523 2264 24  2 74  0  0 2021-07-24 05:15:31
 1  0      0 56359712   2088 2536052    0    0     0     0 2465 2120 25  2 73  0  0 2021-07-24 05:15:32
 1  0      0 56360088   2088 2536052    0    0     0     0 2350 2131 23  2 75  0  0 2021-07-24 05:15:33
 4  0      0 56395028   2088 2536052    0    0     0     0 2130 1916 22  2 76  0  0 2021-07-24 05:15:34
 5  0      0 56364808   2088 2536052    0    0     0    36 2725 2392 25  2 73  0  0 2021-07-24 05:15:35
 1  0      0 56363696   2088 2536060    0    0     0     0 2422 2292 22  1 76  0  0 2021-07-24 05:15:36
 1  0      0 56362080   2088 2536060    0    0     0     0 2157 2058 21  1 78  0  0 2021-07-24 05:15:37
procs -----------memory---------- ---swap-- -----io---- -system-- ------cpu----- -----timestamp-----
 r  b   swpd   free   buff  cache   si   so    bi    bo   in   cs us sy id wa st                 UTC
 1  0      0 56353156   2088 2536060    0    0     0     0 2274 2103 24  1 75  0  0 2021-07-24 05:15:38
 1  0      0 56346832   2088 2536060    0    0     0     0 1925 1791 20  2 78  0  0 2021-07-24 05:15:39
 4  0      0 56318808   2088 2536064    0    0     0     0 2008 1684 18  1 81  0  0 2021-07-24 05:15:40
 1  0      0 56349068   2088 2536064    0    0     0     0 2411 2134 23  2 75  0  0 2021-07-24 05:15:41
 1  0      0 56346340   2088 2536064    0    0     0     0 1620 1577 19  0 81  0  0 2021-07-24 05:15:42
 1  0      0 56362840   2088 2536064    0    0     0     0 2295 2096 23  2 76  0  0 2021-07-24 05:15:43
 2  0      0 56362472   2088 2536072    0    0     0     0 2726 2248 27  3 70  0  0 2021-07-24 05:15:44
 4  0      0 56362104   2088 2536072    0    0     0     0 2558 2203 24  3 73  0  0 2021-07-24 05:15:45
 4  0      0 56362608   2088 2536072    0    0     0     0 2295 2125 23  2 76  0  0 2021-07-24 05:15:46
 1  0      0 56356036   2088 2536072    0    0     0     0 2492 2208 25  2 73  0  0 2021-07-24 05:15:47
 1  0      0 56356292   2088 2536072    0    0     0     0 2505 2278 25  1 74  0  0 2021-07-24 05:15:48
 1  0      0 56353692   2088 2536072    0    0     0     0 2441 2186 24  2 74  0  0 2021-07-24 05:15:49
 1  0      0 56385252   2088 2536072    0    0     0     0 2188 1981 22  2 76  0  0 2021-07-24 05:15:50
 4  0      0 56359016   2088 2536080    0    0     0   152 2676 2345 25  2 73  0  0 2021-07-24 05:15:51
 1  0      0 56353684   2088 2536080    0    0     0     0 2082 2011 20  2 78  0  0 2021-07-24 05:15:52
 1  0      0 56352816   2088 2536080    0    0     0     0 2575 2377 24  2 73  0  0 2021-07-24 05:15:53
 1  0      0 56351948   2088 2536080    0    0     0     0 1737 1749 18  1 81  0  0 2021-07-24 05:15:54
 1  0      0 56327892   2088 2536080    0    0     0     0 1629 1589 17  1 82  0  0 2021-07-24 05:15:55
 1  0      0 56366456   2088 2536080    0    0     0     0 2411 1972 20  2 79  0  0 2021-07-24 05:15:56
 4  0      0 56357536   2088 2536080    0    0     0     0 2119 1972 21  2 77  0  0 2021-07-24 05:15:57
 1  0      0 56386552   2088 2536080    0    0     0     0 1881 1768 19  2 79  0  0 2021-07-24 05:15:58
procs -----------memory---------- ---swap-- -----io---- -system-- ------cpu----- -----timestamp-----
 r  b   swpd   free   buff  cache   si   so    bi    bo   in   cs us sy id wa st                 UTC
 1  0      0 56354320   2088 2536088    0    0     0     0 2611 2334 26  1 73  0  0 2021-07-24 05:15:59
 4  0      0 56354568   2088 2536088    0    0     0     0 2443 2131 23  3 74  0  0 2021-07-24 05:16:00
 1  0      0 56354204   2088 2536088    0    0     0     8 2465 2204 24  2 74  0  0 2021-07-24 05:16:01
 4  0      0 56353340   2088 2536092    0    0     0     0 2365 2155 24  1 75  0  0 2021-07-24 05:16:02
 4  0      0 56341936   2088 2536092    0    0     0     0 2368 2136 23  2 75  0  0 2021-07-24 05:16:03
 4  0      0 56351364   2088 2536092    0    0     0     0 2531 2210 23  3 74  0  0 2021-07-24 05:16:04
 1  0      0 56337484   2088 2536092    0    0     0     0 2170 1962 23  2 76  0  0 2021-07-24 05:16:05
 1  0      0 56360220   2088 2536100    0    0     0    19 2669 2371 25  2 73  0  0 2021-07-24 05:16:06
 4  0      0 56353848   2088 2536100    0    0     0     0 2352 2230 22  1 76  0  0 2021-07-24 05:16:07
 1  0      0 56353156   2088 2536100    0    0     0     0 2258 2093 23  1 75  0  0 2021-07-24 05:16:08
 1  0      0 56352660   2088 2536100    0    0     0     5 2451 2265 24  1 75  0  0 2021-07-24 05:16:09
 1  0      0 56351916   2088 2536100    0    0     0     0 1863 1786 19  2 80  0  0 2021-07-24 05:16:10
 4  0      0 56326496   2088 2536100    0    0     0     0 1517 1554 17  1 82  0  0 2021-07-24 05:16:11
 2  0      0 56325756   2088 2536100    0    0     0     0 2656 2101 23  2 75  0  0 2021-07-24 05:16:12
 1  0      0 56325760   2088 2536108    0    0     0     0 1992 1839 20  1 79  0  0 2021-07-24 05:16:13
 1  0      0 56348324   2088 2536108    0    0     0     0 2272 2139 21  2 77  0  0 2021-07-24 05:16:14
 2  0      0 56347668   2088 2536108    0    0     0     0 2825 2343 28  2 70  0  0 2021-07-24 05:16:15
 1  0      0 56347424   2088 2536108    0    0     0     0 2604 2118 25  4 71  0  0 2021-07-24 05:16:16
 1  0      0 56348300   2088 2536112    0    0     0     0 2184 1991 22  1 77  0  0 2021-07-24 05:16:17
 1  0      0 56347432   2088 2536112    0    0     0     0 2494 2195 24  2 74  0  0 2021-07-24 05:16:18
 1  0      0 56347688   2088 2536112    0    0     0     0 2612 2313 26  1 72  0  0 2021-07-24 05:16:19
procs -----------memory---------- ---swap-- -----io---- -system-- ------cpu----- -----timestamp-----
 r  b   swpd   free   buff  cache   si   so    bi    bo   in   cs us sy id wa st                 UTC
 1  0      0 56347196   2088 2536112    0    0     0     0 2502 2169 25  2 73  0  0 2021-07-24 05:16:20
 4  0      0 56362948   2088 2536120    0    0     0     0 2000 1831 19  3 78  0  0 2021-07-24 05:16:21
 4  0      0 56351912   2088 2536120    0    0     0     0 2602 2365 24  2 75  0  0 2021-07-24 05:16:22
 1  0      0 56378208   2088 2536120    0    0     0     0 2294 2101 22  1 76  0  0 2021-07-24 05:16:23
 4  0      0 56348940   2088 2536120    0    0     0     0 2488 2183 25  2 73  0  0 2021-07-24 05:16:24
 4  0      0 56334312   2088 2536120    0    0     0     0 1693 1691 18  1 81  0  0 2021-07-24 05:16:25
 1  0      0 56354400   2088 2536120    0    0     0     0 1799 1767 17  2 81  0  0 2021-07-24 05:16:26
 1  0      0 56323648   2088 2536120    0    0     0     4 2038 1902 21  1 78  0  0 2021-07-24 05:16:27
 1  0      0 56322912   2088 2536128    0    0     0     0 2246 2000 23  1 75  0  0 2021-07-24 05:16:28
 2  0      0 56379828   2088 2536128    0    0     0     0 2078 1662 19  1 80  0  0 2021-07-24 05:16:29
 4  0      0 56346972   2088 2536128    0    0     0     0 2580 2307 25  2 74  0  0 2021-07-24 05:16:30
 1  0      0 56346852   2088 2536128    0    0     0     0 2497 2133 24  3 73  0  0 2021-07-24 05:16:31
 1  0      0 56347108   2088 2536128    0    0     0    52 2652 2296 27  2 71  0  0 2021-07-24 05:16:32
 1  0      0 56342276   2088 2536128    0    0     0     0 2243 2073 22  1 77  0  0 2021-07-24 05:16:33
 1  0      0 56341412   2088 2536128    0    0     0     0 2466 2154 25  2 73  0  0 2021-07-24 05:16:34
 2  0      0 56341912   2088 2536140    0    0     0     0 2599 2224 25  3 72  0  0 2021-07-24 05:16:35
 1  0      0 56341672   2088 2536140    0    0     0    52 2299 2083 22  2 76  0  0 2021-07-24 05:16:36
 4  0      0 56354200   2088 2536140    0    0     0     4 2326 2125 23  2 75  0  0 2021-07-24 05:16:37
 1  0      0 56343168   2088 2536140    0    0     0     0 2528 2260 25  2 73  0  0 2021-07-24 05:16:38
 1  0      0 56343908   2088 2536140    0    0     0     0 2260 2080 23  1 75  0  0 2021-07-24 05:16:39
 4  0      0 56343912   2088 2536140    0    0     0     0 2466 2338 24  1 76  0  0 2021-07-24 05:16:40
procs -----------memory---------- ---swap-- -----io---- -system-- ------cpu----- -----timestamp-----
 r  b   swpd   free   buff  cache   si   so    bi    bo   in   cs us sy id wa st                 UTC
 1  0      0 56334188   2088 2536140    0    0     0     0 1857 1871 18  2 81  0  0 2021-07-24 05:16:41
 1  0      0 56320600   2088 2536148    0    0     0     0 1410 1449 17  0 82  0  0 2021-07-24 05:16:42
 4  0      0 56320108   2088 2536148    0    0     0     0 2177 2022 22  2 76  0  0 2021-07-24 05:16:43
 1  0      0 56319988   2088 2536148    0    0     0     0 2181 1958 24  1 75  0  0 2021-07-24 05:16:44
 1  0      0 56349504   2088 2536148    0    0     0     0 2283 1808 20  1 78  0  0 2021-07-24 05:16:45
 4  0      0 56344672   2088 2536148    0    0     0     0 2840 2497 28  1 71  0  0 2021-07-24 05:16:46
 2  0      0 56344800   2088 2536148    0    0     0     0 2538 2083 25  4 71  0  0 2021-07-24 05:16:47
 4  0      0 56286276   2088 2536148    0    0     0     0 2126 2005 22  1 76  0  0 2021-07-24 05:16:48
 1  0      0 56344560   2088 2536148    0    0     0     0 2474 2126 23  3 74  0  0 2021-07-24 05:16:49
 1  0      0 56344692   2088 2536160    0    0     0     0 2644 2357 27  1 72  0  0 2021-07-24 05:16:50
 4  0      0 56344572   2088 2536160    0    0     0     0 2393 2154 23  2 74  0  0 2021-07-24 05:16:51
 1  0      0 56358836   2088 2536160    0    0     0     0 2015 1842 21  2 78  0  0 2021-07-24 05:16:52
 4  0      0 56343092   2088 2536160    0    0     0     0 2777 2399 27  2 71  0  0 2021-07-24 05:16:53
 1  0      0 56340492   2088 2536164    0    0     0     0 2381 2237 23  1 76  0  0 2021-07-24 05:16:54
 4  0      0 56347436   2088 2536164    0    0     0     0 2299 2112 23  1 76  0  0 2021-07-24 05:16:55
 2  0      0 56375644   2088 2536164    0    0     0     0 1848 1831 19  1 80  0  0 2021-07-24 05:16:56
 4  0      0 56352768   2088 2536172    0    0     0     0 1805 1721 19  1 80  0  0 2021-07-24 05:16:57
 4  0      0 56321768   2088 2536172    0    0     0     0 1975 1849 22  1 77  0  0 2021-07-24 05:16:58
 1  0      0 56321404   2088 2536172    0    0     0     0 2413 2195 24  1 75  0  0 2021-07-24 05:16:59
 4  0      0 56380004   2088 2536172    0    0     0     0 1384 1454 16  1 83  0  0 2021-07-24 05:17:00
 1  0      0 56345960   2088 2536172    0    0     0     0 2969 2286 24  3 72  0  0 2021-07-24 05:17:01
procs -----------memory---------- ---swap-- -----io---- -system-- ------cpu----- -----timestamp-----
 r  b   swpd   free   buff  cache   si   so    bi    bo   in   cs us sy id wa st                 UTC
 1  0      0 56345472   2088 2536172    0    0     0    16 2495 2130 24  4 72  0  0 2021-07-24 05:17:02
 1  0      0 56345600   2088 2536172    0    0     0     0 2613 2300 26  2 72  0  0 2021-07-24 05:17:03
 1  0      0 56345720   2088 2536172    0    0     0     0 2178 2071 21  1 77  0  0 2021-07-24 05:17:04
 1  0      0 56341888   2088 2536180    0    0     0     0 2435 2128 25  2 73  0  0 2021-07-24 05:17:05
 2  0      0 56341440   2088 2536180    0    0     0     0 2648 2324 26  2 72  0  0 2021-07-24 05:17:06
 2  0      0 56339044   2088 2536180    0    0     0    27 2324 2071 22  2 76  0  0 2021-07-24 05:17:07
 2  0      0 56350456   2088 2536184    0    0     0    48 2306 2066 23  2 75  0  0 2021-07-24 05:17:08
 2  0      0 56340912   2088 2536184    0    0     0     0 2576 2343 24  2 75  0  0 2021-07-24 05:17:09
 4  0      0 56339872   2088 2536184    0    0     0     0 2306 2040 23  1 75  0  0 2021-07-24 05:17:10
 1  0      0 56340168   2088 2536184    0    0     0     7 2615 2321 27  1 72  0  0 2021-07-24 05:17:11
 4  0      0 56324048   2088 2536192    0    0     0     0 1850 1760 18  2 80  0  0 2021-07-24 05:17:12
 1  0      0 56314504   2088 2536192    0    0     0     0 1592 1601 18  1 81  0  0 2021-07-24 05:17:13
 1  0      0 56313640   2088 2536192    0    0     0     0 2099 1867 23  1 76  0  0 2021-07-24 05:17:14
 1  0      0 56313388   2088 2536192    0    0     0     0 2310 2110 23  1 76  0  0 2021-07-24 05:17:15
 1  0      0 56355640   2088 2536192    0    0     0     0 1986 1816 20  2 78  0  0 2021-07-24 05:17:16
 1  0      0 56335312   2088 2536192    0    0     0     0 2918 2339 25  1 73  0  0 2021-07-24 05:17:17
 1  0      0 56335192   2088 2536192    0    0     0     0 2586 2199 25  3 72  0  0 2021-07-24 05:17:18
 1  0      0 56335444   2088 2536200    0    0     0     0 2141 1887 21  3 76  0  0 2021-07-24 05:17:19
 2  0      0 56335448   2088 2536200    0    0     0     0 2631 2218 26  3 71  0  0 2021-07-24 05:17:20
 1  0      0 56335332   2088 2536200    0    0     0     0 2440 2162 25  1 74  0  0 2021-07-24 05:17:21
 1  0      0 56335332   2088 2536200    0    0     0     0 2413 2106 24  2 74  0  0 2021-07-24 05:17:22
procs -----------memory---------- ---swap-- -----io---- -system-- ------cpu----- -----timestamp-----
 r  b   swpd   free   buff  cache   si   so    bi    bo   in   cs us sy id wa st                 UTC
 1  0      0 56370476   2088 2536200    0    0     0     0 2079 1880 20  2 77  0  0 2021-07-24 05:17:23
 1  0      0 56340180   2088 2536200    0    0     0     0 2755 2357 27  2 72  0  0 2021-07-24 05:17:24
 1  0      0 56339440   2088 2536200    0    0     0     0 3001 2336 28  1 71  0  0 2021-07-24 05:17:25
 1  0      0 56337328   2088 2536200    0    0     0     0 2202 2039 21  2 77  0  0 2021-07-24 05:17:26
 1  0      0 56321956   2088 2536208    0    0     0     0 2555 2019 24  1 75  0  0 2021-07-24 05:17:27
 1  0      0 56288228   2088 2536212    0    0     0     0 1778 1750 17  1 81  0  0 2021-07-24 05:17:28
 2  0      0 56312036   2088 2536212    0    0     0     0 1699 1654 19  1 80  0  0 2021-07-24 05:17:29
 4  0      0 56311672   2088 2536212    0    0     0     0 2397 2179 23  2 76  0  0 2021-07-24 05:17:30
 1  0      0 56311548   2088 2536212    0    0     0     0 1489 1542 18  0 82  0  0 2021-07-24 05:17:31
 1  0      0 56326308   2088 2536212    0    0     0     0 2418 2171 24  1 74  0  0 2021-07-24 05:17:32
 2  0      0 56326064   2088 2536212    0    0     0     8 2929 2220 25  3 72  0  0 2021-07-24 05:17:33
 1  0      0 56325824   2088 2536224    0    0     0     0 2518 2192 23  3 74  0  0 2021-07-24 05:17:34
 4  0      0 56326572   2088 2536224    0    0     0     0 2199 2088 21  2 77  0  0 2021-07-24 05:17:35
 1  0      0 56325584   2088 2536224    0    0     0     0 2402 2135 23  2 74  0  0 2021-07-24 05:17:36
 1  0      0 56325836   2088 2536224    0    0     0     0 2470 2266 25  1 74  0  0 2021-07-24 05:17:37
 1  0      0 56326088   2088 2536224    0    0     0    23 2470 2235 24  3 74  0  0 2021-07-24 05:17:38
 1  0      0 56349776   2088 2536224    0    0     0     0 2105 1893 21  2 77  0  0 2021-07-24 05:17:39
 4  0      0 56340608   2088 2536224    0    0     0     0 2635 2314 24  2 74  0  0 2021-07-24 05:17:40
 1  0      0 56363920   2088 2536232    0    0     0     0 2354 2088 24  1 75  0  0 2021-07-24 05:17:41
 4  0      0 56338500   2088 2536232    0    0     0     0 2472 2217 25  2 74  0  0 2021-07-24 05:17:42
 1  0      0 56323488   2088 2536232    0    0     0   156 1775 1708 20  1 79  0  0 2021-07-24 05:17:43
procs -----------memory---------- ---swap-- -----io---- -system-- ------cpu----- -----timestamp-----
 r  b   swpd   free   buff  cache   si   so    bi    bo   in   cs us sy id wa st                 UTC
 1  0      0 56343888   2088 2536232    0    0     0     0 1864 1750 20  1 79  0  0 2021-07-24 05:17:44
 4  0      0 56312272   2088 2536232    0    0     0     0 2143 1978 22  1 77  0  0 2021-07-24 05:17:45
 1  0      0 56312148   2088 2536232    0    0     0     0 2141 1959 22  1 77  0  0 2021-07-24 05:17:46
 2  0      0 56370060   2088 2536232    0    0     0     0 1737 1613 20  1 79  0  0 2021-07-24 05:17:47
 1  0      0 56336956   2088 2536232    0    0     0     0 2641 2385 26  1 73  0  0 2021-07-24 05:17:48
 4  0      0 56336964   2088 2536240    0    0     0     0 2841 2141 25  3 72  0  0 2021-07-24 05:17:49
 1  0      0 56336844   2088 2536240    0    0     0     0 2505 2245 24  2 74  0  0 2021-07-24 05:17:50
 1  0      0 56336972   2088 2536240    0    0     0     0 2265 2057 24  1 75  0  0 2021-07-24 05:17:51
 1  0      0 56336976   2088 2536240    0    0     0     0 2306 2046 23  2 75  0  0 2021-07-24 05:17:52
 2  0      0 56336856   2088 2536240    0    0     0     0 2503 2198 24  3 74  0  0 2021-07-24 05:17:53
 1  0      0 56337360   2088 2536240    0    0     0     0 2365 2111 23  2 75  0  0 2021-07-24 05:17:54
 4  0      0 56348644   2088 2536240    0    0     0     0 2234 2104 21  2 77  0  0 2021-07-24 05:17:55
 1  0      0 56339972   2088 2536248    0    0     0     0 2389 2200 23  1 76  0  0 2021-07-24 05:17:56
 1  0      0 56337988   2088 2536248    0    0     0     0 2216 2094 22  2 77  0  0 2021-07-24 05:17:57
 1  0      0 56337860   2088 2536248    0    0     0     0 2581 2346 26  1 73  0  0 2021-07-24 05:17:58
 4  0      0 56322612   2088 2536248    0    0     0     0 1864 1801 18  2 80  0  0 2021-07-24 05:17:59
 1  0      0 56310832   2088 2536248    0    0     0     0 1369 1410 17  1 83  0  0 2021-07-24 05:18:00
 2  0      0 56310092   2088 2536248    0    0     0     0 2226 2048 23  2 75  0  0 2021-07-24 05:18:01
 4  0      0 56309848   2088 2536248    0    0     0     0 2106 1987 21  1 78  0  0 2021-07-24 05:18:02
 1  0      0 56357588   2088 2536248    0    0     0     0 1926 1826 20  2 79  0  0 2021-07-24 05:18:03
 1  0      0 56325852   2088 2536256    0    0     0     4 2606 2392 25  1 74  0  0 2021-07-24 05:18:04
procs -----------memory---------- ---swap-- -----io---- -system-- ------cpu----- -----timestamp-----
 r  b   swpd   free   buff  cache   si   so    bi    bo   in   cs us sy id wa st                 UTC
 2  0      0 56326104   2088 2536256    0    0     0     0 2915 2175 25  4 71  0  0 2021-07-24 05:18:05
 4  0      0 56325984   2088 2536260    0    0     0     0 2126 1918 23  2 76  0  0 2021-07-24 05:18:06
 1  0      0 56325988   2088 2536260    0    0     0     0 2620 2227 25  3 72  0  0 2021-07-24 05:18:07
 4  0      0 56325744   2088 2536260    0    0     0     0 2476 2223 26  1 73  0  0 2021-07-24 05:18:08
 1  0      0 56325500   2088 2536260    0    0     0    19 2451 2171 25  2 73  0  0 2021-07-24 05:18:09
 1  0      0 56370732   2088 2536260    0    0     0     0 2153 1925 21  2 76  0  0 2021-07-24 05:18:10
 1  0      0 56341012   2088 2536268    0    0     0     0 2640 2349 24  2 74  0  0 2021-07-24 05:18:11
 1  0      0 56339900   2088 2536268    0    0     0     0 2428 2257 24  1 75  0  0 2021-07-24 05:18:12
 4  0      0 56335880   2088 2536268    0    0     0     0 2244 2059 23  1 76  0  0 2021-07-24 05:18:13
 1  0      0 56261904   2088 2536268    0    0     0     0 2097 1933 22  1 76  0  0 2021-07-24 05:18:14
 1  0      0 56256200   2088 2536268    0    0     0     0 1897 1846 18  2 80  0  0 2021-07-24 05:18:15
 2  0      0 56309116   2088 2536272    0    0     0     0 1980 1909 20  1 79  0  0 2021-07-24 05:18:16
 4  0      0 56308872   2088 2536272    0    0     0     0 2435 2210 23  1 75  0  0 2021-07-24 05:18:17
 1  0      0 56251960   2088 2536280    0    0     0     0 1452 1500 17  0 82  0  0 2021-07-24 05:18:18
 4  0      0 56305284   2088 2536280    0    0     0    44 2582 2247 25  2 72  0  0 2021-07-24 05:18:19
 1  0      0 56321784   2088 2536280    0    0     0     0 2466 2067 23  4 73  0  0 2021-07-24 05:18:20
 4  0      0 56321788   2088 2536280    0    0     0     0 2621 2241 26  2 72  0  0 2021-07-24 05:18:21
 4  0      0 56322284   2088 2536280    0    0     0     0 2686 2097 24  1 75  0  0 2021-07-24 05:18:22
 1  0      0 56322044   2088 2536280    0    0     0     0 2419 2109 24  2 73  0  0 2021-07-24 05:18:23
 4  0      0 56321924   2088 2536280    0    0     0     4 2599 2325 26  1 73  0  0 2021-07-24 05:18:24
 4  0      0 56321804   2088 2536288    0    0     0     0 2406 2048 25  2 73  0  0 2021-07-24 05:18:25
procs -----------memory---------- ---swap-- -----io---- -system-- ------cpu----- -----timestamp-----
 r  b   swpd   free   buff  cache   si   so    bi    bo   in   cs us sy id wa st                 UTC
 4  0      0 56344004   2088 2536288    0    0     0     0 2179 1989 21  2 77  0  0 2021-07-24 05:18:26
 1  0      0 56334836   2088 2536288    0    0     0     0 2550 2265 25  1 74  0  0 2021-07-24 05:18:27
 4  0      0 56290320   2088 2536288    0    0     0     0 2284 2068 23  2 75  0  0 2021-07-24 05:18:28
 4  0      0 56332600   2088 2536288    0    0     0     0 2590 2313 26  1 73  0  0 2021-07-24 05:18:29
 3  0      0 56316728   2088 2536288    0    0     0     0 1771 1702 19  2 79  0  0 2021-07-24 05:18:30
 4  0      0 56307308   2088 2536288    0    0     0     0 1672 1674 18  1 82  0  0 2021-07-24 05:18:31
 1  0      0 56306568   2088 2536288    0    0     0     0 1920 1833 20  1 79  0  0 2021-07-24 05:18:32
 1  0      0 56306696   2088 2536296    0    0     0     0 2542 2196 27  1 73  0  0 2021-07-24 05:18:33
 1  0      0 56359024   2088 2536296    0    0     0     0 1810 1668 19  2 79  0  0 2021-07-24 05:18:34
 1  0      0 56316500   2088 2536296    0    0     0     8 2643 2331 26  1 73  0  0 2021-07-24 05:18:35
 4  0      0 56316628   2088 2536296    0    0     0     0 2492 2066 25  3 72  0  0 2021-07-24 05:18:36
 1  0      0 56316508   2088 2536296    0    0     0     0 2268 2011 23  2 75  0  0 2021-07-24 05:18:37
 2  0      0 56317008   2088 2536296    0    0     0     0 2934 2251 26  2 72  0  0 2021-07-24 05:18:38
 4  0      0 56316520   2088 2536296    0    0     0    19 2471 2154 24  2 74  0  0 2021-07-24 05:18:39
 1  0      0 56316276   2088 2536304    0    0     0     0 2482 2124 25  3 73  0  0 2021-07-24 05:18:40
 1  0      0 56271388   2088 2536308    0    0     0     0 2033 1857 21  2 78  0  0 2021-07-24 05:18:41
 1  0      0 56334764   2088 2536308    0    0     0     0 2728 2354 26  2 72  0  0 2021-07-24 05:18:42
 4  0      0 56333772   2088 2536308    0    0     0     0 2653 2276 28  1 71  0  0 2021-07-24 05:18:43
 1  0      0 56332904   2088 2536308    0    0     0     0 2211 2007 23  1 76  0  0 2021-07-24 05:18:44
 1  0      0 56325464   2088 2536308    0    0     0     0 2316 2085 25  1 74  0  0 2021-07-24 05:18:45
 1  0      0 56310460   2088 2536308    0    0     0     0 1905 1783 19  2 79  0  0 2021-07-24 05:18:46
procs -----------memory---------- ---swap-- -----io---- -system-- ------cpu----- -----timestamp-----
 r  b   swpd   free   buff  cache   si   so    bi    bo   in   cs us sy id wa st                 UTC
 1  0      0 56307360   2088 2536316    0    0     0     0 1534 1567 17  1 82  0  0 2021-07-24 05:18:47
 2  0      0 56306496   2088 2536316    0    0     0     0 2374 2094 23  2 74  0  0 2021-07-24 05:18:48
 1  0      0 56306624   2088 2536316    0    0     0     0 1674 1699 18  0 82  0  0 2021-07-24 05:18:49
 1  0      0 56320640   2088 2536316    0    0     0     4 2253 2062 21  2 76  0  0 2021-07-24 05:18:50
 2  0      0 56320272   2088 2536316    0    0     0     0 2703 2252 26  3 71  0  0 2021-07-24 05:18:51
 1  0      0 56319908   2088 2536316    0    0     0     0 2421 2100 21  4 75  0  0 2021-07-24 05:18:52
 1  0      0 56320036   2088 2536316    0    0     0     0 2379 2077 25  1 74  0  0 2021-07-24 05:18:53
 4  0      0 56320284   2088 2536316    0    0     0     0 2836 2149 25  2 73  0  0 2021-07-24 05:18:54
 1  0      0 56319796   2088 2536324    0    0     0    44 2580 2300 26  1 73  0  0 2021-07-24 05:18:55
 4  0      0 56320420   2088 2536324    0    0     0     0 2486 2135 25  2 73  0  0 2021-07-24 05:18:56
 4  0      0 56340264   2088 2536324    0    0     0     0 1953 1759 19  2 79  0  0 2021-07-24 05:18:57
 1  0      0 56334816   2088 2536324    0    0     0     0 2588 2342 24  2 74  0  0 2021-07-24 05:18:58
 1  0      0 56360608   2088 2536324    0    0     0     0 2363 2127 24  1 74  0  0 2021-07-24 05:18:59
 1  0      0 56331964   2088 2536324    0    0     0     0 2430 2181 24  2 74  0  0 2021-07-24 05:19:00
 1  0      0 56313364   2088 2536324    0    0     0     0 1724 1710 20  1 79  0  0 2021-07-24 05:19:01
 1  0      0 56338784   2088 2536336    0    0     0     0 1821 1766 20  1 78  0  0 2021-07-24 05:19:02
 1  0      0 56307164   2088 2536336    0    0     0     0 1899 1881 20  1 79  0  0 2021-07-24 05:19:03
 1  0      0 56307172   2088 2536340    0    0     0     0 2172 2042 24  1 75  0  0 2021-07-24 05:19:04
 2  0      0 56361112   2088 2536340    0    0     0     0 1609 1611 19  1 80  0  0 2021-07-24 05:19:05
 1  0      0 56316600   2088 2536340    0    0     0     0 2525 2340 24  2 74  0  0 2021-07-24 05:19:06
 1  0      0 56316484   2088 2536340    0    0     0     0 2360 2128 23  3 74  0  0 2021-07-24 05:19:07
procs -----------memory---------- ---swap-- -----io---- -system-- ------cpu----- -----timestamp-----
 r  b   swpd   free   buff  cache   si   so    bi    bo   in   cs us sy id wa st                 UTC
 4  0      0 56316612   2088 2536340    0    0     0     0 2579 2272 24  2 73  0  0 2021-07-24 05:19:08
 1  0      0 56316492   2088 2536340    0    0     0     0 2321 2084 24  1 75  0  0 2021-07-24 05:19:09
 1  0      0 56316868   2088 2536348    0    0     0    19 2832 2195 24  2 73  0  0 2021-07-24 05:19:10
 2  0      0 56316624   2088 2536348    0    0     0     0 2683 2215 27  3 71  0  0 2021-07-24 05:19:11
 1  0      0 56316752   2088 2536348    0    0     0     0 2322 2071 24  2 75  0  0 2021-07-24 05:19:12
 1  0      0 56340440   2088 2536348    0    0     0     0 2388 2172 23  1 76  0  0 2021-07-24 05:19:13
 1  0      0 56329040   2088 2536348    0    0     0     0 2309 2102 22  2 76  0  0 2021-07-24 05:19:14
 1  0      0 56327800   2088 2536348    0    0     0     0 2184 2020 22  1 77  0  0 2021-07-24 05:19:15
 1  0      0 56327872   2088 2536348    0    0     0     0 2610 2384 26  1 73  0  0 2021-07-24 05:19:16
 1  0      0 56312116   2088 2536360    0    0     0     0 2062 1903 21  2 77  0  0 2021-07-24 05:19:17
 1  0      0 56302032   2088 2536360    0    0     0     0 1401 1475 16  1 84  0  0 2021-07-24 05:19:18
 4  0      0 56340476   2088 2536360    0    0     0     0 2273 2006 24  2 74  0  0 2021-07-24 05:19:19
 1  0      0 56307248   2088 2536360    0    0     0     0 2030 1895 21  1 78  0  0 2021-07-24 05:19:20
 2  0      0 56334280   2088 2536360    0    0     0     0 1940 1774 21  2 78  0  0 2021-07-24 05:19:21
 1  0      0 56309736   2088 2536360    0    0     0     0 2605 2447 26  2 73  0  0 2021-07-24 05:19:22
 2  0      0 56309864   2088 2536360    0    0     0     0 2471 2117 25  4 71  0  0 2021-07-24 05:19:23
 1  0      0 56309744   2088 2536372    0    0     0     0 1956 1933 20  1 79  0  0 2021-07-24 05:19:24
 1  0      0 56309500   2088 2536372    0    0     0     0 2409 2131 24  3 73  0  0 2021-07-24 05:19:25
 4  0      0 56309260   2088 2536372    0    0     0     0 2808 2318 25  1 73  0  0 2021-07-24 05:19:26
 1  0      0 56309388   2088 2536372    0    0     0     0 2263 2130 22  2 76  0  0 2021-07-24 05:19:27
 1  0      0 56337416   2088 2536372    0    0     0     0 2005 1905 20  2 78  0  0 2021-07-24 05:19:28
procs -----------memory---------- ---swap-- -----io---- -system-- ------cpu----- -----timestamp-----
 r  b   swpd   free   buff  cache   si   so    bi    bo   in   cs us sy id wa st                 UTC
 1  0      0 56330108   2088 2536372    0    0     0     0 2543 2402 23  2 75  0  0 2021-07-24 05:19:29
 1  0      0 56324156   2088 2536372    0    0     0     0 2532 2309 26  1 73  0  0 2021-07-24 05:19:30
 4  0      0 56330728   2088 2536372    0    0     0     0 2294 2056 24  1 75  0  0 2021-07-24 05:19:31
 1  0      0 56353296   2088 2536380    0    0     0     0 1915 1785 21  1 78  0  0 2021-07-24 05:19:32
 1  0      0 56350940   2088 2536380    0    0     0     0 1937 1778 21  2 78  0  0 2021-07-24 05:19:33
 1  0      0 56302704   2088 2536380    0    0     0     0 1764 1774 18  2 81  0  0 2021-07-24 05:19:34
 4  0      0 56302836   2088 2536380    0    0     0     0 2563 2314 26  1 73  0  0 2021-07-24 05:19:35
 1  0      0 56359624   2088 2536380    0    0     0    48 1301 1387 17  0 83  0  0 2021-07-24 05:19:36
 2  0      0 56310528   2088 2536380    0    0     0     0 2438 2281 25  2 73  0  0 2021-07-24 05:19:37
 4  0      0 56310408   2088 2536380    0    0     0     0 2446 2121 25  3 72  0  0 2021-07-24 05:19:38
 4  0      0 56310664   2088 2536388    0    0     0     0 2505 2239 26  2 72  0  0 2021-07-24 05:19:39
 1  0      0 56310412   2088 2536388    0    0     0     0 2233 2130 23  1 76  0  0 2021-07-24 05:19:40
 1  0      0 56310548   2088 2536388    0    0     0    12 2240 2092 22  2 76  0  0 2021-07-24 05:19:41
 1  0      0 56310428   2088 2536388    0    0     0     0 2803 2355 24  2 74  0  0 2021-07-24 05:19:42
 4  0      0 56236156   2088 2536388    0    0     0     0 2267 2054 22  3 74  0  0 2021-07-24 05:19:43
 4  0      0 56263564   2088 2536388    0    0     0     0 2169 2008 23  2 75  0  0 2021-07-24 05:19:44
 4  0      0 56330904   2088 2536388    0    0     0     0 2372 2221 23  1 76  0  0 2021-07-24 05:19:45
 2  0      0 56327060   2088 2536396    0    0     0     0 2242 2033 24  2 74  0  0 2021-07-24 05:19:46
 1  0      0 56327184   2088 2536396    0    0     0     0 2499 2272 27  1 72  0  0 2021-07-24 05:19:47
 3  0      0 56308656   2088 2536396    0    0     0     0 1838 1785 19  2 79  0  0 2021-07-24 05:19:48
 0  0      0 59291892   2088 2375480    0    0     0     0 1608 1417  4  3 93  0  0 2021-07-24 05:19:49
procs -----------memory---------- ---swap-- -----io---- -system-- ------cpu----- -----timestamp-----
 r  b   swpd   free   buff  cache   si   so    bi    bo   in   cs us sy id wa st                 UTC
 0  0      0 59291972   2088 2375480    0    0     0     0  511  906  0  0 100  0  0 2021-07-24 05:19:50
 0  0      0 59292132   2088 2375480    0    0     0   148  513  889  0  0 100  0  0 2021-07-24 05:19:51
 0  0      0 59292124   2088 2375484    0    0     0     0  473  836  0  0 100  0  0 2021-07-24 05:19:52
 0  0      0 59292124   2088 2375484    0    0     0     0  501  901  0  0 100  0  0 2021-07-24 05:19:53
 0  0      0 59292124   2088 2375484    0    0     0     0  550  957  0  0 100  0  0 2021-07-24 05:19:54
 0  0      0 59292124   2088 2375484    0    0     0     0  503  896  0  0 100  0  0 2021-07-24 05:19:55
 0  0      0 59292124   2088 2375484    0    0     0     0  477  840  0  0 100  0  0 2021-07-24 05:19:56
 0  0      0 59292124   2088 2375484    0    0     0     4  517  916  0  0 100  0  0 2021-07-24 05:19:57
 0  0      0 59292124   2088 2375484    0    0     0     0  874  951  0  0 100  0  0 2021-07-24 05:19:58
 0  0      0 59292124   2088 2375484    0    0     0     0  513  914  0  0 100  0  0 2021-07-24 05:19:59
 0  0      0 59292124   2088 2375484    0    0     0     0  491  880  0  0 100  0  0 2021-07-24 05:20:00
 0  0      0 59292124   2088 2375484    0    0     0     0  507  906  0  0 100  0  0 2021-07-24 05:20:01
 0  0      0 59291820   2088 2375512    0    0     0    14  860 1189  0  0 100  0  0 2021-07-24 05:20:02
 0  0      0 59291820   2088 2375512    0    0     0     0  478  864  0  0 100  0  0 2021-07-24 05:20:03
 0  0      0 59291820   2088 2375512    0    0     0     0  481  865  0  0 100  0  0 2021-07-24 05:20:04
 0  0      0 59291820   2088 2375512    0    0     0     0  524  936  0  0 100  0  0 2021-07-24 05:20:05
 0  0      0 59291820   2088 2375512    0    0     0     0  518  906  0  0 100  0  0 2021-07-24 05:20:06
 0  0      0 59291820   2088 2375512    0    0     0     0  450  814  0  0 100  0  0 2021-07-24 05:20:07
 0  0      0 59291820   2088 2375512    0    0     0     0  507  897  0  0 100  0  0 2021-07-24 05:20:08
 0  0      0 59291820   2088 2375512    0    0     0     0  524  918  0  0 100  0  0 2021-07-24 05:20:09
 0  0      0 59291820   2088 2375512    0    0     0     0  511  889  0  0 100  0  0 2021-07-24 05:20:10
procs -----------memory---------- ---swap-- -----io---- -system-- ------cpu----- -----timestamp-----
 r  b   swpd   free   buff  cache   si   so    bi    bo   in   cs us sy id wa st                 UTC
 0  0      0 59291820   2088 2375512    0    0     0    95  508  906  0  0 100  0  0 2021-07-24 05:20:11
