#Date       Time        gpu rxpci txpci    sm   mem   enc   dec
#YYYYMMDD   HH:MM:SS    Idx  MB/s  MB/s     %     %     %     %
 20210724   07:38:25      0     0     0     0     0     0     0
 20210724   07:38:26      0     0     0     0     0     0     0
 20210724   07:38:27      0     0     0     0     0     0     0
 20210724   07:38:28      0     0     0     0     0     0     0
 20210724   07:38:29      0     0     0     0     0     0     0
 20210724   07:38:30      0     0     0     0     0     0     0
 20210724   07:38:31      0     0     0     0     0     0     0
 20210724   07:38:32      0     0     0     0     0     0     0
 20210724   07:38:33      0     0     0     0     0     0     0
 20210724   07:38:34      0     0     0     0     0     0     0
 20210724   07:38:35      0     0     0     0     0     0     0
 20210724   07:38:37      0     0     0     0     0     0     0
 20210724   07:38:38      0     0     0     0     0     0     0
 20210724   07:38:39      0     0     0     0     0     0     0
 20210724   07:38:40      0     0     0     0     0     0     0
 20210724   07:38:41      0     0     0     0     0     0     0
 20210724   07:38:42      0     0     0     0     0     0     0
 20210724   07:38:43      0     0     0     0     0     0     0
 20210724   07:38:44      0     0     0     0     0     0     0
 20210724   07:38:45      0     0     0     0     0     0     0
 20210724   07:38:46      0     0     0     0     0     0     0
 20210724   07:38:47      0     0     0     0     0     0     0
 20210724   07:38:48      0     0     0     0     0     0     0
 20210724   07:38:49      0     0     0     0     0     0     0
 20210724   07:38:50      0     0     0     0     0     0     0
 20210724   07:38:51      0     0     0     0     0     0     0
 20210724   07:38:52      0     0     0     0     0     0     0
 20210724   07:38:53      0     0     0     0     0     0     0
 20210724   07:38:54      0     0     0     0     0     0     0
 20210724   07:38:55      0     0     0     0     0     0     0
 20210724   07:38:57      0     0     0     0     0     0     0
 20210724   07:38:58      0     0     0     0     0     0     0
 20210724   07:38:59      0     0     0     0     0     0     0
 20210724   07:39:00      0     0     0     0     0     0     0
 20210724   07:39:01      0     0     0     0     0     0     0
 20210724   07:39:02      0     0     0     0     0     0     0
 20210724   07:39:03      0     0     0     0     0     0     0
 20210724   07:39:04      0     0     0     0     0     0     0
 20210724   07:39:05      0     0     0     0     0     0     0
 20210724   07:39:06      0     0     0     0     0     0     0
 20210724   07:39:07      0     0     0     0     0     0     0
 20210724   07:39:08      0     0     0     0     0     0     0
 20210724   07:39:09      0     0     0     0     0     0     0
 20210724   07:39:10      0     0     0     0     0     0     0
#Date       Time        gpu rxpci txpci    sm   mem   enc   dec
#YYYYMMDD   HH:MM:SS    Idx  MB/s  MB/s     %     %     %     %
 20210724   07:39:11      0     0     0     0     0     0     0
 20210724   07:39:12      0     0     0     0     0     0     0
 20210724   07:39:13      0     0     0     0     0     0     0
 20210724   07:39:14      0     0     0     0     0     0     0
 20210724   07:39:15      0     0     0     0     0     0     0
 20210724   07:39:17      0     0     0     0     0     0     0
 20210724   07:39:18      0     0     0     0     0     0     0
 20210724   07:39:19      0     0     0     0     0     0     0
 20210724   07:39:20      0     0     0     0     0     0     0
 20210724   07:39:21      0     0     0     0     0     0     0
 20210724   07:39:22      0     0     0     0     0     0     0
 20210724   07:39:23      0     0     0     0     0     0     0
 20210724   07:39:24      0     0     0     0     0     0     0
 20210724   07:39:25      0     0     0     0     0     0     0
 20210724   07:39:26      0     0     0     0     0     0     0
 20210724   07:39:27      0     0     0     1     0     0     0
 20210724   07:39:28      0     0    72     3     0     0     0
 20210724   07:39:29      0     0     0     6     0     0     0
 20210724   07:39:30      0   547    35     3     0     0     0
 20210724   07:39:31      0     0     0     0     0     0     0
 20210724   07:39:32      0    23     7     0     0     0     0
 20210724   07:39:33      0     0     0    31    20     0     0
 20210724   07:39:34      0     0     0     0     0     0     0
 20210724   07:39:35      0   560     0    15     9     0     0
 20210724   07:39:37      0     0     0    72     0     0     0
 20210724   07:39:38      0     0     0     0     0     0     0
 20210724   07:39:39      0     0     0     0     0     0     0
 20210724   07:39:40      0     0   193     0     0     0     0
 20210724   07:39:41      0     0     0    25     0     0     0
 20210724   07:39:42      0     0     0     0     0     0     0
 20210724   07:39:43      0     0     0    19     0     0     0
 20210724   07:39:44      0     0     0     0     0     0     0
 20210724   07:39:45      0     0     0     0     0     0     0
 20210724   07:39:46      0     0     0     0     0     0     0
 20210724   07:39:47      0     0     0     0     0     0     0
 20210724   07:39:48      0     0     0     0     0     0     0
 20210724   07:39:49      0     0     0     0     0     0     0
 20210724   07:39:50      0     0     0    23    14     0     0
 20210724   07:39:51      0     0     0     0     0     0     0
 20210724   07:39:52      0     0     0     0     0     0     0
 20210724   07:39:53      0     0     0     0     0     0     0
 20210724   07:39:54      0  3401   216     0     0     0     0
 20210724   07:39:56      0     0     0     3     2     0     0
 20210724   07:39:57      0     0     0     0     0     0     0
#Date       Time        gpu rxpci txpci    sm   mem   enc   dec
#YYYYMMDD   HH:MM:SS    Idx  MB/s  MB/s     %     %     %     %
 20210724   07:39:58      0     0     0     0     0     0     0
 20210724   07:39:59      0     0     0     0     0     0     0
 20210724   07:40:00      0     0     0     0     0     0     0
 20210724   07:40:01      0     0     0    38    25     0     0
 20210724   07:40:02      0     0   565     0     0     0     0
 20210724   07:40:03      0     0     0     0     0     0     0
 20210724   07:40:04      0     0     0     0     0     0     0
 20210724   07:40:05      0     0     0     0     0     0     0
 20210724   07:40:06      0     0     0     0     0     0     0
 20210724   07:40:07      0     0     0     0     0     0     0
 20210724   07:40:08      0  3401   387     0     0     0     0
 20210724   07:40:09      0  3703   421    25    16     0     0
 20210724   07:40:10      0     0     0     0     0     0     0
 20210724   07:40:11      0     0     0     0     0     0     0
 20210724   07:40:12      0     0     0     0     0     0     0
 20210724   07:40:13      0     0     0     0     0     0     0
 20210724   07:40:15      0     0     0     0     0     0     0
 20210724   07:40:16      0  5222   404     0     0     0     0
 20210724   07:40:17      0     0     0     0     0     0     0
 20210724   07:40:18      0     0     0    43    27     0     0
 20210724   07:40:19      0     0     0     0     0     0     0
 20210724   07:40:20      0     0     0     0     0     0     0
 20210724   07:40:21      0     0     0     0     0     0     0
 20210724   07:40:22      0     0     0     0     0     0     0
 20210724   07:40:23      0  3584   407   100    27     0     0
 20210724   07:40:24      0     0     0    19     0     0     0
 20210724   07:40:25      0     0     0    13     9     0     0
 20210724   07:40:26      0     0     0     0     0     0     0
 20210724   07:40:27      0     0     0     0     0     0     0
 20210724   07:40:28      0  3304   402    14     8     0     0
 20210724   07:40:29      0     0     0    13     7     0     0
 20210724   07:40:30      0     0     0    39    25     0     0
 20210724   07:40:31      0     0     0     0     0     0     0
 20210724   07:40:32      0     0     0     0     0     0     0
 20210724   07:40:33      0     0     0     0     0     0     0
 20210724   07:40:34      0  4717   451     6     1     0     0
 20210724   07:40:36      0     0     0    41    28     0     0
 20210724   07:40:37      0     0     0     0     0     0     0
 20210724   07:40:38      0  3521   304     0     0     0     0
 20210724   07:40:39      0     0     0    33     0     0     0
 20210724   07:40:40      0     0     0     0     0     0     0
 20210724   07:40:41      0     0     0     0     0     0     0
 20210724   07:40:42      0     0     0     0     0     0     0
 20210724   07:40:43      0     0     0    77    22     0     0
#Date       Time        gpu rxpci txpci    sm   mem   enc   dec
#YYYYMMDD   HH:MM:SS    Idx  MB/s  MB/s     %     %     %     %
 20210724   07:40:44      0     0     0    40     0     0     0
 20210724   07:40:45      0     0     0    40     8     0     0
 20210724   07:40:46      0     0     0     0     0     0     0
 20210724   07:40:47      0     0     0     0     0     0     0
 20210724   07:40:48      0     0     0     0     0     0     0
 20210724   07:40:49      0     0     0     0     0     0     0
 20210724   07:40:50      0     0     0    41    28     0     0
 20210724   07:40:51      0     0     0     0     0     0     0
 20210724   07:40:52      0  2680   606     0     0     0     0
 20210724   07:40:53      0     0     0     0     0     0     0
 20210724   07:40:54      0     0     0     0     0     0     0
 20210724   07:40:56      0     0     0     0     0     0     0
 20210724   07:40:57      0     0   608     6     1     0     0
 20210724   07:40:58      0     0     0    41    28     0     0
 20210724   07:40:59      0     0     0     8     0     0     0
 20210724   07:41:00      0     0     0     0     0     0     0
 20210724   07:41:01      0     0     0     0     0     0     0
 20210724   07:41:02      0     0     0     0     0     0     0
 20210724   07:41:03      0     0     0     0     0     0     0
 20210724   07:41:04      0     0     0     0     0     0     0
 20210724   07:41:05      0     0     0     0     0     0     0
 20210724   07:41:06      0     0     0     8     5     0     0
 20210724   07:41:07      0     0     0     0     0     0     0
 20210724   07:41:08      0     0     0    41    28     0     0
 20210724   07:41:09      0     0     0     0     0     0     0
 20210724   07:41:10      0     0     0     0     0     0     0
 20210724   07:41:11      0     0     0     0     0     0     0
 20210724   07:41:12      0  3395   387    26    16     0     0
 20210724   07:41:13      0     0     0    42    28     0     0
 20210724   07:41:14      0     0     0     0     0     0     0
 20210724   07:41:16      0     0     0     0     0     0     0
 20210724   07:41:17      0     0     0     0     0     0     0
 20210724   07:41:18      0     0     0     0     0     0     0
 20210724   07:41:19      0    16     0    39    25     0     0
 20210724   07:41:20      0     0     0     0     0     0     0
 20210724   07:41:21      0     0     0     0     0     0     0
 20210724   07:41:22      0     0     0     0     0     0     0
 20210724   07:41:23      0     0     0     0     0     0     0
 20210724   07:41:24      0     0     0    35    27     0     0
 20210724   07:41:25      0     0     0     0     0     0     0
 20210724   07:41:26      0     0     0     0     0     0     0
 20210724   07:41:27      0     0     0     0     0     0     0
 20210724   07:41:28      0     0     0    83    28     0     0
 20210724   07:41:29      0     0     0     0     0     0     0
#Date       Time        gpu rxpci txpci    sm   mem   enc   dec
#YYYYMMDD   HH:MM:SS    Idx  MB/s  MB/s     %     %     %     %
 20210724   07:41:30      0     0     0     0     0     0     0
 20210724   07:41:31      0     0     0     0     0     0     0
 20210724   07:41:32      0     0     0     0     0     0     0
 20210724   07:41:33      0     0     0     0     0     0     0
 20210724   07:41:34      0     0     0    39    25     0     0
 20210724   07:41:36      0  6080   345     0     0     0     0
 20210724   07:41:37      0     0     0     0     0     0     0
 20210724   07:41:38      0     0     0     0     0     0     0
 20210724   07:41:39      0     0     0     0     0     0     0
 20210724   07:41:40      0     0     0     0     0     0     0
 20210724   07:41:41      0     0     0     0     0     0     0
 20210724   07:41:42      0  3395   386    32    21     0     0
 20210724   07:41:43      0  3817   452     0     0     0     0
 20210724   07:41:44      0     0     0    60     3     0     0
 20210724   07:41:45      0     0     0     0     0     0     0
 20210724   07:41:46      0     0     0     0     0     0     0
 20210724   07:41:47      0     0     0     0     0     0     0
 20210724   07:41:48      0     0     0     0     0     0     0
 20210724   07:41:49      0  5489   393     0     0     0     0
 20210724   07:41:50      0     0     0     0     0     0     0
 20210724   07:41:51      0     0     0    39    25     0     0
 20210724   07:41:52      0     0     0     0     0     0     0
 20210724   07:41:53      0     0     0     0     0     0     0
 20210724   07:41:54      0     0     0     0     0     0     0
 20210724   07:41:56      0     0     0     0     0     0     0
 20210724   07:41:57      0  3470   392    44    28     0     0
 20210724   07:41:58      0     0     0    88    18     0     0
 20210724   07:41:59      0     0     0    42    28     0     0
 20210724   07:42:00      0     0     0     0     0     0     0
 20210724   07:42:01      0     0     0     0     0     0     0
 20210724   07:42:02      0     0     0     0     0     0     0
 20210724   07:42:03      0  1438   675     0     0     0     0
 20210724   07:42:04      0  5149   399     2     0     0     0
 20210724   07:42:05      0     0     0    39    25     0     0
 20210724   07:42:06      0     0     0     0     0     0     0
 20210724   07:42:07      0     0     0     0     0     0     0
 20210724   07:42:08      0     0     0     0     0     0     0
 20210724   07:42:09      0  4680   441     0     0     0     0
 20210724   07:42:10      0     0     0     0     0     0     0
 20210724   07:42:11      0     0     0     0     0     0     0
 20210724   07:42:12      0  3401   386   100    28     0     0
 20210724   07:42:13      0     0     0    18     0     0     0
 20210724   07:42:14      0     0     0     0     0     0     0
 20210724   07:42:15      0     0     0     0     0     0     0
#Date       Time        gpu rxpci txpci    sm   mem   enc   dec
#YYYYMMDD   HH:MM:SS    Idx  MB/s  MB/s     %     %     %     %
 20210724   07:42:17      0  3425   457     0     0     0     0
 20210724   07:42:18      0     2     0     8     3     0     0
 20210724   07:42:19      0  1798   387    47    32     0     0
 20210724   07:42:20      0     0     0    39    25     0     0
 20210724   07:42:21      0     0     0     5     3     0     0
 20210724   07:42:22      0     0     0     0     0     0     0
 20210724   07:42:23      0     0     0     0     0     0     0
 20210724   07:42:24      0     0   578     0     0     0     0
 20210724   07:42:25      0     0     0    24    15     0     0
 20210724   07:42:26      0     0     0     0     0     0     0
 20210724   07:42:27      0  4440   445     0     0     0     0
 20210724   07:42:28      0     0     0   100     0     0     0
 20210724   07:42:29      0     0     0     0     0     0     0
 20210724   07:42:30      0     0     0     0     0     0     0
 20210724   07:42:31      0     0     0     0     0     0     0
 20210724   07:42:32      0     0     0    40    27     0     0
 20210724   07:42:33      0     0     0     0     0     0     0
 20210724   07:42:34      0     0     0    33     5     0     0
 20210724   07:42:35      0     0     0     0     0     0     0
 20210724   07:42:37      0     0     0     0     0     0     0
 20210724   07:42:38      0     0     0     0     0     0     0
 20210724   07:42:39      0     0     0     0     0     0     0
 20210724   07:42:40      0     0     0    18    11     0     0
 20210724   07:42:41      0     0     0     0     0     0     0
 20210724   07:42:42      0     0   201     0     0     0     0
 20210724   07:42:43      0     0     0    42    28     0     0
 20210724   07:42:44      0     0     0     0     0     0     0
 20210724   07:42:45      0     0     0     0     0     0     0
 20210724   07:42:46      0     0     0     0     0     0     0
 20210724   07:42:47      0  2496     0    42    28     0     0
 20210724   07:42:48      0     0     0    11     0     0     0
 20210724   07:42:49      0     0     0     0     0     0     0
 20210724   07:42:50      0     0     0    19     0     0     0
 20210724   07:42:51      0     0     0     0     0     0     0
 20210724   07:42:52      0     0     0     0     0     0     0
 20210724   07:42:53      0     0     0     0     0     0     0
 20210724   07:42:54      0     0     0     0     0     0     0
 20210724   07:42:55      0     0     0    44    31     0     0
 20210724   07:42:56      0     0     0     0     0     0     0
 20210724   07:42:58      0   775     0    17    10     0     0
 20210724   07:42:59      0     0     0    10     7     0     0
 20210724   07:43:00      0     0     0     0     0     0     0
 20210724   07:43:01      0     0     0     0     0     0     0
 20210724   07:43:02      0  4970   428     0     0     0     0
#Date       Time        gpu rxpci txpci    sm   mem   enc   dec
#YYYYMMDD   HH:MM:SS    Idx  MB/s  MB/s     %     %     %     %
 20210724   07:43:03      0     0     0     3     0     0     0
 20210724   07:43:04      0     0     0     0     0     0     0
 20210724   07:43:05      0     0     0     0     0     0     0
 20210724   07:43:06      0     0     0     0     0     0     0
 20210724   07:43:07      0     0     0     0     0     0     0
 20210724   07:43:08      0     0   762     0     0     0     0
 20210724   07:43:09      0     0     0     0     0     0     0
 20210724   07:43:10      0     0     0     0     0     0     0
 20210724   07:43:11      0     0     0     0     0     0     0
 20210724   07:43:12      0     0     0     0     0     0     0
 20210724   07:43:13      0     0     0    41    28     0     0
 20210724   07:43:14      0     0     0     0     0     0     0
 20210724   07:43:15      0     0     0     0     0     0     0
 20210724   07:43:16      0     0     0     0     0     0     0
 20210724   07:43:18      0     2     0    34    23     0     0
 20210724   07:43:19      0     0     0     0     0     0     0
 20210724   07:43:20      0     0     0     0     0     0     0
 20210724   07:43:21      0     0     0     0     0     0     0
 20210724   07:43:22      0     0     0     0     0     0     0
 20210724   07:43:23      0     0     0     0     0     0     0
 20210724   07:43:24      0     0     0    39    25     0     0
 20210724   07:43:25      0  1099   673     0     0     0     0
 20210724   07:43:26      0     0     0     0     0     0     0
 20210724   07:43:27      0     0     0     0     0     0     0
 20210724   07:43:28      0     0     0     0     0     0     0
 20210724   07:43:29      0     0     0     0     0     0     0
 20210724   07:43:30      0     0     0     0     0     0     0
 20210724   07:43:31      0  3554   400     0     0     0     0
 20210724   07:43:32      0  3486   551     0     0     0     0
 20210724   07:43:33      0     0     0     0     0     0     0
 20210724   07:43:34      0     0     0     0     0     0     0
 20210724   07:43:35      0     0     0     0     0     0     0
 20210724   07:43:36      0     0     0     0     0     0     0
 20210724   07:43:37      0     0     0     0     0     0     0
 20210724   07:43:39      0     0     0     0     0     0     0
 20210724   07:43:40      0     0     0    32    23     0     0
 20210724   07:43:41      0   248     0    44    28     0     0
 20210724   07:43:42      0     0     0     0     0     0     0
 20210724   07:43:43      0     0     0     0     0     0     0
 20210724   07:43:44      0     0     0     0     0     0     0
 20210724   07:43:45      0     0     0     0     0     0     0
 20210724   07:43:46      0     0     0     0     0     0     0
 20210724   07:43:47      0  3428   387    10     4     0     0
 20210724   07:43:48      0     0     0     0     0     0     0
#Date       Time        gpu rxpci txpci    sm   mem   enc   dec
#YYYYMMDD   HH:MM:SS    Idx  MB/s  MB/s     %     %     %     %
 20210724   07:43:49      0     0     0     0     0     0     0
 20210724   07:43:50      0  3395   387     1     0     0     0
 20210724   07:43:51      0     0     0    42    28     0     0
 20210724   07:43:52      0     0     0     0     0     0     0
 20210724   07:43:53      0     0     0     0     0     0     0
 20210724   07:43:54      0     0     0     0     0     0     0
 20210724   07:43:55      0     0     0     0     0     0     0
 20210724   07:43:56      0     1     0    21    12     0     0
 20210724   07:43:57      0     0     0     0     0     0     0
 20210724   07:43:59      0     0     0     0     0     0     0
 20210724   07:44:00      0     0     0     0     0     0     0
 20210724   07:44:01      0     0     0     0     0     0     0
 20210724   07:44:02      0     0     0    28    20     0     0
 20210724   07:44:03      0     0     0     0     0     0     0
 20210724   07:44:04      0     0     0     0     0     0     0
 20210724   07:44:05      0     0     0     0     0     0     0
 20210724   07:44:06      0     0     0    71    28     0     0
 20210724   07:44:07      0     0     0     0     0     0     0
 20210724   07:44:08      0     0     0     0     0     0     0
 20210724   07:44:09      0     0     0     0     0     0     0
 20210724   07:44:10      0     0     0     0     0     0     0
 20210724   07:44:11      0     0     0     0     0     0     0
 20210724   07:44:12      0     0     0    39    25     0     0
 20210724   07:44:13      0  3204   112     0     0     0     0
 20210724   07:44:14      0     0     0     0     0     0     0
 20210724   07:44:15      0     0     0     0     0     0     0
 20210724   07:44:16      0     0     0     0     0     0     0
 20210724   07:44:17      0     0     0     0     0     0     0
 20210724   07:44:19      0     0     0     0     0     0     0
 20210724   07:44:20      0  3394   386    12     6     0     0
 20210724   07:44:21      0  3879   466     0     0     0     0
 20210724   07:44:22      0     0     0     0     0     0     0
 20210724   07:44:23      0     0     0     0     0     0     0
 20210724   07:44:24      0     0     0     0     0     0     0
 20210724   07:44:25      0     0     0     0     0     0     0
 20210724   07:44:26      0     0     0     0     0     0     0
 20210724   07:44:27      0     0     0     0     0     0     0
 20210724   07:44:28      0     0     0    13    10     0     0
 20210724   07:44:29      0     0     0    43    27     0     0
 20210724   07:44:30      0     0     0     0     0     0     0
 20210724   07:44:31      0     0     0     0     0     0     0
 20210724   07:44:32      0     0     0     0     0     0     0
 20210724   07:44:33      0     0     0     0     0     0     0
 20210724   07:44:34      0  3697   413     0     0     0     0
#Date       Time        gpu rxpci txpci    sm   mem   enc   dec
#YYYYMMDD   HH:MM:SS    Idx  MB/s  MB/s     %     %     %     %
 20210724   07:44:35      0     0     0    62    28     0     0
 20210724   07:44:36      0     0     0    41    28     0     0
 20210724   07:44:37      0     0     0     0     0     0     0
 20210724   07:44:38      0     0     0     0     0     0     0
 20210724   07:44:40      0     0     0     0     0     0     0
 20210724   07:44:41      0     0     0     0     0     0     0
 20210724   07:44:42      0     0     0     0     0     0     0
 20210724   07:44:43      0    21     0     0     0     0     0
 20210724   07:44:44      0     0     0     0     0     0     0
 20210724   07:44:45      0     0     0    21    11     0     0
 20210724   07:44:46      0     0     0     0     0     0     0
 20210724   07:44:47      0     0     0     0     0     0     0
 20210724   07:44:48      0     0     0     0     0     0     0
 20210724   07:44:49      0     0     0     0     0     0     0
 20210724   07:44:50      0     0     0     0     0     0     0
 20210724   07:44:51      0     0     0     0     0     0     0
 20210724   07:44:52      0     0     0     0     0     0     0
 20210724   07:44:53      0     0     0     0     0     0     0
 20210724   07:44:54      0     0     0     0     0     0     0
 20210724   07:44:55      0     0     0     0     0     0     0
 20210724   07:44:56      0     0     0     0     0     0     0
 20210724   07:44:57      0     0     0     0     0     0     0
 20210724   07:44:58      0     0     0     0     0     0     0
 20210724   07:45:00      0     0     0     0     0     0     0
 20210724   07:45:01      0     0     0     0     0     0     0
 20210724   07:45:02      0     0     0     0     0     0     0
 20210724   07:45:03      0     0     0     0     0     0     0
 20210724   07:45:04      0     0     0     0     0     0     0
 20210724   07:45:05      0     0     0     0     0     0     0
 20210724   07:45:06      0     0     0     0     0     0     0
 20210724   07:45:07      0     0     0     0     0     0     0
 20210724   07:45:08      0     0     0     0     0     0     0
 20210724   07:45:09      0     0     0     0     0     0     0
 20210724   07:45:10      0     0     0     0     0     0     0
 20210724   07:45:11      0     0     0     0     0     0     0
 20210724   07:45:12      0     0     0     0     0     0     0
 20210724   07:45:13      0     0     0     0     0     0     0
 20210724   07:45:14      0     0     0     0     0     0     0
 20210724   07:45:15      0     0     0     0     0     0     0
 20210724   07:45:16      0     0     0     0     0     0     0
