procs -----------memory---------- ---swap-- -----io---- -system-- ------cpu----- -----timestamp-----
 r  b   swpd   free   buff  cache   si   so    bi    bo   in   cs us sy id wa st                 UTC
 0  0      0 59325800   2088 2335200    0    0    19    17  173  169 10  1 89  0  0 2021-07-24 07:38:34
 0  0      0 59325164   2088 2335204    0    0     0     0 1384 2146  0  0 100  0  0 2021-07-24 07:38:35
 0  0      0 59325164   2088 2335204    0    0     0     0  807 1472  0  0 100  0  0 2021-07-24 07:38:36
 0  0      0 59325296   2088 2335204    0    0     0     0  807 1473  0  0 100  0  0 2021-07-24 07:38:37
 0  0      0 59325296   2088 2335204    0    0     0     0  823 1478  0  0 100  0  0 2021-07-24 07:38:38
 0  0      0 59323868   2088 2335208    0    0     0     0 1093 1719  0  0 100  0  0 2021-07-24 07:38:39
 0  0      0 59323924   2088 2335212    0    0     0     0  839 1518  0  0 100  0  0 2021-07-24 07:38:40
 0  0      0 59323924   2088 2335212    0    0     0     0  821 1506  0  0 100  0  0 2021-07-24 07:38:41
 0  0      0 59323924   2088 2335212    0    0     0     0  828 1523  0  0 100  0  0 2021-07-24 07:38:42
 1  0      0 59323924   2088 2335212    0    0     0     0  830 1531  0  0 100  0  0 2021-07-24 07:38:43
 0  0      0 59323924   2088 2335212    0    0     0     0  785 1460  0  0 100  0  0 2021-07-24 07:38:44
 0  0      0 59323924   2088 2335212    0    0     0     0  824 1515  0  0 100  0  0 2021-07-24 07:38:45
 0  0      0 59323924   2088 2335212    0    0     0     0  838 1530  0  0 100  0  0 2021-07-24 07:38:46
 0  0      0 59323924   2088 2335212    0    0     0     0 1180 1537  0  0 100  0  0 2021-07-24 07:38:47
 0  0      0 59323924   2088 2335212    0    0     0     0  868 1569  0  0 100  0  0 2021-07-24 07:38:48
 0  0      0 59323924   2088 2335212    0    0     0     0  825 1516  0  0 100  0  0 2021-07-24 07:38:49
 0  0      0 59323924   2088 2335212    0    0     0     0  844 1539  0  0 100  0  0 2021-07-24 07:38:50
 0  0      0 59323924   2088 2335212    0    0     0     0  779 1468  0  0 100  0  0 2021-07-24 07:38:51
 0  0      0 59323924   2088 2335212    0    0     0     0  819 1500  0  0 100  0  0 2021-07-24 07:38:52
 1  0      0 59323924   2088 2335212    0    0     0     0  840 1528  0  0 100  0  0 2021-07-24 07:38:53
 0  0      0 59323924   2088 2335212    0    0     0     0  836 1518  0  0 100  0  0 2021-07-24 07:38:54
procs -----------memory---------- ---swap-- -----io---- -system-- ------cpu----- -----timestamp-----
 r  b   swpd   free   buff  cache   si   so    bi    bo   in   cs us sy id wa st                 UTC
 0  0      0 59323924   2088 2335212    0    0     0     0  831 1523  0  0 100  0  0 2021-07-24 07:38:55
 0  0      0 59323924   2088 2335212    0    0     0   315  916 1572  0  0 100  0  0 2021-07-24 07:38:56
 0  0      0 59323924   2088 2335212    0    0     0     0  865 1552  0  0 100  0  0 2021-07-24 07:38:57
 0  0      0 59323924   2088 2335212    0    0     0     0  888 1574  0  0 100  0  0 2021-07-24 07:38:58
 0  0      0 59323924   2088 2335212    0    0     0     0  823 1511  0  0 100  0  0 2021-07-24 07:38:59
 0  0      0 59323924   2088 2335216    0    0     0     0  835 1527  0  0 100  0  0 2021-07-24 07:39:00
 0  0      0 59323924   2088 2335216    0    0     0     6  823 1509  0  0 100  0  0 2021-07-24 07:39:01
 0  0      0 59323924   2088 2335216    0    0     0     0  823 1508  0  0 100  0  0 2021-07-24 07:39:02
 0  0      0 59323924   2088 2335216    0    0     0     0 1175 1531  0  0 100  0  0 2021-07-24 07:39:03
 0  0      0 59323924   2088 2335216    0    0     0     0  828 1519  0  0 100  0  0 2021-07-24 07:39:04
 0  0      0 59323924   2088 2335216    0    0     0     0  827 1525  0  0 100  0  0 2021-07-24 07:39:05
 0  0      0 59323924   2088 2335216    0    0     0     4  868 1547  0  0 100  0  0 2021-07-24 07:39:06
 0  0      0 59323924   2088 2335216    0    0     0     0  882 1566  0  0 100  0  0 2021-07-24 07:39:07
 0  0      0 59323924   2088 2335216    0    0     0     0  846 1536  0  0 100  0  0 2021-07-24 07:39:08
 0  0      0 59323924   2088 2335216    0    0     0     0  854 1551  0  0 100  0  0 2021-07-24 07:39:09
 0  0      0 59323924   2088 2335220    0    0     0     0  828 1514  0  0 100  0  0 2021-07-24 07:39:10
 0  0      0 59323924   2088 2335220    0    0     0     8  872 1575  0  0 100  0  0 2021-07-24 07:39:11
 0  0      0 59323924   2088 2335220    0    0     0     0  830 1537  0  0 100  0  0 2021-07-24 07:39:12
 0  0      0 59323924   2088 2335220    0    0     0     0  829 1520  0  0 100  0  0 2021-07-24 07:39:13
 0  0      0 59323924   2088 2335220    0    0     0     0  839 1528  0  0 100  0  0 2021-07-24 07:39:14
 0  0      0 59323924   2088 2335224    0    0     0     0  818 1503  0  0 100  0  0 2021-07-24 07:39:15
procs -----------memory---------- ---swap-- -----io---- -system-- ------cpu----- -----timestamp-----
 r  b   swpd   free   buff  cache   si   so    bi    bo   in   cs us sy id wa st                 UTC
 0  0      0 59323924   2088 2335224    0    0     0     0  837 1521  0  0 100  0  0 2021-07-24 07:39:16
 0  0      0 59323924   2088 2335224    0    0     0     0  844 1536  0  0 100  0  0 2021-07-24 07:39:17
 0  0      0 59323924   2088 2335224    0    0     0     0  833 1524  0  0 100  0  0 2021-07-24 07:39:18
 0  0      0 59323924   2088 2335224    0    0     0     0 1189 1554  0  0 100  0  0 2021-07-24 07:39:19
 0  0      0 59323924   2088 2335224    0    0     0     0  826 1513  0  0 100  0  0 2021-07-24 07:39:20
 0  0      0 59323924   2088 2335224    0    0     0     0  841 1533  0  0 100  0  0 2021-07-24 07:39:21
 0  0      0 59323924   2088 2335224    0    0     0     0  844 1534  0  0 100  0  0 2021-07-24 07:39:22
 0  0      0 59323924   2088 2335224    0    0     0     0  823 1516  0  0 100  0  0 2021-07-24 07:39:23
 0  0      0 59323924   2088 2335224    0    0     0     0  827 1512  0  0 100  0  0 2021-07-24 07:39:24
 1  0      0 59226560   2088 2335232    0    0     0     0 2671 2112 14  7 79  0  0 2021-07-24 07:39:25
 0  0      0 59147888   2088 2335232    0    0     0     0 2897 2574 13  6 81  0  0 2021-07-24 07:39:26
 1  0      0 58840824   2088 2345472    0    0     0   118 2879 2773  5  2 93  0  0 2021-07-24 07:39:27
 1  0      0 58106320   2088 2345480    0    0     0     0 1107 1561  9  4 87  0  0 2021-07-24 07:39:28
 1  0      0 57480852   2088 2345480    0    0     0     0 1076 1514  8  4 88  0  0 2021-07-24 07:39:29
 2  0      0 56801556   2088 2345480    0    0     0     0 1158 1565  9  4 87  0  0 2021-07-24 07:39:30
 1  0      0 56523372   2088 2385132    0    0     0     0 6071 2999 15  3 82  0  0 2021-07-24 07:39:31
 1  0      0 56413116   2088 2429900    0    0     0     4 2327 2288 18  2 81  0  0 2021-07-24 07:39:32
 2  0      0 56372812   2088 2541016    0    0     0     0 2739 2763 23  2 75  0  0 2021-07-24 07:39:33
 1  0      0 56360912   2088 2541016    0    0     0     0 2046 2304 18  0 81  0  0 2021-07-24 07:39:34
 1  0      0 56382364   2088 2541016    0    0     0     0 3006 2759 23  1 76  0  0 2021-07-24 07:39:35
 2  0      0 56381940   2088 2541020    0    0     0     0 3149 3019 27  2 71  0  0 2021-07-24 07:39:36
procs -----------memory---------- ---swap-- -----io---- -system-- ------cpu----- -----timestamp-----
 r  b   swpd   free   buff  cache   si   so    bi    bo   in   cs us sy id wa st                 UTC
 1  0      0 56381752   2088 2541020    0    0     0     8 2847 2757 23  3 73  0  0 2021-07-24 07:39:37
 4  0      0 56367868   2088 2541020    0    0     0     0 2662 2721 24  1 75  0  0 2021-07-24 07:39:38
 4  0      0 56367624   2088 2541020    0    0     0     0 2751 2749 24  2 74  0  0 2021-07-24 07:39:39
 1  0      0 56366760   2088 2541032    0    0     0     0 2889 2901 26  1 73  0  0 2021-07-24 07:39:40
 1  0      0 56366764   2088 2541032    0    0     0     0 2859 2803 25  2 73  0  0 2021-07-24 07:39:41
 4  0      0 56337752   2088 2541032    0    0     0     0 2475 2516 22  1 76  0  0 2021-07-24 07:39:42
 4  0      0 56336892   2088 2541032    0    0     0     0 3051 3005 25  2 73  0  0 2021-07-24 07:39:43
 1  0      0 56335620   2088 2541032    0    0     0     0 2817 2659 21  1 77  0  0 2021-07-24 07:39:44
 1  0      0 56335248   2088 2541036    0    0     0     0 2965 2945 26  2 72  0  0 2021-07-24 07:39:45
 4  0      0 56336612   2088 2541044    0    0     0     0 2131 2375 19  1 80  0  0 2021-07-24 07:39:46
 1  0      0 56366744   2088 2541044    0    0     0    36 1975 2170 19  1 80  0  0 2021-07-24 07:39:47
 1  0      0 56363400   2088 2541044    0    0     0     0 2485 2634 21  1 77  0  0 2021-07-24 07:39:48
 2  0      0 56347036   2088 2541044    0    0     0     0 2452 2604 21  2 78  0  0 2021-07-24 07:39:49
 1  0      0 56379032   2088 2541044    0    0     0     0 2245 2344 21  1 78  0  0 2021-07-24 07:39:50
 4  0      0 56346672   2088 2541044    0    0     0     0 3253 2920 26  1 73  0  0 2021-07-24 07:39:51
 4  0      0 56346548   2088 2541044    0    0     0     0 2780 2718 23  4 74  0  0 2021-07-24 07:39:52
 1  0      0 56346924   2088 2541044    0    0     0     0 2810 2810 24  2 74  0  0 2021-07-24 07:39:53
 1  0      0 56346932   2088 2541044    0    0     0     0 2640 2732 23  1 76  0  0 2021-07-24 07:39:54
 1  0      0 56346936   2088 2541052    0    0     0     0 2741 2760 24  2 74  0  0 2021-07-24 07:39:55
 1  0      0 56346696   2088 2541052    0    0     0     0 2917 2787 24  3 73  0  0 2021-07-24 07:39:56
 1  0      0 56347072   2088 2541052    0    0     0     0 2519 2581 22  2 76  0  0 2021-07-24 07:39:57
procs -----------memory---------- ---swap-- -----io---- -system-- ------cpu----- -----timestamp-----
 r  b   swpd   free   buff  cache   si   so    bi    bo   in   cs us sy id wa st                 UTC
 1  0      0 56379812   2088 2541052    0    0     0    68 2990 2984 24  2 74  0  0 2021-07-24 07:39:58
 1  0      0 56348568   2088 2541052    0    0     0     0 2704 2799 23  1 76  0  0 2021-07-24 07:39:59
 4  0      0 56330708   2088 2541052    0    0     0     0 2627 2683 24  1 75  0  0 2021-07-24 07:40:00
 1  0      0 56329516   2088 2541072    0    0     0    16 3205 3244 25  1 73  0  0 2021-07-24 07:40:01
 1  0      0 56346748   2088 2541068    0    0     0     4 2137 2392 18  1 81  0  0 2021-07-24 07:40:02
 1  0      0 56350100   2088 2541068    0    0     0     0 1786 2150 17  1 83  0  0 2021-07-24 07:40:03
 4  0      0 56338696   2088 2541072    0    0     0     0 2658 2750 24  1 75  0  0 2021-07-24 07:40:04
 1  0      0 56349984   2088 2541072    0    0     0     0 2128 2335 19  1 80  0  0 2021-07-24 07:40:05
 4  0      0 56347504   2088 2541072    0    0     0     0 2355 2504 20  2 78  0  0 2021-07-24 07:40:06
 2  0      0 56346396   2088 2541072    0    0     0     0 3509 3257 28  2 70  0  0 2021-07-24 07:40:07
 2  0      0 56346524   2088 2541072    0    0     0     8 2825 2680 25  4 71  0  0 2021-07-24 07:40:08
 1  0      0 56346408   2088 2541080    0    0     0     0 2510 2656 21  1 78  0  0 2021-07-24 07:40:09
 1  0      0 56343932   2088 2541080    0    0     0     0 2686 2767 23  2 75  0  0 2021-07-24 07:40:10
 1  0      0 56343312   2088 2541080    0    0     0     0 2954 2968 27  1 72  0  0 2021-07-24 07:40:11
 1  0      0 56343568   2088 2541080    0    0     0     0 2784 2781 25  2 73  0  0 2021-07-24 07:40:12
 1  0      0 56367752   2088 2541080    0    0     0    44 2329 2461 20  2 78  0  0 2021-07-24 07:40:13
 1  0      0 56363412   2088 2541080    0    0     0     0 3031 3026 25  2 73  0  0 2021-07-24 07:40:14
 1  0      0 56316176   2088 2541080    0    0     0     0 2633 2732 24  1 74  0  0 2021-07-24 07:40:15
 2  0      0 56345688   2088 2541088    0    0     0     0 2833 2838 26  2 72  0  0 2021-07-24 07:40:16
 1  0      0 56344944   2088 2541088    0    0     0     0 2180 2413 20  1 79  0  0 2021-07-24 07:40:17
 1  0      0 56362012   2088 2541088    0    0     0     0 2649 2813 17  2 81  0  0 2021-07-24 07:40:18
procs -----------memory---------- ---swap-- -----io---- -system-- ------cpu----- -----timestamp-----
 r  b   swpd   free   buff  cache   si   so    bi    bo   in   cs us sy id wa st                 UTC
 1  0      0 56331180   2088 2541108    0    0     0     0 2264 2437 20  1 78  0  0 2021-07-24 07:40:19
 1  0      0 56331180   2088 2541108    0    0     0     0 2698 2714 26  1 73  0  0 2021-07-24 07:40:20
 4  0      0 56292868   2088 2541112    0    0     0     0 1910 2192 18  1 81  0  0 2021-07-24 07:40:21
 4  0      0 56336276   2088 2541112    0    0     0     0 2994 2962 26  1 73  0  0 2021-07-24 07:40:22
 4  0      0 56335656   2088 2541112    0    0     0     8 2934 2779 27  3 71  0  0 2021-07-24 07:40:23
 4  0      0 56335660   2088 2541120    0    0     0     0 3262 2941 25  2 73  0  0 2021-07-24 07:40:24
 4  0      0 56335788   2088 2541120    0    0     0     0 2600 2667 24  1 75  0  0 2021-07-24 07:40:25
 1  0      0 56335920   2088 2541120    0    0     0     0 2750 2794 23  3 74  0  0 2021-07-24 07:40:26
 2  0      0 56336544   2088 2541120    0    0     0     0 2907 2864 24  3 73  0  0 2021-07-24 07:40:27
 1  0      0 56335932   2088 2541120    0    0     0     0 2699 2707 23  2 75  0  0 2021-07-24 07:40:28
 1  0      0 56354532   2088 2541120    0    0     0    63 2650 2786 22  2 76  0  0 2021-07-24 07:40:29
 1  0      0 56340280   2088 2541128    0    0     0     0 2735 2817 23  2 76  0  0 2021-07-24 07:40:30
 4  0      0 56321924   2088 2541128    0    0     0     0 2563 2665 23  1 76  0  0 2021-07-24 07:40:31
 1  0      0 56322296   2088 2541128    0    0     0     0 2903 2989 25  1 73  0  0 2021-07-24 07:40:32
 1  0      0 56333676   2088 2541128    0    0     0   396 2240 2434 19  1 80  0  0 2021-07-24 07:40:33
 1  0      0 56339064   2088 2541132    0    0     0     0 1680 2053 16  1 84  0  0 2021-07-24 07:40:34
 4  0      0 56338696   2088 2541132    0    0     0     0 2668 2734 24  1 74  0  0 2021-07-24 07:40:35
 1  0      0 56338328   2088 2541132    0    0     0     0 2431 2582 21  1 78  0  0 2021-07-24 07:40:36
 1  0      0 56339444   2088 2541132    0    0     0     0 2402 2555 21  2 77  0  0 2021-07-24 07:40:37
 4  0      0 56331724   2088 2541132    0    0     0     4 3119 3133 26  1 72  0  0 2021-07-24 07:40:38
 2  0      0 56338796   2088 2541140    0    0     0     0 2891 2696 25  5 71  0  0 2021-07-24 07:40:39
procs -----------memory---------- ---swap-- -----io---- -system-- ------cpu----- -----timestamp-----
 r  b   swpd   free   buff  cache   si   so    bi    bo   in   cs us sy id wa st                 UTC
 4  0      0 56264492   2088 2541140    0    0     0     0 2762 2603 22  1 77  0  0 2021-07-24 07:40:40
 1  0      0 56338156   2088 2541140    0    0     0     0 2817 2717 24  3 73  0  0 2021-07-24 07:40:41
 1  0      0 56338160   2088 2541140    0    0     0     0 2971 2969 26  1 72  0  0 2021-07-24 07:40:42
 1  0      0 56338288   2088 2541140    0    0     0     8 2720 2777 23  2 75  0  0 2021-07-24 07:40:43
 1  0      0 56377520   2088 2541140    0    0     0     0 2349 2413 21  2 77  0  0 2021-07-24 07:40:44
 1  0      0 56362728   2088 2541148    0    0     0     0 2992 2985 24  2 74  0  0 2021-07-24 07:40:45
 1  0      0 56346184   2088 2541148    0    0     0     0 2809 2863 25  1 74  0  0 2021-07-24 07:40:46
 4  0      0 56328128   2088 2541148    0    0     0     0 2664 2752 25  1 74  0  0 2021-07-24 07:40:47
 1  0      0 56373824   2088 2541148    0    0     0     0 2238 2443 21  1 78  0  0 2021-07-24 07:40:48
 1  0      0 56360992   2088 2541148    0    0     0    52 2087 2341 19  1 80  0  0 2021-07-24 07:40:49
 1  0      0 56328628   2088 2541148    0    0     0     0 2144 2391 19  2 79  0  0 2021-07-24 07:40:50
 1  0      0 56328016   2088 2541148    0    0     0     0 2873 2845 27  1 72  0  0 2021-07-24 07:40:51
 4  0      0 56371724   2088 2541148    0    0     0     0 1683 2037 17  0 83  0  0 2021-07-24 07:40:52
 4  0      0 56341168   2088 2541156    0    0     0     0 2891 2922 23  3 74  0  0 2021-07-24 07:40:53
 1  0      0 56341664   2088 2541156    0    0     0     4 2861 2744 26  3 71  0  0 2021-07-24 07:40:54
 4  0      0 56341052   2088 2541156    0    0     0     0 2893 2854 26  2 72  0  0 2021-07-24 07:40:55
 1  0      0 56341176   2088 2541156    0    0     0     0 2966 2755 22  1 76  0  0 2021-07-24 07:40:56
 4  0      0 56337832   2088 2541156    0    0     0     0 2715 2740 24  2 74  0  0 2021-07-24 07:40:57
 4  0      0 56337716   2088 2541160    0    0     0     0 2942 2965 26  1 72  0  0 2021-07-24 07:40:58
 2  0      0 56337392   2088 2541160    0    0     0    47 2661 2702 22  3 74  0  0 2021-07-24 07:40:59
 4  0      0 56363640   2088 2541168    0    0     0     0 2498 2576 22  2 76  0  0 2021-07-24 07:41:00
procs -----------memory---------- ---swap-- -----io---- -system-- ------cpu----- -----timestamp-----
 r  b   swpd   free   buff  cache   si   so    bi    bo   in   cs us sy id wa st                 UTC
 1  0      0 56342320   2088 2541168    0    0     0     0 2832 2857 24  1 75  0  0 2021-07-24 07:41:01
 4  0      0 56312312   2088 2541168    0    0     0     0 2554 2648 23  2 75  0  0 2021-07-24 07:41:02
 1  0      0 56338920   2088 2541168    0    0     0     0 3286 2945 26  2 72  0  0 2021-07-24 07:41:03
 1  0      0 56334256   2088 2541168    0    0     0     4 2122 2321 20  2 79  0  0 2021-07-24 07:41:04
 1  0      0 56316404   2088 2541168    0    0     0     0 2033 2289 18  1 81  0  0 2021-07-24 07:41:05
 1  0      0 56315044   2088 2541168    0    0     0     0 2267 2487 20  2 79  0  0 2021-07-24 07:41:06
 5  0      0 56315172   2088 2541172    0    0     0     0 2620 2730 23  1 76  0  0 2021-07-24 07:41:07
 1  0      0 56369484   2088 2541180    0    0     0     0 2191 2335 20  2 79  0  0 2021-07-24 07:41:08
 4  0      0 56337248   2088 2541180    0    0     0     0 3011 3063 26  1 73  0  0 2021-07-24 07:41:09
 1  0      0 56337008   2088 2541180    0    0     0     0 2845 2762 24  3 72  0  0 2021-07-24 07:41:10
 4  0      0 56336888   2088 2541180    0    0     0     0 2742 2800 23  3 74  0  0 2021-07-24 07:41:11
 4  0      0 56325112   2088 2541184    0    0     0     0 3094 2808 25  2 74  0  0 2021-07-24 07:41:12
 2  0      0 56334664   2088 2541184    0    0     0     0 2675 2662 23  3 74  0  0 2021-07-24 07:41:13
 1  0      0 56334668   2088 2541184    0    0     0     8 2778 2834 22  2 75  0  0 2021-07-24 07:41:14
 1  0      0 56282348   2088 2541192    0    0     0     0 2429 2514 22  2 76  0  0 2021-07-24 07:41:15
 1  0      0 56351540   2088 2541192    0    0     0     0 3067 2970 26  1 72  0  0 2021-07-24 07:41:16
 1  0      0 56341628   2088 2541192    0    0     0     0 2812 2905 25  1 74  0  0 2021-07-24 07:41:17
 1  0      0 56333068   2088 2541192    0    0     0     0 2620 2691 24  1 74  0  0 2021-07-24 07:41:18
 1  0      0 56332948   2088 2541192    0    0     0     0 2598 2785 23  1 76  0  0 2021-07-24 07:41:19
 1  0      0 56325628   2088 2541192    0    0     0     0 2194 2361 20  2 78  0  0 2021-07-24 07:41:20
 1  0      0 56310752   2088 2541192    0    0     0     0 1926 2196 20  1 80  0  0 2021-07-24 07:41:21
procs -----------memory---------- ---swap-- -----io---- -system-- ------cpu----- -----timestamp-----
 r  b   swpd   free   buff  cache   si   so    bi    bo   in   cs us sy id wa st                 UTC
 4  0      0 56276160   2088 2541200    0    0     0     0 2606 2717 23  2 75  0  0 2021-07-24 07:41:22
 1  0      0 56319440   2088 2541200    0    0     0     0 2243 2389 21  1 78  0  0 2021-07-24 07:41:23
 1  0      0 56329612   2088 2541200    0    0     0    44 2360 2529 19  2 79  0  0 2021-07-24 07:41:24
 2  0      0 56328996   2088 2541200    0    0     0     0 3031 3054 25  2 72  0  0 2021-07-24 07:41:25
 1  0      0 56328752   2088 2541200    0    0     0     0 2757 2681 23  4 73  0  0 2021-07-24 07:41:26
 2  0      0 56328884   2088 2541200    0    0     0     0 2512 2656 23  1 76  0  0 2021-07-24 07:41:27
 4  0      0 56328760   2088 2541200    0    0     0     0 3106 2808 24  2 74  0  0 2021-07-24 07:41:28
 4  0      0 56329292   2088 2541200    0    0     0   120 2987 3003 27  1 72  0  0 2021-07-24 07:41:29
 6  0      0 56328804   2088 2541208    0    0     0   121 2771 2786 24  2 74  0  0 2021-07-24 07:41:30
 4  0      0 56357944   2088 2541208    0    0     0     0 2342 2449 20  2 77  0  0 2021-07-24 07:41:31
 4  0      0 56336752   2088 2541208    0    0     0     0 3102 3017 26  2 72  0  0 2021-07-24 07:41:32
 1  0      0 56307612   2088 2541212    0    0     0     0 2601 2744 23  1 76  0  0 2021-07-24 07:41:33
 2  0      0 56336424   2088 2541212    0    0     0     0 2799 2843 24  2 74  0  0 2021-07-24 07:41:34
 1  0      0 56333776   2088 2541212    0    0     0     0 2151 2408 18  1 80  0  0 2021-07-24 07:41:35
 4  0      0 56342580   2088 2541220    0    0     0     0 2126 2366 18  1 81  0  0 2021-07-24 07:41:36
 1  0      0 56311332   2088 2541224    0    0     0     0 2207 2404 20  1 79  0  0 2021-07-24 07:41:37
 1  0      0 56310508   2088 2541224    0    0     0     0 2834 2949 23  2 75  0  0 2021-07-24 07:41:38
 1  0      0 56367252   2088 2541224    0    0     0     0 1880 2157 19  0 81  0  0 2021-07-24 07:41:39
 1  0      0 56329116   2088 2541224    0    0     0     4 2924 2906 24  3 74  0  0 2021-07-24 07:41:40
 1  0      0 56329492   2088 2541224    0    0     0     0 2890 2751 26  3 72  0  0 2021-07-24 07:41:41
 5  0      0 56329620   2088 2541224    0    0     0     0 2882 2892 25  2 73  0  0 2021-07-24 07:41:42
procs -----------memory---------- ---swap-- -----io---- -system-- ------cpu----- -----timestamp-----
 r  b   swpd   free   buff  cache   si   so    bi    bo   in   cs us sy id wa st                 UTC
 1  0      0 56329376   2088 2541224    0    0     0     0 2468 2661 21  2 77  0  0 2021-07-24 07:41:43
 4  0      0 56329380   2088 2541224    0    0     0     0 2788 2798 25  2 73  0  0 2021-07-24 07:41:44
 2  0      0 56329388   2088 2541236    0    0     0     8 3279 2919 26  1 73  0  0 2021-07-24 07:41:45
 2  0      0 56329516   2088 2541236    0    0     0     0 2590 2598 22  3 75  0  0 2021-07-24 07:41:46
 4  0      0 56340184   2088 2541236    0    0     0     0 2522 2611 22  2 76  0  0 2021-07-24 07:41:47
 1  0      0 56332176   2088 2541236    0    0     0     0 2880 2866 24  2 74  0  0 2021-07-24 07:41:48
 4  0      0 56330640   2088 2541236    0    0     0     0 2702 2708 24  2 74  0  0 2021-07-24 07:41:49
 4  0      0 56331016   2088 2541236    0    0     0     0 3042 2968 29  1 70  0  0 2021-07-24 07:41:50
 4  0      0 56314892   2088 2541236    0    0     0     0 2178 2415 18  2 80  0  0 2021-07-24 07:41:51
 1  0      0 56305348   2088 2541244    0    0     0     0 1888 2194 18  1 81  0  0 2021-07-24 07:41:52
 4  0      0 56305472   2088 2541244    0    0     0     0 2348 2470 21  2 77  0  0 2021-07-24 07:41:53
 1  0      0 56304736   2088 2541244    0    0     0     0 2531 2629 23  1 76  0  0 2021-07-24 07:41:54
 4  0      0 56353844   2088 2541244    0    0     0     0 2330 2388 21  2 77  0  0 2021-07-24 07:41:55
 1  0      0 56320612   2088 2541244    0    0     0     0 2836 2920 24  2 74  0  0 2021-07-24 07:41:56
 4  0      0 56320744   2088 2541244    0    0     0     0 3003 2829 26  4 71  0  0 2021-07-24 07:41:57
 1  0      0 56320624   2088 2541244    0    0     0     0 2529 2569 22  2 76  0  0 2021-07-24 07:41:58
 2  0      0 56320752   2088 2541252    0    0     0     0 2912 2820 25  3 72  0  0 2021-07-24 07:41:59
 1  0      0 56320884   2088 2541252    0    0     0    48 2791 2770 25  1 74  0  0 2021-07-24 07:42:00
 1  0      0 56320764   2088 2541252    0    0     0    21 3510 2820 24  3 73  0  0 2021-07-24 07:42:01
 4  0      0 56360040   2088 2541252    0    0     0     0 2291 2478 19  2 79  0  0 2021-07-24 07:42:02
 1  0      0 56329576   2088 2541252    0    0     0     0 3024 3001 27  1 72  0  0 2021-07-24 07:42:03
procs -----------memory---------- ---swap-- -----io---- -system-- ------cpu----- -----timestamp-----
 r  b   swpd   free   buff  cache   si   so    bi    bo   in   cs us sy id wa st                 UTC
 4  0      0 56328712   2088 2541252    0    0     0     0 2858 2947 26  1 73  0  0 2021-07-24 07:42:04
 4  0      0 56327048   2088 2541252    0    0     0     4 2507 2650 23  1 76  0  0 2021-07-24 07:42:05
 1  0      0 56311352   2088 2541260    0    0     0     0 2519 2614 24  1 75  0  0 2021-07-24 07:42:06
 1  0      0 56271672   2088 2541260    0    0     0     0 2139 2327 20  2 79  0  0 2021-07-24 07:42:07
 2  0      0 56300936   2088 2541260    0    0     0     0 2058 2331 19  1 80  0  0 2021-07-24 07:42:08
 1  0      0 56301436   2088 2541264    0    0     0     0 2794 2847 24  2 74  0  0 2021-07-24 07:42:09
 1  0      0 56301068   2088 2541264    0    0     0     4 1879 2190 19  0 81  0  0 2021-07-24 07:42:10
 1  0      0 56327608   2088 2541264    0    0     0     0 2657 2764 23  2 75  0  0 2021-07-24 07:42:11
 2  0      0 56326744   2088 2541264    0    0     0     0 2983 2821 26  4 70  0  0 2021-07-24 07:42:12
 1  0      0 56327244   2088 2541272    0    0     0     0 2957 2850 25  3 72  0  0 2021-07-24 07:42:13
 2  0      0 56326880   2088 2541280    0    0     0     0 2645 2726 24  1 75  0  0 2021-07-24 07:42:14
 4  0      0 56323284   2088 2541280    0    0     0     0 2758 2781 24  2 74  0  0 2021-07-24 07:42:15
 1  0      0 56323168   2088 2541280    0    0     0     8 2895 2880 26  1 73  0  0 2021-07-24 07:42:16
 1  0      0 56323544   2088 2541280    0    0     0     0 3072 2750 24  2 74  0  0 2021-07-24 07:42:17
 4  0      0 56335324   2088 2541280    0    0     0     0 2549 2585 22  2 76  0  0 2021-07-24 07:42:18
 1  0      0 56325540   2088 2541280    0    0     0     0 2991 2959 25  2 73  0  0 2021-07-24 07:42:19
 4  0      0 56327524   2088 2541280    0    0     0     0 2476 2592 22  1 77  0  0 2021-07-24 07:42:20
 1  0      0 56326904   2088 2541288    0    0     0     0 2862 2918 24  2 74  0  0 2021-07-24 07:42:21
 4  0      0 56307188   2088 2541288    0    0     0     0 2103 2336 19  1 80  0  0 2021-07-24 07:42:22
 1  0      0 56297764   2088 2541288    0    0     0     0 2037 2282 18  2 81  0  0 2021-07-24 07:42:23
 1  0      0 56296776   2088 2541288    0    0     0     0 2494 2592 23  1 76  0  0 2021-07-24 07:42:24
procs -----------memory---------- ---swap-- -----io---- -system-- ------cpu----- -----timestamp-----
 r  b   swpd   free   buff  cache   si   so    bi    bo   in   cs us sy id wa st                 UTC
 4  0      0 56296904   2088 2541288    0    0     0     0 2465 2545 22  1 76  0  0 2021-07-24 07:42:25
 4  0      0 56355432   2088 2541288    0    0     0     0 2169 2341 19  2 79  0  0 2021-07-24 07:42:26
 1  0      0 56312660   2088 2541288    0    0     0     0 2910 2910 25  2 73  0  0 2021-07-24 07:42:27
 4  0      0 56312540   2088 2541288    0    0     0     0 2840 2730 24  4 72  0  0 2021-07-24 07:42:28
 1  0      0 56312668   2088 2541296    0    0     0     0 2838 2855 24  3 73  0  0 2021-07-24 07:42:29
 1  0      0 56312920   2088 2541296    0    0     0     0 2678 2721 24  1 74  0  0 2021-07-24 07:42:30
 4  0      0 56312800   2088 2541296    0    0     0    36 2782 2745 25  2 73  0  0 2021-07-24 07:42:31
 1  0      0 56312928   2088 2541296    0    0     0     0 2911 2819 25  3 73  0  0 2021-07-24 07:42:32
 1  0      0 56312564   2088 2541296    0    0     0     0 2868 2655 22  2 76  0  0 2021-07-24 07:42:33
 4  0      0 56332156   2088 2541296    0    0     0     0 2924 2896 24  2 74  0  0 2021-07-24 07:42:34
 1  0      0 56321128   2088 2541296    0    0     0     0 2648 2807 23  1 77  0  0 2021-07-24 07:42:35
 1  0      0 56319760   2088 2541304    0    0     0    44 2511 2618 22  2 77  0  0 2021-07-24 07:42:36
 1  0      0 56319516   2088 2541304    0    0     0     0 2839 2974 24  1 74  0  0 2021-07-24 07:42:37
 1  0      0 56304140   2088 2541304    0    0     0     0 2199 2456 18  2 80  0  0 2021-07-24 07:42:38
 1  0      0 56293948   2088 2541304    0    0     0     0 1858 2207 17  1 83  0  0 2021-07-24 07:42:39
 4  0      0 56293332   2088 2541304    0    0     0     0 2569 2700 22  1 76  0  0 2021-07-24 07:42:40
 1  0      0 56293336   2088 2541304    0    0     0     0 2360 2481 22  1 77  0  0 2021-07-24 07:42:41
 4  0      0 56307100   2088 2541308    0    0     0     0 2271 2410 19  2 78  0  0 2021-07-24 07:42:42
 4  0      0 56287764   2088 2541308    0    0     0     0 3144 3067 28  1 70  0  0 2021-07-24 07:42:43
 2  0      0 56306244   2088 2541316    0    0     0     0 2836 2651 24  5 71  0  0 2021-07-24 07:42:44
 4  0      0 56232096   2088 2541316    0    0     0     0 2410 2572 21  1 77  0  0 2021-07-24 07:42:45
procs -----------memory---------- ---swap-- -----io---- -system-- ------cpu----- -----timestamp-----
 r  b   swpd   free   buff  cache   si   so    bi    bo   in   cs us sy id wa st                 UTC
 1  0      0 56306500   2088 2541320    0    0     0    12 2767 2728 23  3 74  0  0 2021-07-24 07:42:46
 1  0      0 56306012   2088 2541320    0    0     0     0 2931 2980 25  1 73  0  0 2021-07-24 07:42:47
 4  0      0 56306136   2088 2541320    0    0     0     0 2789 2736 25  2 73  0  0 2021-07-24 07:42:48
 4  0      0 56331068   2088 2541320    0    0     0     0 2843 2532 22  2 76  0  0 2021-07-24 07:42:49
 1  0      0 56322516   2088 2541328    0    0     0     0 3102 3039 26  2 72  0  0 2021-07-24 07:42:50
 1  0      0 56312724   2088 2541328    0    0     0     8 2796 2872 24  1 74  0  0 2021-07-24 07:42:51
 5  0      0 56318924   2088 2541328    0    0     0     0 2562 2719 22  2 77  0  0 2021-07-24 07:42:52
 1  0      0 56341740   2088 2541328    0    0     0     0 2254 2463 20  2 78  0  0 2021-07-24 07:42:53
 1  0      0 56339880   2088 2541328    0    0     0     0 2174 2365 20  1 79  0  0 2021-07-24 07:42:54
 2  0      0 56295120   2088 2541328    0    0     0     0 2185 2350 20  2 78  0  0 2021-07-24 07:42:55
 1  0      0 56294376   2088 2541328    0    0     0     0 2784 2905 22  1 76  0  0 2021-07-24 07:42:56
 1  0      0 56352408   2088 2541328    0    0     0     0 1643 1987 17  0 83  0  0 2021-07-24 07:42:57
 2  0      0 56307900   2088 2541336    0    0     0     0 2879 2903 24  2 74  0  0 2021-07-24 07:42:58
 4  0      0 56307780   2088 2541336    0    0     0     0 2796 2699 23  3 74  0  0 2021-07-24 07:42:59
 4  0      0 56308160   2088 2541336    0    0     0     0 2857 2892 24  2 74  0  0 2021-07-24 07:43:00
 4  0      0 56307792   2088 2541336    0    0     0     0 2661 2742 24  1 75  0  0 2021-07-24 07:43:01
 1  0      0 56308784   2088 2541336    0    0     0     5 2718 2733 24  2 74  0  0 2021-07-24 07:43:02
 4  0      0 56308044   2088 2541336    0    0     0     0 2806 2896 24  1 74  0  0 2021-07-24 07:43:03
 4  0      0 56308052   2088 2541336    0    0     0     0 2649 2723 23  2 75  0  0 2021-07-24 07:43:04
 4  0      0 56328888   2088 2541344    0    0     0     0 2914 2643 23  2 75  0  0 2021-07-24 07:43:05
 1  0      0 56322696   2088 2541344    0    0     0     0 2870 2916 24  2 75  0  0 2021-07-24 07:43:06
procs -----------memory---------- ---swap-- -----io---- -system-- ------cpu----- -----timestamp-----
 r  b   swpd   free   buff  cache   si   so    bi    bo   in   cs us sy id wa st                 UTC
 4  0      0 56321208   2088 2541344    0    0     0     0 2576 2656 24  1 75  0  0 2021-07-24 07:43:07
 4  0      0 56320956   2088 2541344    0    0     0     0 2793 2926 23  2 75  0  0 2021-07-24 07:43:08
 1  0      0 56303176   2088 2541344    0    0     0     0 2111 2370 18  2 80  0  0 2021-07-24 07:43:09
 1  0      0 56291200   2088 2541344    0    0     0     0 1976 2238 18  1 81  0  0 2021-07-24 07:43:10
 1  0      0 56330388   2088 2541344    0    0     0     0 2444 2569 22  1 76  0  0 2021-07-24 07:43:11
 4  0      0 56309064   2088 2541344    0    0     0     0 2762 2731 26  1 72  0  0 2021-07-24 07:43:12
 1  0      0 56351352   2088 2541352    0    0     0     0 2066 2310 18  2 81  0  0 2021-07-24 07:43:13
 4  0      0 56307088   2088 2541352    0    0     0     0 2920 2947 26  2 73  0  0 2021-07-24 07:43:14
 1  0      0 56306844   2088 2541352    0    0     0     0 2864 2758 25  3 71  0  0 2021-07-24 07:43:15
 1  0      0 56306724   2088 2541356    0    0     0     0 2759 2787 24  2 74  0  0 2021-07-24 07:43:16
 4  0      0 56306852   2088 2541360    0    0     0    48 2766 2831 25  1 74  0  0 2021-07-24 07:43:17
 2  0      0 56307352   2088 2541360    0    0     0     0 2654 2710 23  2 75  0  0 2021-07-24 07:43:18
 1  0      0 56306740   2088 2541360    0    0     0     0 2966 2967 25  2 73  0  0 2021-07-24 07:43:19
 1  0      0 56266440   2088 2541368    0    0     0     0 2362 2494 21  2 77  0  0 2021-07-24 07:43:20
 1  0      0 56324852   2088 2541368    0    0     0     0 2961 2945 24  2 74  0  0 2021-07-24 07:43:21
 1  0      0 56315568   2088 2541372    0    0     0   128 3072 2863 24  1 75  0  0 2021-07-24 07:43:22
 4  0      0 56314204   2088 2541372    0    0     0     0 2510 2667 23  1 76  0  0 2021-07-24 07:43:23
 1  0      0 56313956   2088 2541372    0    0     0     0 2698 2784 25  1 74  0  0 2021-07-24 07:43:24
 1  0      0 56295780   2088 2541372    0    0     0     0 2167 2363 19  2 79  0  0 2021-07-24 07:43:25
 2  0      0 56290820   2088 2541372    0    0     0     0 1913 2179 18  1 80  0  0 2021-07-24 07:43:26
 2  0      0 56290204   2088 2541380    0    0     0     0 2689 2725 25  2 74  0  0 2021-07-24 07:43:27
procs -----------memory---------- ---swap-- -----io---- -system-- ------cpu----- -----timestamp-----
 r  b   swpd   free   buff  cache   si   so    bi    bo   in   cs us sy id wa st                 UTC
 1  0      0 56290084   2088 2541380    0    0     0     0 2178 2365 21  1 78  0  0 2021-07-24 07:43:28
 4  0      0 56304720   2088 2541380    0    0     0     0 2438 2606 20  2 78  0  0 2021-07-24 07:43:29
 2  0      0 56303360   2088 2541380    0    0     0     0 3039 3000 25  3 72  0  0 2021-07-24 07:43:30
 4  0      0 56303488   2088 2541380    0    0     0     0 2846 2688 25  4 72  0  0 2021-07-24 07:43:31
 5  0      0 56303492   2088 2541380    0    0     0     0 2434 2613 21  1 78  0  0 2021-07-24 07:43:32
 1  0      0 56303624   2088 2541380    0    0     0    28 2751 2786 25  2 74  0  0 2021-07-24 07:43:33
 1  0      0 56303256   2088 2541380    0    0     0     0 2926 2966 27  1 72  0  0 2021-07-24 07:43:34
 4  0      0 56303752   2088 2541388    0    0     0     0 2733 2735 25  2 73  0  0 2021-07-24 07:43:35
 1  0      0 56324840   2088 2541388    0    0     0     0 2290 2406 20  2 78  0  0 2021-07-24 07:43:36
 1  0      0 56315796   2088 2541388    0    0     0     0 3051 3018 26  2 72  0  0 2021-07-24 07:43:37
 1  0      0 56284052   2088 2541388    0    0     0     0 3081 2809 25  1 74  0  0 2021-07-24 07:43:38
 2  0      0 56313808   2088 2541388    0    0     0     0 2769 2832 24  2 74  0  0 2021-07-24 07:43:39
 1  0      0 56304100   2088 2541388    0    0     0     0 2285 2522 20  1 79  0  0 2021-07-24 07:43:40
 4  0      0 56318980   2088 2541388    0    0     0     0 2183 2369 19  2 79  0  0 2021-07-24 07:43:41
 1  0      0 56287608   2088 2541396    0    0     0     0 2172 2405 19  1 80  0  0 2021-07-24 07:43:42
 1  0      0 56287732   2088 2541396    0    0     0     0 2654 2788 23  1 76  0  0 2021-07-24 07:43:43
 2  0      0 56348372   2088 2541396    0    0     0     0 1797 2070 18  0 81  0  0 2021-07-24 07:43:44
 1  0      0 56301880   2088 2541396    0    0     0     0 2981 2886 24  3 72  0  0 2021-07-24 07:43:45
 4  0      0 56301392   2088 2541396    0    0     0     0 2864 2743 25  3 72  0  0 2021-07-24 07:43:46
 1  0      0 56302136   2088 2541396    0    0     0     0 2751 2658 26  2 72  0  0 2021-07-24 07:43:47
 1  0      0 56301644   2088 2541400    0    0     0     4 2110 1992 25  0 74  0  0 2021-07-24 07:43:48
procs -----------memory---------- ---swap-- -----io---- -system-- ------cpu----- -----timestamp-----
 r  b   swpd   free   buff  cache   si   so    bi    bo   in   cs us sy id wa st                 UTC
 2  0      0 56301516   2088 2541400    0    0     0     0 1667 1704 19  1 80  0  0 2021-07-24 07:43:49
 1  0      0 56301900   2088 2541400    0    0     0     0 3196 2814 26  2 73  0  0 2021-07-24 07:43:50
 4  0      0 56302152   2088 2541408    0    0     0     0 2924 2939 26  1 73  0  0 2021-07-24 07:43:51
 1  0      0 56301904   2088 2541408    0    0     0     0 2758 2799 24  2 74  0  0 2021-07-24 07:43:52
 4  0      0 56322584   2088 2541408    0    0     0    48 2346 2463 20  2 78  0  0 2021-07-24 07:43:53
 4  0      0 56315272   2088 2541408    0    0     0     0 3429 3056 26  1 72  0  0 2021-07-24 07:43:54
 1  0      0 56279196   2088 2541408    0    0     0     0 2670 2745 25  1 74  0  0 2021-07-24 07:43:55
 4  0      0 56253156   2088 2541408    0    0     0     0 2723 2805 25  2 74  0  0 2021-07-24 07:43:56
 1  0      0 56325324   2088 2541412    0    0     0     0 2225 2387 21  1 78  0  0 2021-07-24 07:43:57
 1  0      0 56321604   2088 2541412    0    0     0     0 2136 2345 19  2 79  0  0 2021-07-24 07:43:58
 4  0      0 56290480   2088 2541424    0    0     0     0 2233 2376 21  1 78  0  0 2021-07-24 07:43:59
 1  0      0 56290240   2088 2541424    0    0     0     0 2806 2803 26  1 73  0  0 2021-07-24 07:44:00
 4  0      0 56347724   2088 2541424    0    0     0     0 1740 2110 16  1 84  0  0 2021-07-24 07:44:01
 1  0      0 56302400   2088 2541424    0    0     0     0 2905 2866 25  2 73  0  0 2021-07-24 07:44:02
 4  0      0 56302648   2088 2541424    0    0     0     4 2832 2743 24  4 72  0  0 2021-07-24 07:44:03
 1  0      0 56302532   2088 2541424    0    0     0    21 2905 2906 25  2 73  0  0 2021-07-24 07:44:04
 1  0      0 56302532   2088 2541424    0    0     0     0 2772 2735 26  1 73  0  0 2021-07-24 07:44:05
 1  0      0 56302540   2088 2541432    0    0     0     0 2686 2720 23  2 75  0  0 2021-07-24 07:44:06
 1  0      0 56302172   2088 2541432    0    0     0     0 2862 2914 24  2 74  0  0 2021-07-24 07:44:07
 4  0      0 56267084   2088 2541432    0    0     0     0 2706 2698 24  3 74  0  0 2021-07-24 07:44:08
 4  0      0 56321648   2088 2541432    0    0     0     0 2571 2628 22  2 76  0  0 2021-07-24 07:44:09
procs -----------memory---------- ---swap-- -----io---- -system-- ------cpu----- -----timestamp-----
 r  b   swpd   free   buff  cache   si   so    bi    bo   in   cs us sy id wa st                 UTC
 1  0      0 56314464   2088 2541432    0    0     0     0 3232 2848 24  2 74  0  0 2021-07-24 07:44:10
 2  0      0 56312852   2088 2541432    0    0     0     0 2693 2699 24  2 73  0  0 2021-07-24 07:44:11
 1  0      0 56312232   2088 2541432    0    0     0     0 2932 2918 26  1 72  0  0 2021-07-24 07:44:12
 4  0      0 56292144   2088 2541440    0    0     0     0 2155 2400 19  2 79  0  0 2021-07-24 07:44:13
 4  0      0 56287308   2088 2541440    0    0     0     0 2009 2261 18  1 81  0  0 2021-07-24 07:44:14
 1  0      0 56286688   2088 2541440    0    0     0     0 2246 2466 20  1 79  0  0 2021-07-24 07:44:15
 1  0      0 56286324   2088 2541440    0    0     0     0 2732 2776 24  1 75  0  0 2021-07-24 07:44:16
 1  0      0 56340760   2088 2541440    0    0     0     0 2164 2346 19  1 79  0  0 2021-07-24 07:44:17
 1  0      0 56299720   2088 2541440    0    0     0     4 3003 2963 27  1 71  0  0 2021-07-24 07:44:18
 1  0      0 56299480   2088 2541440    0    0     0     0 2810 2715 25  3 73  0  0 2021-07-24 07:44:19
 1  0      0 56299480   2088 2541440    0    0     0     0 2556 2674 20  3 77  0  0 2021-07-24 07:44:20
 2  0      0 56299236   2088 2541452    0    0     0     0 2841 2819 25  2 73  0  0 2021-07-24 07:44:21
 2  0      0 56299368   2088 2541452    0    0     0     0 2675 2626 24  2 74  0  0 2021-07-24 07:44:22
 1  0      0 56299128   2088 2541452    0    0     0     0 2888 2834 25  2 73  0  0 2021-07-24 07:44:23
 1  0      0 56249032   2088 2541452    0    0     0     0 2426 2491 22  2 76  0  0 2021-07-24 07:44:24
 1  0      0 56322320   2088 2541452    0    0     0     0 3017 2945 26  1 72  0  0 2021-07-24 07:44:25
 4  0      0 56313648   2088 2541456    0    0     0     0 3181 2866 25  1 74  0  0 2021-07-24 07:44:26
 1  0      0 56309680   2088 2541456    0    0     0     0 2533 2644 23  1 76  0  0 2021-07-24 07:44:27
 1  0      0 56308812   2088 2541464    0    0     0     0 2661 2789 23  2 76  0  0 2021-07-24 07:44:28
 1  0      0 56290212   2088 2541464    0    0     0    56 2149 2369 18  2 80  0  0 2021-07-24 07:44:29
 1  0      0 56287112   2088 2541464    0    0     0     0 1801 2141 16  1 83  0  0 2021-07-24 07:44:30
procs -----------memory---------- ---swap-- -----io---- -system-- ------cpu----- -----timestamp-----
 r  b   swpd   free   buff  cache   si   so    bi    bo   in   cs us sy id wa st                 UTC
 2  0      0 56286496   2088 2541464    0    0     0     0 2710 2690 24  2 74  0  0 2021-07-24 07:44:31
 1  0      0 56286624   2088 2541464    0    0     0     0 2062 2280 19  1 81  0  0 2021-07-24 07:44:32
 1  0      0 56298776   2088 2541468    0    0     0     0 2493 2604 21  2 77  0  0 2021-07-24 07:44:33
 2  0      0 56297668   2088 2541468    0    0     0    20 3056 2960 26  2 72  0  0 2021-07-24 07:44:34
 1  0      0 56297924   2088 2541476    0    0     0     0 2804 2713 24  4 73  0  0 2021-07-24 07:44:35
 4  0      0 56298044   2088 2541476    0    0     0     0 2535 2640 23  1 76  0  0 2021-07-24 07:44:36
 4  0      0 56297808   2088 2541476    0    0     0     0 2807 2798 24  3 74  0  0 2021-07-24 07:44:37
 1  0      0 56298180   2088 2541476    0    0     0     0 2963 2954 26  1 73  0  0 2021-07-24 07:44:38
 1  0      0 56297072   2088 2541476    0    0     0     0 2872 2871 23  2 74  0  0 2021-07-24 07:44:39
 1  0      0 56320140   2088 2541604    0    0     0     0 2401 2500 21  2 77  0  0 2021-07-24 07:44:40
 1  0      0 56313932   2088 2541604    0    0     0     0 3408 3318 28  1 71  0  0 2021-07-24 07:44:41
 1  0      0 56278028   2088 2541604    0    0     0     0 2667 2693 24  1 74  0  0 2021-07-24 07:44:42
 2  0      0 56311752   2088 2541612    0    0     0     0 3164 2841 25  2 73  0  0 2021-07-24 07:44:43
 1  0      0 56302084   2088 2541612    0    0     0     0 2111 2413 18  1 81  0  0 2021-07-24 07:44:44
 1  0      0 59277548   2088 2380960    0    0     0     0 2389 2324 10  4 86  0  0 2021-07-24 07:44:45
 0  0      0 59277972   2088 2380728    0    0     0     0  843 1529  0  0 100  0  0 2021-07-24 07:44:46
 0  0      0 59277988   2088 2380728    0    0     0     0  833 1530  0  0 100  0  0 2021-07-24 07:44:47
 0  0      0 59277988   2088 2380728    0    0     0     0  826 1510  0  0 100  0  0 2021-07-24 07:44:48
 0  0      0 59277988   2088 2380728    0    0     0     0  840 1541  0  0 100  0  0 2021-07-24 07:44:49
 0  0      0 59277988   2088 2380728    0    0     0     0  815 1494  0  0 100  0  0 2021-07-24 07:44:50
 0  0      0 59277988   2088 2380728    0    0     0     0  806 1476  0  0 100  0  0 2021-07-24 07:44:51
procs -----------memory---------- ---swap-- -----io---- -system-- ------cpu----- -----timestamp-----
 r  b   swpd   free   buff  cache   si   so    bi    bo   in   cs us sy id wa st                 UTC
 0  0      0 59277988   2088 2380732    0    0     0     0  808 1490  0  0 100  0  0 2021-07-24 07:44:52
 0  0      0 59277988   2088 2380732    0    0     0     0  832 1522  0  0 100  0  0 2021-07-24 07:44:53
 0  0      0 59277988   2088 2380732    0    0     0     4  827 1519  0  0 100  0  0 2021-07-24 07:44:54
 0  0      0 59277988   2088 2380732    0    0     0     0  800 1488  0  0 100  0  0 2021-07-24 07:44:55
 0  0      0 59277988   2088 2380732    0    0     0     0  839 1540  0  0 100  0  0 2021-07-24 07:44:56
 0  0      0 59277988   2088 2380732    0    0     0     0  817 1509  0  0 100  0  0 2021-07-24 07:44:57
 0  0      0 59277988   2088 2380732    0    0     0     0  832 1523  0  0 100  0  0 2021-07-24 07:44:58
 0  0      0 59277988   2088 2380732    0    0     0     0 1188 1552  0  0 100  0  0 2021-07-24 07:44:59
 0  0      0 59277988   2088 2380732    0    0     0     0  817 1501  0  0 100  0  0 2021-07-24 07:45:00
 0  0      0 59278148   2088 2380732    0    0     0   181  856 1535  0  0 100  0  0 2021-07-24 07:45:01
