#Date       Time        gpu rxpci txpci    sm   mem   enc   dec
#YYYYMMDD   HH:MM:SS    Idx  MB/s  MB/s     %     %     %     %
 20210724   07:08:28      0     0     0     0     0     0     0
 20210724   07:08:29      0     0     0     0     0     0     0
 20210724   07:08:30      0     0     0     0     0     0     0
 20210724   07:08:32      0     0     0     0     0     0     0
 20210724   07:08:33      0     0     0     0     0     0     0
 20210724   07:08:34      0     0     0     0     0     0     0
 20210724   07:08:35      0     0     0     0     0     0     0
 20210724   07:08:36      0     0     0     0     0     0     0
 20210724   07:08:37      0     0     0     0     0     0     0
 20210724   07:08:38      0     0     0     0     0     0     0
 20210724   07:08:39      0     0     0     0     0     0     0
 20210724   07:08:40      0     0     0     0     0     0     0
 20210724   07:08:42      0     0     0     0     0     0     0
 20210724   07:08:43      0     0     0     0     0     0     0
 20210724   07:08:44      0     0     0     0     0     0     0
 20210724   07:08:45      0     0     0     0     0     0     0
 20210724   07:08:46      0     0     0     0     0     0     0
 20210724   07:08:47      0     0     0     0     0     0     0
 20210724   07:08:48      0     0     0     0     0     0     0
 20210724   07:08:50      0     0     0     0     0     0     0
 20210724   07:08:51      0     0     0     0     0     0     0
 20210724   07:08:52      0     0     0     0     0     0     0
 20210724   07:08:53      0     0     0     0     0     0     0
 20210724   07:08:54      0     0     0     0     0     0     0
 20210724   07:08:55      0     0     0     0     0     0     0
 20210724   07:08:56      0     0     0     0     0     0     0
 20210724   07:08:57      0     0     0     0     0     0     0
 20210724   07:08:59      0     0     0     0     0     0     0
 20210724   07:09:00      0     0     0     0     0     0     0
 20210724   07:09:01      0     0     0     0     0     0     0
 20210724   07:09:02      0     0     0     0     0     0     0
 20210724   07:09:03      0     0     0     0     0     0     0
 20210724   07:09:04      0     0     0     0     0     0     0
 20210724   07:09:05      0     0     0     0     0     0     0
 20210724   07:09:06      0     0     0     0     0     0     0
 20210724   07:09:07      0     0     0     0     0     0     0
 20210724   07:09:08      0     0     0     0     0     0     0
 20210724   07:09:10      0     0     0     0     0     0     0
 20210724   07:09:11      0     0     0     0     0     0     0
 20210724   07:09:12      0   712    40     4     0     0     0
 20210724   07:09:13      0   324    47     3     0     0     0
 20210724   07:09:14      0   221    44     6     0     0     0
 20210724   07:09:15      0     4     0     0     0     0     0
 20210724   07:09:16      0     0     0     0     0     0     0
#Date       Time        gpu rxpci txpci    sm   mem   enc   dec
#YYYYMMDD   HH:MM:SS    Idx  MB/s  MB/s     %     %     %     %
 20210724   07:09:17      0     0     0     0     0     0     0
 20210724   07:09:18      0     0     0     0     0     0     0
 20210724   07:09:19      0     0     0     0     0     0     0
 20210724   07:09:21      0   881   413     0     0     0     0
 20210724   07:09:22      0  3507    24    24    14     0     0
 20210724   07:09:23      0     0     0     0     0     0     0
 20210724   07:09:24      0     0     0     0     0     0     0
 20210724   07:09:25      0  1226   707     0     0     0     0
 20210724   07:09:26      0  3480   387    49    28     0     0
 20210724   07:09:27      0  1767   408    41    27     0     0
 20210724   07:09:28      0     0     0     0     0     0     0
 20210724   07:09:29      0     0     0     0     0     0     0
 20210724   07:09:30      0     0     0     0     0     0     0
 20210724   07:09:31      0     0     0     0     0     0     0
 20210724   07:09:33      0     0     0     0     0     0     0
 20210724   07:09:34      0     0     0     0     0     0     0
 20210724   07:09:35      0     0     0    11     5     0     0
 20210724   07:09:36      0     0     0     0     0     0     0
 20210724   07:09:37      0     0     0     0     0     0     0
 20210724   07:09:38      0     0     0     0     0     0     0
 20210724   07:09:39      0     0     0    70    28     0     0
 20210724   07:09:40      0     0     0     0     0     0     0
 20210724   07:09:41      0     0     0     0     0     0     0
 20210724   07:09:42      0     0     0     0     0     0     0
 20210724   07:09:44      0     0     0     0     0     0     0
 20210724   07:09:45      0    22     0    21    12     0     0
 20210724   07:09:46      0     0     0     0     0     0     0
 20210724   07:09:47      0     0     0     0     0     0     0
 20210724   07:09:48      0     0     0     0     0     0     0
 20210724   07:09:49      0  3547   460    19    12     0     0
 20210724   07:09:50      0     0     0     0     0     0     0
 20210724   07:09:51      0  2519   606     0     0     0     0
 20210724   07:09:52      0     0     0    97     0     0     0
 20210724   07:09:53      0     0     0     0     0     0     0
 20210724   07:09:54      0     0     0     0     0     0     0
 20210724   07:09:56      0  5643   456     0     0     0     0
 20210724   07:09:57      0     0     0     0     0     0     0
 20210724   07:09:58      0     0     0     0     0     0     0
 20210724   07:09:59      0     0     0     0     0     0     0
 20210724   07:10:00      0     0     0     0     0     0     0
 20210724   07:10:01      0     0     0     0     0     0     0
 20210724   07:10:02      0   245     0    11     5     0     0
 20210724   07:10:03      0     0     0     0     0     0     0
 20210724   07:10:04      0     0     0     0     0     0     0
#Date       Time        gpu rxpci txpci    sm   mem   enc   dec
#YYYYMMDD   HH:MM:SS    Idx  MB/s  MB/s     %     %     %     %
 20210724   07:10:06      0     0     0     0     0     0     0
 20210724   07:10:07      0     0     0     0     0     0     0
 20210724   07:10:08      0     0     0    98    28     0     0
 20210724   07:10:09      0     0     0     0     0     0     0
 20210724   07:10:10      0     0     0     0     0     0     0
 20210724   07:10:11      0     0     0     0     0     0     0
 20210724   07:10:12      0     0     0    44     0     0     0
 20210724   07:10:13      0     0     0     0     0     0     0
 20210724   07:10:14      0     0     0     0     0     0     0
 20210724   07:10:15      0     0     0     0     0     0     0
 20210724   07:10:17      0     0     0     0     0     0     0
 20210724   07:10:18      0     0     0     0     0     0     0
 20210724   07:10:19      0     0     0     0     0     0     0
 20210724   07:10:20      0     0     0     0     0     0     0
 20210724   07:10:21      0     0     0     0     0     0     0
 20210724   07:10:22      0     0     0     0     0     0     0
 20210724   07:10:23      0     0     0     0     0     0     0
 20210724   07:10:24      0  3502   397    40    27     0     0
 20210724   07:10:25      0  6743   451     0     0     0     0
 20210724   07:10:26      0     0     0     0     0     0     0
 20210724   07:10:27      0     0     0     0     0     0     0
 20210724   07:10:29      0     0     0     0     0     0     0
 20210724   07:10:30      0  4922   469     0     0     0     0
 20210724   07:10:31      0  3020   544     0     0     0     0
 20210724   07:10:32      0     0     0    28    20     0     0
 20210724   07:10:33      0     0     0     0     0     0     0
 20210724   07:10:34      0     0     0     0     0     0     0
 20210724   07:10:35      0  3583   269     0     0     0     0
 20210724   07:10:36      0     0     0    26    19     0     0
 20210724   07:10:37      0     0     0     0     0     0     0
 20210724   07:10:38      0     0     0    42    28     0     0
 20210724   07:10:40      0     0     0    15     0     0     0
 20210724   07:10:41      0     0     0     0     0     0     0
 20210724   07:10:42      0     0   574     0     0     0     0
 20210724   07:10:43      0     0     0    42    28     0     0
 20210724   07:10:44      0     0     0     0     0     0     0
 20210724   07:10:45      0     0     0     0     0     0     0
 20210724   07:10:46      0     0     0     0     0     0     0
 20210724   07:10:47      0     0     0     0     0     0     0
 20210724   07:10:48      0     0     0     6     3     0     0
 20210724   07:10:49      0     9     0     0     0     0     0
 20210724   07:10:51      0     0     0     0     0     0     0
 20210724   07:10:52      0     0     0     0     0     0     0
 20210724   07:10:53      0     0     0     0     0     0     0
#Date       Time        gpu rxpci txpci    sm   mem   enc   dec
#YYYYMMDD   HH:MM:SS    Idx  MB/s  MB/s     %     %     %     %
 20210724   07:10:54      0     0     0     0     0     0     0
 20210724   07:10:55      0  3375   416     0     0     0     0
 20210724   07:10:56      0     0     0    47     0     0     0
 20210724   07:10:57      0     0     0    42    28     0     0
 20210724   07:10:58      0     0     0     0     0     0     0
 20210724   07:10:59      0     0   598     0     0     0     0
 20210724   07:11:00      0  3560   405     0     0     0     0
 20210724   07:11:01      0     0   122    42    28     0     0
 20210724   07:11:02      0     0     0    26    19     0     0
 20210724   07:11:03      0     0     0     0     0     0     0
 20210724   07:11:05      0     0     0     0     0     0     0
 20210724   07:11:06      0     0     0     0     0     0     0
 20210724   07:11:07      0     0     0    41    28     0     0
 20210724   07:11:08      0     0     0     0     0     0     0
 20210724   07:11:09      0  6301   440     0     0     0     0
 20210724   07:11:10      0     0     0     0     0     0     0
 20210724   07:11:11      0     0     0     0     0     0     0
 20210724   07:11:12      0     0     0     0     0     0     0
 20210724   07:11:13      0  3452   310    42    28     0     0
 20210724   07:11:14      0     0     0     0     0     0     0
 20210724   07:11:16      0     0     0     0     0     0     0
 20210724   07:11:17      0     0     0     0     0     0     0
 20210724   07:11:18      0     0   556     0     0     0     0
 20210724   07:11:19      0     0     0    39    25     0     0
 20210724   07:11:20      0     0     0     0     0     0     0
 20210724   07:11:21      0     0     0     0     0     0     0
 20210724   07:11:22      0     2   415     0     0     0     0
 20210724   07:11:23      0     0     0    42    29     0     0
 20210724   07:11:24      0     0     0     0     0     0     0
 20210724   07:11:26      0  5375   488     5     0     0     0
 20210724   07:11:27      0     0     0    87     0     0     0
 20210724   07:11:28      0     0     0     7     0     0     0
 20210724   07:11:29      0  3521   400   100    10     0     0
 20210724   07:11:30      0  5036   459     0     0     0     0
 20210724   07:11:31      0     0     0    41    28     0     0
 20210724   07:11:32      0     0     0     0     0     0     0
 20210724   07:11:33      0     0     0     0     0     0     0
 20210724   07:11:34      0     0     0     0     0     0     0
 20210724   07:11:35      0  3430   465     0     0     0     0
 20210724   07:11:37      0     0     0     0     0     0     0
 20210724   07:11:38      0     0     0     0     0     0     0
 20210724   07:11:39      0     0     0     0     0     0     0
 20210724   07:11:40      0     0     0    38     0     0     0
 20210724   07:11:41      0     0     0     0     0     0     0
#Date       Time        gpu rxpci txpci    sm   mem   enc   dec
#YYYYMMDD   HH:MM:SS    Idx  MB/s  MB/s     %     %     %     %
 20210724   07:11:42      0   749     0    41    28     0     0
 20210724   07:11:43      0     0     0     0     0     0     0
 20210724   07:11:44      0     0   550     0     0     0     0
 20210724   07:11:45      0     0   299     0     0     0     0
 20210724   07:11:47      0     0     0     0     0     0     0
 20210724   07:11:48      0     0     0     0     0     0     0
 20210724   07:11:49      0     0     0     0     0     0     0
 20210724   07:11:50      0     0   689     0     0     0     0
 20210724   07:11:51      0     0   704     0     0     0     0
 20210724   07:11:52      0     0     0    36    24     0     0
 20210724   07:11:53      0     0     0     0     0     0     0
 20210724   07:11:54      0     0     0     0     0     0     0
 20210724   07:11:55      0     0   511     0     0     0     0
 20210724   07:11:56      0     0     0    21    15     0     0
 20210724   07:11:58      0     0     0     0     0     0     0
 20210724   07:11:59      0     0     0    41    28     0     0
 20210724   07:12:00      0     0     0     0     0     0     0
 20210724   07:12:01      0     0   456     0     0     0     0
 20210724   07:12:02      0     0     0    44     0     0     0
 20210724   07:12:03      0     0     0     0     0     0     0
 20210724   07:12:04      0     0     0     0     0     0     0
 20210724   07:12:06      0     0   599     0     0     0     0
 20210724   07:12:07      0  5030   405     0     0     0     0
 20210724   07:12:08      0     0     0    39    25     0     0
 20210724   07:12:09      0     0     0     0     0     0     0
 20210724   07:12:10      0     0     0     0     0     0     0
 20210724   07:12:11      0  4151   471     0     0     0     0
 20210724   07:12:12      0     0     0     0     0     0     0
 20210724   07:12:13      0     0   717     7     2     0     0
 20210724   07:12:14      0     0     0    25    18     0     0
 20210724   07:12:16      0     0     0     0     0     0     0
 20210724   07:12:17      0     0     0     0     0     0     0
 20210724   07:12:18      0  3559   249    68    28     0     0
 20210724   07:12:19      0     0     0     0     0     0     0
 20210724   07:12:20      0     0     0     0     0     0     0
 20210724   07:12:21      0     0     0     0     0     0     0
 20210724   07:12:22      0     0     0     0     0     0     0
 20210724   07:12:23      0     0   623     0     0     0     0
 20210724   07:12:24      0     0     0     0     0     0     0
 20210724   07:12:25      0     0     0    29    19     0     0
 20210724   07:12:27      0     0     0     0     0     0     0
 20210724   07:12:28      0     0     0    42    28     0     0
 20210724   07:12:29      0     0     0     0     0     0     0
 20210724   07:12:30      0  3501   452    18    11     0     0
#Date       Time        gpu rxpci txpci    sm   mem   enc   dec
#YYYYMMDD   HH:MM:SS    Idx  MB/s  MB/s     %     %     %     %
 20210724   07:12:31      0     0     0     0     0     0     0
 20210724   07:12:32      0     0     0     0     0     0     0
 20210724   07:12:33      0  3843   453     0     0     0     0
 20210724   07:12:34      0     0     0    28    21     0     0
 20210724   07:12:36      0     0     0     0     0     0     0
 20210724   07:12:37      0     0     0     0     0     0     0
 20210724   07:12:38      0     0     0     0     0     0     0
 20210724   07:12:39      0     0   374     0     0     0     0
 20210724   07:12:40      0     0     0     0     0     0     0
 20210724   07:12:41      0     0     0     0     0     0     0
 20210724   07:12:42      0     0     0     0     0     0     0
 20210724   07:12:43      0  3528   446     0     0     0     0
 20210724   07:12:45      0     0     0     0     0     0     0
 20210724   07:12:46      0  4446   448     0     0     0     0
 20210724   07:12:47      0     0     0    49     0     0     0
 20210724   07:12:48      0     0     0     0     0     0     0
 20210724   07:12:49      0     0     0     0     0     0     0
 20210724   07:12:50      0  3668   446     0     0     0     0
 20210724   07:12:51      0     0     0     0     0     0     0
 20210724   07:12:52      0     0     0     0     0     0     0
 20210724   07:12:53      0     0     0     0     0     0     0
 20210724   07:12:54      0     0     0     0     0     0     0
 20210724   07:12:55      0  3144   123     0     0     0     0
 20210724   07:12:57      0     0     0     0     0     0     0
 20210724   07:12:58      0     0     0     0     0     0     0
 20210724   07:12:59      0     0     0     0     0     0     0
 20210724   07:13:00      0     0     0     0     0     0     0
 20210724   07:13:01      0     0     0     0     0     0     0
 20210724   07:13:02      0     0   747     0     0     0     0
 20210724   07:13:03      0   817     0    80    20     0     0
 20210724   07:13:04      0     0     0    42    28     0     0
 20210724   07:13:05      0     0     0     0     0     0     0
 20210724   07:13:06      0     0     0     0     0     0     0
 20210724   07:13:07      0  5938   480     0     0     0     0
 20210724   07:13:08      0  3565   383    21    13     0     0
 20210724   07:13:10      0  1301     8     0     0     0     0
 20210724   07:13:11      0     0     0     1     1     0     0
 20210724   07:13:12      0     0     0     0     0     0     0
 20210724   07:13:13      0     0     0     0     0     0     0
 20210724   07:13:14      0  3726   371     0     0     0     0
 20210724   07:13:15      0     0     0    25    18     0     0
 20210724   07:13:16      0     0     0     0     0     0     0
 20210724   07:13:17      0     0     0    42    28     0     0
 20210724   07:13:18      0     0     0     0     0     0     0
#Date       Time        gpu rxpci txpci    sm   mem   enc   dec
#YYYYMMDD   HH:MM:SS    Idx  MB/s  MB/s     %     %     %     %
 20210724   07:13:19      0     0     0     0     0     0     0
 20210724   07:13:21      0  3229   397    39    26     0     0
 20210724   07:13:22      0     0     0    42    28     0     0
 20210724   07:13:23      0     0     0     0     0     0     0
 20210724   07:13:24      0     0     0     0     0     0     0
 20210724   07:13:25      0     0     0     0     0     0     0
 20210724   07:13:26      0     0    92     0     0     0     0
 20210724   07:13:27      0     0     0     0     0     0     0
 20210724   07:13:28      0     0     0     0     0     0     0
 20210724   07:13:30      0     0     0     0     0     0     0
 20210724   07:13:31      0     0     0    14    10     0     0
 20210724   07:13:32      0     0     0     0     0     0     0
 20210724   07:13:33      0     0     0    42    28     0     0
 20210724   07:13:34      0     0     0     0     0     0     0
 20210724   07:13:35      0     0     0     0     0     0     0
 20210724   07:13:36      0   610   754     0     0     0     0
 20210724   07:13:37      0     0     0    41    28     0     0
 20210724   07:13:38      0     0     0     0     0     0     0
 20210724   07:13:39      0     0     0     0     0     0     0
 20210724   07:13:40      0     0     0     0     0     0     0
 20210724   07:13:42      0     0     0     0     0     0     0
 20210724   07:13:43      0     0     0    39    25     0     0
 20210724   07:13:44      0  5245   408     0     0     0     0
 20210724   07:13:45      0     0     0     0     0     0     0
 20210724   07:13:46      0     0     0     0     0     0     0
 20210724   07:13:47      0     0     0     0     0     0     0
 20210724   07:13:48      0     0     0     0     0     0     0
 20210724   07:13:49      0  3635   387     8     3     0     0
 20210724   07:13:50      0     0     0     4     0     0     0
 20210724   07:13:51      0     0     0     4     2     0     0
 20210724   07:13:52      0     0     0     0     0     0     0
 20210724   07:13:54      0  3563   425     0     0     0     0
 20210724   07:13:55      0   854     0    50    10     0     0
 20210724   07:13:56      0     0     0    47    20     0     0
 20210724   07:13:57      0     0     0     0     0     0     0
 20210724   07:13:58      0     0     0     0     0     0     0
 20210724   07:13:59      0     0     0     0     0     0     0
 20210724   07:14:00      0     0     0     0     0     0     0
 20210724   07:14:01      0     0     0     0     0     0     0
 20210724   07:14:02      0     0     0     0     0     0     0
 20210724   07:14:04      0     0     0     0     0     0     0
 20210724   07:14:05      0     0     0     0     0     0     0
 20210724   07:14:06      0  3292   375    54    28     0     0
 20210724   07:14:07      0  3583   449     0     0     0     0
#Date       Time        gpu rxpci txpci    sm   mem   enc   dec
#YYYYMMDD   HH:MM:SS    Idx  MB/s  MB/s     %     %     %     %
 20210724   07:14:08      0     0     0     0     0     0     0
 20210724   07:14:09      0     0     0     0     0     0     0
 20210724   07:14:10      0  3306   551     0     0     0     0
 20210724   07:14:11      0  6103   473     0     0     0     0
 20210724   07:14:12      0  3450   500    15     8     0     0
 20210724   07:14:13      0     0     0    39    25     0     0
 20210724   07:14:14      0     0     0     0     0     0     0
 20210724   07:14:16      0     0     0     0     0     0     0
 20210724   07:14:17      0  5611   474     0     0     0     0
 20210724   07:14:18      0     0     0     0     0     0     0
 20210724   07:14:19      0     0   424     0     0     0     0
 20210724   07:14:20      0     0     0    36    27     0     0
 20210724   07:14:21      0     0     0     0     0     0     0
 20210724   07:14:22      0     0     0     0     0     0     0
 20210724   07:14:23      0  5211   432     0     0     0     0
 20210724   07:14:24      0     0     0    42    28     0     0
 20210724   07:14:25      0     0     0     0     0     0     0
 20210724   07:14:27      0     0     0     0     0     0     0
 20210724   07:14:28      0     0     0     0     0     0     0
 20210724   07:14:29      0     0     0     0     0     0     0
 20210724   07:14:30      0     0     0    16    12     0     0
 20210724   07:14:31      0     0   611    43    27     0     0
 20210724   07:14:32      0     0     0     0     0     0     0
 20210724   07:14:33      0     0     0     0     0     0     0
 20210724   07:14:34      0     0     0     0     0     0     0
 20210724   07:14:35      0     0     0     0     0     0     0
 20210724   07:14:37      0     0     0     0     0     0     0
 20210724   07:14:38      0     0     0     0     0     0     0
 20210724   07:14:39      0     0     0     0     0     0     0
 20210724   07:14:40      0     0     0     0     0     0     0
 20210724   07:14:41      0     0     0     0     0     0     0
 20210724   07:14:42      0     0     0     0     0     0     0
 20210724   07:14:43      0     0     0     0     0     0     0
 20210724   07:14:44      0     0     0     0     0     0     0
 20210724   07:14:45      0     0     0     0     0     0     0
 20210724   07:14:46      0     0     0     0     0     0     0
 20210724   07:14:48      0     0     0     0     0     0     0
 20210724   07:14:49      0     0     0     0     0     0     0
 20210724   07:14:50      0     0     0     0     0     0     0
 20210724   07:14:51      0     0     0     0     0     0     0
 20210724   07:14:52      0     0     0     0     0     0     0
 20210724   07:14:53      0     0     0     0     0     0     0
 20210724   07:14:54      0     0     0     0     0     0     0
 20210724   07:14:55      0     0     0     0     0     0     0
#Date       Time        gpu rxpci txpci    sm   mem   enc   dec
#YYYYMMDD   HH:MM:SS    Idx  MB/s  MB/s     %     %     %     %
 20210724   07:14:56      0     0     0     0     0     0     0
 20210724   07:14:58      0     0     0     0     0     0     0
 20210724   07:14:59      0     0     0     0     0     0     0
 20210724   07:15:00      0     0     0     0     0     0     0
 20210724   07:15:01      0     0     0     0     0     0     0
 20210724   07:15:02      0     0     0     0     0     0     0
 20210724   07:15:03      0     0     0     0     0     0     0
 20210724   07:15:04      0     0     0     0     0     0     0
 20210724   07:15:05      0     0     0     0     0     0     0
 20210724   07:15:06      0     0     0     0     0     0     0
 20210724   07:15:08      0     0     0     0     0     0     0
 20210724   07:15:09      0     0     0     0     0     0     0
 20210724   07:15:10      0     0     0     0     0     0     0
 20210724   07:15:11      0     0     0     0     0     0     0
