 0  0      0 59331928   2088 2334804    0    0    22    18  169  165 10  1 89  0  0 2021-07-24 07:08:37
 0  0      0 59331928   2088 2334804    0    0     0     0  514  868  0  0 100  0  0 2021-07-24 07:08:38
 0  0      0 59330052   2088 2334812    0    0     0     0  614  920  0  0 100  0  0 2021-07-24 07:08:39
 0  0      0 59331024   2088 2334812    0    0     0     0  697  975  0  0 100  0  0 2021-07-24 07:08:40
 0  0      0 59331076   2088 2334816    0    0     0   332  515  835  0  0 100  0  0 2021-07-24 07:08:41
 0  0      0 59331076   2088 2334816    0    0     0     0  483  859  0  0 100  0  0 2021-07-24 07:08:42
 0  0      0 59331076   2088 2334816    0    0     0     0  477  845  0  0 100  0  0 2021-07-24 07:08:43
 0  0      0 59331076   2088 2334816    0    0     0     6  482  857  0  0 100  0  0 2021-07-24 07:08:44
 0  0      0 59329924   2088 2334824    0    0     0     0  768 1122  0  0 100  0  0 2021-07-24 07:08:45
 0  0      0 59329924   2088 2334824    0    0     0     0  507  908  0  0 100  0  0 2021-07-24 07:08:46
 0  0      0 59330200   2088 2334828    0    0     0     0  498  878  0  0 100  0  0 2021-07-24 07:08:47
 0  0      0 59330200   2088 2334828    0    0     0     0  529  931  0  0 100  0  0 2021-07-24 07:08:48
 0  0      0 59330200   2088 2334828    0    0     0     0  473  841  0  0 100  0  0 2021-07-24 07:08:49
 0  0      0 59329456   2088 2334828    0    0     0     0 1004 1005  0  0 100  0  0 2021-07-24 07:08:50
 0  0      0 59330580   2088 2334828    0    0     0     0  698  999  0  0 100  0  0 2021-07-24 07:08:51
 0  0      0 59330580   2088 2334832    0    0     0     0  523  922  0  0 100  0  0 2021-07-24 07:08:52
 0  0      0 59330580   2088 2334832    0    0     0     0  615 1008  0  0 100  0  0 2021-07-24 07:08:53
 0  0      0 59330580   2088 2334832    0    0     0     0  517  900  0  0 100  0  0 2021-07-24 07:08:54
 0  0      0 59330580   2088 2334832    0    0     0     0  499  879  0  0 100  0  0 2021-07-24 07:08:55
 0  0      0 59330580   2088 2334832    0    0     0     0  516  905  0  0 100  0  0 2021-07-24 07:08:56
 0  0      0 59330580   2088 2334832    0    0     0     0  503  891  0  0 100  0  0 2021-07-24 07:08:57
 0  0      0 59330580   2088 2334832    0    0     0     0  513  890  0  0 100  0  0 2021-07-24 07:08:58
 0  0      0 59330580   2088 2334832    0    0     0     0  507  902  0  0 100  0  0 2021-07-24 07:08:59
 0  0      0 59330580   2088 2334832    0    0     0     0  511  902  0  0 100  0  0 2021-07-24 07:09:00
 0  0      0 59329456   2088 2334832    0    0     0     0  625  939  0  0 100  0  0 2021-07-24 07:09:01
 2  0      0 59330092   2088 2334960    0    0     0    21  773 1076  0  0 100  0  0 2021-07-24 07:09:02
 0  0      0 59330092   2088 2334960    0    0     0     0  523  930  0  0 100  0  0 2021-07-24 07:09:03
 0  0      0 59330092   2088 2334960    0    0     0     0  493  879  0  0 100  0  0 2021-07-24 07:09:04
 0  0      0 59330092   2088 2334960    0    0     0     0  497  886  0  0 100  0  0 2021-07-24 07:09:05
 0  0      0 59330092   2088 2334960    0    0     0     0  504  880  0  0 100  0  0 2021-07-24 07:09:06
 0  0      0 59329968   2088 2334964    0    0     0     0  955 1032  0  0 100  0  0 2021-07-24 07:09:07
 0  0      0 59329968   2088 2334964    0    0     0     0  519  914  0  0 100  0  0 2021-07-24 07:09:08
 0  0      0 59329968   2088 2334964    0    0     0     0  504  884  0  0 100  0  0 2021-07-24 07:09:09
 1  0      0 59226472   2088 2334972    0    0     0     0 2568 1630 15  7 78  0  0 2021-07-24 07:09:10
 0  0      0 59153900   2088 2334972    0    0     0     0 2705 2059 11  7 82  0  0 2021-07-24 07:09:11
 1  0      0 58713220   2088 2345212    0    0     9     4 2233 1911  6  4 90  0  0 2021-07-24 07:09:12
 1  0      0 58074140   2088 2345224    0    0     0     0 1007 1084  9  4 87  0  0 2021-07-24 07:09:13
 1  0      0 57381300   2088 2345224    0    0     0     0  809  975  8  4 87  0  0 2021-07-24 07:09:14
 1  0      0 56733476   2088 2345224    0    0     0    90  861 1023  9  3 87  0  0 2021-07-24 07:09:15
 1  0      0 56618244   2088 2384924    0    0     0     0 5922 2424 15  3 82  0  0 2021-07-24 07:09:16
 1  0      0 56456640   2088 2465392    0    0     0   432 1755 1695 18  2 81  0  0 2021-07-24 07:09:17
 1  0      0 56379360   2088 2540820    0    0     0     0 2477 2274 22  2 76  0  0 2021-07-24 07:09:18
 1  0      0 56349228   2088 2540820    0    0     0     0 1493 1512 17  0 82  0  0 2021-07-24 07:09:19
 1  0      0 56391640   2088 2540820    0    0     0     0 2391 2205 23  1 76  0  0 2021-07-24 07:09:20
 2  0      0 56391396   2088 2540820    0    0     0     0 2583 2168 25  4 71  0  0 2021-07-24 07:09:21
 1  0      0 56391528   2088 2540820    0    0     0     0 2546 2240 24  3 73  0  0 2021-07-24 07:09:22
 4  0      0 56373388   2088 2540824    0    0     0     0 2703 2164 21  2 77  0  0 2021-07-24 07:09:23
 4  0      0 56374556   2088 2540840    0    0     0     0 2681 2277 25  2 73  0  0 2021-07-24 07:09:24
 6  0      0 56374436   2088 2540840    0    0     0     0 2561 2247 27  1 72  0  0 2021-07-24 07:09:25
 1  0      0 56374440   2088 2540840    0    0     0     0 2403 2127 25  2 73  0  0 2021-07-24 07:09:26
 1  0      0 56344064   2088 2540840    0    0     0     4 2175 1966 22  2 76  0  0 2021-07-24 07:09:27
 1  0      0 56343204   2088 2540840    0    0     0     0 2629 2329 25  1 74  0  0 2021-07-24 07:09:28
 4  0      0 56342088   2088 2540840    0    0     0     0 2157 1992 22  1 77  0  0 2021-07-24 07:09:29
 1  0      0 56341592   2088 2540840    0    0     0     0 2915 2335 25  2 73  0  0 2021-07-24 07:09:30
 1  0      0 56348908   2088 2540848    0    0     0     0 1772 1740 20  0 80  0  0 2021-07-24 07:09:31
 1  0      0 56381024   2088 2540848    0    0     0     0 1696 1592 18  1 80  0  0 2021-07-24 07:09:32
 1  0      0 56370116   2088 2540848    0    0     0     0 2127 1967 22  1 77  0  0 2021-07-24 07:09:33
 1  0      0 56367888   2088 2540848    0    0     0     0 2173 1955 23  1 76  0  0 2021-07-24 07:09:34
 2  0      0 56383512   2088 2540848    0    0     0     0 1734 1618 20  1 79  0  0 2021-07-24 07:09:35
 1  0      0 56350908   2088 2540852    0    0     0     0 2617 2300 25  2 73  0  0 2021-07-24 07:09:36
 4  0      0 56350912   2088 2540852    0    0     0     0 2621 2176 26  3 71  0  0 2021-07-24 07:09:37
 4  0      0 56350792   2088 2540852    0    0     0     0 2586 2311 25  2 74  0  0 2021-07-24 07:09:38
 4  0      0 56351044   2088 2540860    0    0     0     0 2574 2054 23  1 76  0  0 2021-07-24 07:09:39
 1  0      0 56350304   2088 2540860    0    0     0     0 2443 2194 24  2 74  0  0 2021-07-24 07:09:40
 2  0      0 56349564   2088 2540860    0    0     0     0 2516 2153 24  3 73  0  0 2021-07-24 07:09:41
 1  0      0 56350068   2088 2540860    0    0     0     0 2304 2058 22  2 75  0  0 2021-07-24 07:09:42
 4  0      0 56387148   2088 2540860    0    0     0    12 2346 2142 23  1 75  0  0 2021-07-24 07:09:43
 1  0      0 56356400   2088 2540860    0    0     0     0 2414 2192 24  1 75  0  0 2021-07-24 07:09:44
 1  0      0 56338420   2088 2540860    0    0     0     0 2231 2089 22  1 76  0  0 2021-07-24 07:09:45
 4  0      0 56338668   2088 2540868    0    0     0    31 2602 2337 27  1 72  0  0 2021-07-24 07:09:46
 1  0      0 56355036   2088 2540868    0    0     0     0 1881 1807 19  1 80  0  0 2021-07-24 07:09:47
 1  0      0 56355656   2088 2540872    0    0     0     8 1429 1474 17  0 82  0  0 2021-07-24 07:09:48
 1  0      0 56355040   2088 2540872    0    0     0     0 2104 2004 21  1 78  0  0 2021-07-24 07:09:49
 4  0      0 56355044   2088 2540872    0    0     0     0 2240 1996 22  1 77  0  0 2021-07-24 07:09:50
 1  0      0 56378608   2088 2540872    0    0     0     0 1936 1808 20  2 79  0  0 2021-07-24 07:09:51
 4  0      0 56358400   2088 2540872    0    0     0     0 2632 2335 26  1 72  0  0 2021-07-24 07:09:52
 2  0      0 56358404   2088 2540872    0    0     0     0 2644 2234 25  4 72  0  0 2021-07-24 07:09:53
 4  0      0 56355680   2088 2540880    0    0     0     0 2056 1900 21  1 77  0  0 2021-07-24 07:09:54
 1  0      0 56355192   2088 2540880    0    0     0     0 2976 2202 25  3 72  0  0 2021-07-24 07:09:55
 4  0      0 56354948   2088 2540880    0    0     0     0 2429 2184 25  1 74  0  0 2021-07-24 07:09:56
 1  0      0 56355324   2088 2540880    0    0     0     0 2451 2090 25  2 73  0  0 2021-07-24 07:09:57
 1  0      0 56391456   2088 2540880    0    0     0   216 2177 1978 22  2 76  0  0 2021-07-24 07:09:58
 4  0      0 56361504   2088 2540880    0    0     0     0 2686 2342 25  2 73  0  0 2021-07-24 07:09:59
 4  0      0 56360264   2088 2540888    0    0     0     0 2434 2252 23  1 75  0  0 2021-07-24 07:10:00
 1  0      0 56341292   2088 2540884    0    0     0     0 2630 2369 24  1 75  0  0 2021-07-24 07:10:01
 1  0      0 56292560   2088 2540900    0    0     0     0 1948 1823 20  1 78  0  0 2021-07-24 07:10:02
 1  0      0 56292932   2088 2540900    0    0     0     0 1870 1744 20  1 79  0  0 2021-07-24 07:10:03
 2  0      0 56345136   2088 2540900    0    0     0     0 1725 1682 18  1 80  0  0 2021-07-24 07:10:04
 4  0      0 56345144   2088 2540900    0    0     0     0 2526 2238 25  1 74  0  0 2021-07-24 07:10:05
 1  0      0 56290832   2088 2540900    0    0     0     0 1545 1554 18  0 82  0  0 2021-07-24 07:10:06
 4  0      0 56357176   2088 2540900    0    0     0     0 3016 2827 26  1 73  0  0 2021-07-24 07:10:07
 2  0      0 56356064   2088 2540900    0    0     0     4 2776 2468 23  3 73  0  0 2021-07-24 07:10:08
 1  0      0 56355924   2088 2540924    0    0     0     0 2543 2225 24  2 73  0  0 2021-07-24 07:10:09
 4  0      0 56355804   2088 2540924    0    0     0     0 2324 2174 23  1 76  0  0 2021-07-24 07:10:10
 1  0      0 56356180   2088 2540928    0    0     0     0 2838 2187 25  2 73  0  0 2021-07-24 07:10:11
 4  0      0 56355936   2088 2540928    0    0     0     0 2492 2203 25  2 73  0  0 2021-07-24 07:10:12
 1  0      0 56356808   2088 2540928    0    0     0     0 2407 2123 24  2 74  0  0 2021-07-24 07:10:13
 4  0      0 56391160   2088 2540928    0    0     0     0 2159 1992 21  2 77  0  0 2021-07-24 07:10:14
 1  0      0 56360664   2088 2540936    0    0     0     0 2647 2341 24  2 74  0  0 2021-07-24 07:10:15
 1  0      0 56375792   2088 2540936    0    0     0     0 2144 1948 22  1 76  0  0 2021-07-24 07:10:16
 4  0      0 56358432   2088 2540936    0    0     0    62 2611 2247 26  2 72  0  0 2021-07-24 07:10:17
 4  0      0 56353968   2088 2540936    0    0     0     8 1671 1720 17  1 82  0  0 2021-07-24 07:10:18
 1  0      0 56375668   2088 2540936    0    0     0     0 1863 1729 20  1 78  0  0 2021-07-24 07:10:19
 1  0      0 56345292   2088 2540936    0    0     0     0 2118 1966 22  1 77  0  0 2021-07-24 07:10:20
 1  0      0 56345788   2088 2540936    0    0     0     0 2114 1939 21  1 77  0  0 2021-07-24 07:10:21
 2  0      0 56382992   2088 2540936    0    0     0     0 1679 1614 19  1 80  0  0 2021-07-24 07:10:22
 4  0      0 56349888   2088 2540936    0    0     0     0 2589 2244 24  2 74  0  0 2021-07-24 07:10:23
 4  0      0 56350268   2088 2540944    0    0     0     0 2445 2090 24  3 73  0  0 2021-07-24 07:10:24
 4  0      0 56350516   2088 2540948    0    0     0     0 2566 2229 25  2 73  0  0 2021-07-24 07:10:25
 1  0      0 56350772   2088 2540948    0    0     0     0 2197 2043 22  1 77  0  0 2021-07-24 07:10:26
 1  0      0 56350156   2088 2540948    0    0     0     0 2849 2193 24  2 74  0  0 2021-07-24 07:10:27
 4  0      0 56276132   2088 2540948    0    0     0     0 2566 2255 26  1 73  0  0 2021-07-24 07:10:28
 1  0      0 56317808   2088 2540948    0    0     0     8 2299 2041 22  3 75  0  0 2021-07-24 07:10:29
 4  0      0 56381164   2088 2540948    0    0     0     0 2309 2045 24  1 75  0  0 2021-07-24 07:10:30
 1  0      0 56360592   2088 2540956    0    0     0     0 2561 2258 24  2 74  0  0 2021-07-24 07:10:31
 2  0      0 56339016   2088 2540956    0    0     0     0 2286 2081 23  2 75  0  0 2021-07-24 07:10:32
 1  0      0 56338520   2088 2540956    0    0     0     0 2522 2297 25  1 74  0  0 2021-07-24 07:10:33
 4  0      0 56342664   2088 2540956    0    0     0   324 1824 1723 19  2 79  0  0 2021-07-24 07:10:34
 5  0      0 56344400   2088 2540956    0    0     0     0 1672 1623 19  0 80  0  0 2021-07-24 07:10:35
 1  0      0 56343976   2088 2540956    0    0     0     0 1967 1832 20  2 78  0  0 2021-07-24 07:10:36
 1  0      0 56343860   2088 2540956    0    0     0     0 2366 2158 23  1 76  0  0 2021-07-24 07:10:37
 4  0      0 56389372   2088 2540956    0    0     0     0 1831 1738 19  1 80  0  0 2021-07-24 07:10:38
 4  0      0 56356888   2088 2540964    0    0     0     0 2562 2254 26  1 73  0  0 2021-07-24 07:10:39
 4  0      0 56356768   2088 2540964    0    0     0     0 2535 2158 25  2 73  0  0 2021-07-24 07:10:40
 1  0      0 56356524   2088 2540964    0    0     0     0 2407 2082 24  2 74  0  0 2021-07-24 07:10:41
 4  0      0 56357024   2088 2540964    0    0     0     0 2442 2171 25  1 74  0  0 2021-07-24 07:10:42
 2  0      0 56357276   2088 2540964    0    0     0     0 2746 2090 23  3 74  0  0 2021-07-24 07:10:43
 1  0      0 56357036   2088 2540968    0    0     0     0 2597 2281 24  3 73  0  0 2021-07-24 07:10:44
 1  0      0 56319092   2088 2540968    0    0     0     0 2056 1897 21  2 77  0  0 2021-07-24 07:10:45
 1  0      0 56379244   2088 2540976    0    0     0     0 2706 2364 25  2 73  0  0 2021-07-24 07:10:46
 1  0      0 56358908   2088 2540976    0    0     0    31 2439 2185 26  1 73  0  0 2021-07-24 07:10:47
 1  0      0 56357544   2088 2540976    0    0     0     5 2155 2036 22  1 77  0  0 2021-07-24 07:10:48
 1  0      0 56357668   2088 2540976    0    0     0     8 2377 2227 24  1 75  0  0 2021-07-24 07:10:49
 1  0      0 56347872   2088 2540976    0    0     0     0 1817 1742 18  2 80  0  0 2021-07-24 07:10:50
 4  0      0 56345020   2088 2540976    0    0     0     0 1493 1477 18  1 81  0  0 2021-07-24 07:10:51
 1  0      0 56344652   2088 2540976    0    0     0     0 2302 2130 24  1 75  0  0 2021-07-24 07:10:52
 1  0      0 56341184   2088 2540984    0    0     0     0 1930 1794 20  1 78  0  0 2021-07-24 07:10:53
 4  0      0 56360036   2088 2540984    0    0     0     0 2016 1871 20  2 78  0  0 2021-07-24 07:10:54
 2  0      0 56358552   2088 2540984    0    0     0     0 2813 2479 27  2 71  0  0 2021-07-24 07:10:55
 2  0      0 56358432   2088 2540984    0    0     0     0 2500 2057 24  4 72  0  0 2021-07-24 07:10:56
 2  0      0 56352112   2088 2540984    0    0     0     0 2276 2032 24  1 74  0  0 2021-07-24 07:10:57
 4  0      0 56351872   2088 2540984    0    0     0     0 2498 2212 23  2 75  0  0 2021-07-24 07:10:58
 1  0      0 56352000   2088 2540984    0    0     0     7 2795 2346 26  1 73  0  0 2021-07-24 07:10:59
 1  0      0 56352376   2088 2540992    0    0     0     0 2592 2145 24  2 74  0  0 2021-07-24 07:11:00
 1  0      0 56376064   2088 2540996    0    0     0     0 2014 1812 21  2 77  0  0 2021-07-24 07:11:01
 4  0      0 56355612   2088 2540996    0    0     0     0 2725 2403 26  2 73  0  0 2021-07-24 07:11:02
 1  0      0 56346560   2088 2540996    0    0     0     0 2432 2226 24  1 74  0  0 2021-07-24 07:11:03
 1  0      0 56353628   2088 2540996    0    0     0     0 2258 2087 23  1 76  0  0 2021-07-24 07:11:04
 1  0      0 56386052   2088 2540996    0    0     0     0 1899 1775 21  1 78  0  0 2021-07-24 07:11:05
 1  0      0 56377436   2088 2540996    0    0     0     0 1903 1780 20  2 79  0  0 2021-07-24 07:11:06
 1  0      0 56328088   2088 2540996    0    0     0     0 1786 1743 19  1 80  0  0 2021-07-24 07:11:07
 4  0      0 56391548   2088 2541004    0    0     0     0 2564 2302 25  1 73  0  0 2021-07-24 07:11:08
 1  0      0 56293232   2088 2541004    0    0     0     0 1428 1520 16  1 83  0  0 2021-07-24 07:11:09
 4  0      0 56348912   2088 2541004    0    0     0    44 2689 2463 26  1 73  0  0 2021-07-24 07:11:10
 1  0      0 56349540   2088 2541004    0    0     0     0 2631 2153 25  4 71  0  0 2021-07-24 07:11:11
 1  0      0 56349420   2088 2541004    0    0     0     0 2577 2236 25  2 72  0  0 2021-07-24 07:11:12
 4  0      0 56346448   2088 2541004    0    0     0     0 2335 2128 23  2 75  0  0 2021-07-24 07:11:13
 1  0      0 56345956   2088 2541004    0    0     0     0 2396 2163 24  2 75  0  0 2021-07-24 07:11:14
 4  0      0 56345960   2088 2541012    0    0     0     8 2610 2245 27  1 72  0  0 2021-07-24 07:11:15
 4  0      0 56345964   2088 2541012    0    0     0     0 2733 2093 24  2 74  0  0 2021-07-24 07:11:16
 4  0      0 56378704   2088 2541012    0    0     0     0 2228 1992 23  2 76  0  0 2021-07-24 07:11:17
 1  0      0 56358748   2088 2541012    0    0     0    64 2600 2347 24  2 74  0  0 2021-07-24 07:11:18
 4  0      0 56357012   2088 2541012    0    0     0     0 2137 1994 22  1 77  0  0 2021-07-24 07:11:19
 1  0      0 56356392   2088 2541012    0    0     0   116 2578 2294 26  2 72  0  0 2021-07-24 07:11:20
 4  0      0 56318944   2088 2541012    0    0     0     0 1772 1769 19  1 80  0  0 2021-07-24 07:11:21
 1  0      0 56333576   2088 2541020    0    0     0     0 1650 1632 17  1 81  0  0 2021-07-24 07:11:22
 1  0      0 56332464   2088 2541020    0    0     0     0 2174 2005 22  1 77  0  0 2021-07-24 07:11:23
 1  0      0 56332840   2088 2541020    0    0     0     0 2163 1945 23  1 76  0  0 2021-07-24 07:11:24
 1  0      0 56391000   2088 2541020    0    0     0     0 1819 1741 19  1 80  0  0 2021-07-24 07:11:25
 1  0      0 56358268   2088 2541020    0    0     0     0 2596 2317 27  1 73  0  0 2021-07-24 07:11:26
 4  0      0 56358644   2088 2541020    0    0     0     0 2539 2102 25  3 72  0  0 2021-07-24 07:11:27
 1  0      0 56358648   2088 2541020    0    0     0     0 2319 1848 23  4 72  0  0 2021-07-24 07:11:28
 2  0      0 56352324   2088 2541020    0    0     0     0 1980 1671 21  3 76  0  0 2021-07-24 07:11:29
 1  0      0 56352328   2088 2541020    0    0     0     4 2250 1899 22  4 74  0  0 2021-07-24 07:11:30
 1  0      0 56314020   2088 2541020    0    0     0     0 2375 2097 23  2 74  0  0 2021-07-24 07:11:31
 4  0      0 56352092   2088 2541032    0    0     0     0 2964 2241 25  2 72  0  0 2021-07-24 07:11:32
 1  0      0 56339324   2088 2541032    0    0     0     0 2113 1911 21  2 77  0  0 2021-07-24 07:11:33
 1  0      0 56380500   2088 2541036    0    0     0     0 2653 2361 24  2 74  0  0 2021-07-24 07:11:34
 1  0      0 56359792   2088 2541036    0    0     0     0 2338 2122 23  1 76  0  0 2021-07-24 07:11:35
 1  0      0 56358800   2088 2541036    0    0     0     0 2248 2016 23  2 75  0  0 2021-07-24 07:11:36
 1  0      0 56358676   2088 2541040    0    0     0     0 2476 2213 25  1 74  0  0 2021-07-24 07:11:37
 1  0      0 56347640   2088 2541048    0    0     0     0 1901 1779 19  1 79  0  0 2021-07-24 07:11:38
 4  0      0 56334248   2088 2541048    0    0     0     0 1460 1459 18  1 82  0  0 2021-07-24 07:11:39
 2  0      0 56332884   2088 2541048    0    0     0     0 1723 1196 17  8 75  0  0 2021-07-24 07:11:40
 4  0      0 56332644   2088 2541048    0    0     0     0 2484 2224 24  2 74  0  0 2021-07-24 07:11:41
 1  0      0 56283044   2088 2541048    0    0     0     0 1431 1480 17  0 83  0  0 2021-07-24 07:11:42
 1  0      0 56352236   2088 2541048    0    0     0     0 2524 2201 25  1 73  0  0 2021-07-24 07:11:43
 2  0      0 56351376   2088 2541048    0    0     0     0 2573 2121 24  4 72  0  0 2021-07-24 07:11:44
 4  0      0 56351632   2088 2541048    0    0     0    40 2650 2205 26  3 71  0  0 2021-07-24 07:11:45
 1  0      0 56352504   2088 2541048    0    0     0     0 2402 2130 25  1 74  0  0 2021-07-24 07:11:46
 4  0      0 56351520   2088 2541056    0    0     0     0 2505 2149 25  2 73  0  0 2021-07-24 07:11:47
 1  0      0 56351896   2088 2541056    0    0     0     0 2849 2267 25  1 74  0  0 2021-07-24 07:11:48
 1  0      0 56351776   2088 2541056    0    0     0    38 2400 2139 23  2 75  0  0 2021-07-24 07:11:49
 4  0      0 56381044   2088 2541060    0    0     0     8 2256 2037 23  2 76  0  0 2021-07-24 07:11:50
 1  0      0 56360840   2088 2541060    0    0     0     0 2683 2339 25  1 73  0  0 2021-07-24 07:11:51
 1  0      0 56348936   2088 2541060    0    0     0     0 2157 1986 22  1 76  0  0 2021-07-24 07:11:52
 1  0      0 56347944   2088 2541060    0    0     0     0 2588 2341 25  2 74  0  0 2021-07-24 07:11:53
 1  0      0 56343852   2088 2541068    0    0     0     0 1843 1766 20  1 79  0  0 2021-07-24 07:11:54
 1  0      0 56339636   2088 2541068    0    0     0     0 1657 1619 17  1 82  0  0 2021-07-24 07:11:55
 1  0      0 56322404   2088 2541068    0    0     0     8 2094 2003 20  1 78  0  0 2021-07-24 07:11:56
 1  0      0 56322652   2088 2541068    0    0     0     0 2076 1914 21  1 77  0  0 2021-07-24 07:11:57
 4  0      0 56381060   2088 2541068    0    0     0     0 1886 1761 19  2 79  0  0 2021-07-24 07:11:58
 1  0      0 56348084   2088 2541068    0    0     0     0 2613 2316 26  1 73  0  0 2021-07-24 07:11:59
 4  0      0 56348212   2088 2541068    0    0     0     0 2523 2168 25  3 73  0  0 2021-07-24 07:12:00
 1  0      0 56348092   2088 2541076    0    0     0     0 2543 2192 25  2 73  0  0 2021-07-24 07:12:01
 1  0      0 56348096   2088 2541076    0    0     0     0 2245 1995 23  1 75  0  0 2021-07-24 07:12:02
 4  0      0 56348224   2088 2541076    0    0     0     0 2420 2133 24  2 74  0  0 2021-07-24 07:12:03
 1  0      0 56348596   2088 2541076    0    0     0     0 2915 2154 24  3 73  0  0 2021-07-24 07:12:04
 2  0      0 56347984   2088 2541076    0    0     0     0 2324 2052 24  1 75  0  0 2021-07-24 07:12:05
 2  0      0 56370064   2088 2541076    0    0     0     4 2506 2196 24  2 74  0  0 2021-07-24 07:12:06
 5  0      0 56349360   2088 2541076    0    0     0     0 2548 2210 26  1 72  0  0 2021-07-24 07:12:07
 1  0      0 56347992   2088 2541076    0    0     0     0 2219 2086 22  2 77  0  0 2021-07-24 07:12:08
 1  0      0 56348244   2088 2541084    0    0     0     0 2741 2534 26  1 73  0  0 2021-07-24 07:12:09
 1  0      0 56342896   2088 2541084    0    0     0     0 1992 1984 18  2 80  0  0 2021-07-24 07:12:10
 1  0      0 56322436   2088 2541084    0    0     0     0 1322 1377 15  1 84  0  0 2021-07-24 07:12:11
 1  0      0 56322440   2088 2541088    0    0     0     0 2128 1978 22  1 77  0  0 2021-07-24 07:12:12
 4  0      0 56321824   2088 2541088    0    0     0     0 2158 1942 22  1 77  0  0 2021-07-24 07:12:13
 1  0      0 56370064   2088 2541088    0    0     0     0 1915 1773 20  1 78  0  0 2021-07-24 07:12:14
 1  0      0 56347996   2088 2541088    0    0     0     0 2612 2335 26  1 73  0  0 2021-07-24 07:12:15
 2  0      0 56348000   2088 2541096    0    0     0     0 2589 2145 25  4 71  0  0 2021-07-24 07:12:16
 4  0      0 56348004   2088 2541096    0    0     0     0 2049 1859 22  1 77  0  0 2021-07-24 07:12:17
 1  0      0 56348008   2088 2541096    0    0     0     0 2685 2261 25  3 72  0  0 2021-07-24 07:12:18
 4  0      0 56348016   2088 2541096    0    0     0    61 2479 2261 24  1 74  0  0 2021-07-24 07:12:19
 4  0      0 56347896   2088 2541096    0    0     0     0 2780 2151 24  2 74  0  0 2021-07-24 07:12:20
 1  0      0 56380680   2088 2541096    0    0     0    48 2109 1932 20  2 78  0  0 2021-07-24 07:12:21
 1  0      0 56350140   2088 2541096    0    0     0     0 2668 2339 25  2 73  0  0 2021-07-24 07:12:22
 1  0      0 56349396   2088 2541104    0    0     0     0 2382 2241 23  1 76  0  0 2021-07-24 07:12:23
 1  0      0 56347908   2088 2541104    0    0     0     0 2165 2010 22  2 77  0  0 2021-07-24 07:12:24
 1  0      0 56321124   2088 2541104    0    0     0     0 2115 1961 22  1 77  0  0 2021-07-24 07:12:25
 1  0      0 56290620   2088 2541104    0    0     0     0 1870 1781 20  1 79  0  0 2021-07-24 07:12:26
 2  0      0 56321992   2088 2541104    0    0     0     0 1726 1622 20  1 79  0  0 2021-07-24 07:12:27
 4  0      0 56322248   2088 2541104    0    0     0     0 2458 2185 24  2 74  0  0 2021-07-24 07:12:28
 1  0      0 56322372   2088 2541104    0    0     0     0 1517 1552 18  0 82  0  0 2021-07-24 07:12:29
 1  0      0 56348664   2088 2541104    0    0     0     0 2375 2158 24  1 75  0  0 2021-07-24 07:12:30
 2  0      0 56348048   2088 2541112    0    0     0     8 2577 2226 25  3 73  0  0 2021-07-24 07:12:31
 1  0      0 56347932   2088 2541112    0    0     0     0 2570 2145 25  3 72  0  0 2021-07-24 07:12:32
 4  0      0 56347932   2088 2541112    0    0     0     0 2276 2033 23  1 75  0  0 2021-07-24 07:12:33
 1  0      0 56348064   2088 2541112    0    0     0     0 2510 2208 25  2 73  0  0 2021-07-24 07:12:34
 1  0      0 56347944   2088 2541112    0    0     0     0 2487 2247 25  1 74  0  0 2021-07-24 07:12:35
 1  0      0 56348072   2088 2541112    0    0     0     0 2813 2191 25  2 74  0  0 2021-07-24 07:12:36
 4  0      0 56370644   2088 2541116    0    0     0     8 2071 1870 21  2 77  0  0 2021-07-24 07:12:37
 1  0      0 56350192   2088 2541124    0    0     0     0 2637 2380 25  1 74  0  0 2021-07-24 07:12:38
 1  0      0 56370900   2088 2541124    0    0     0     0 2245 2079 23  1 76  0  0 2021-07-24 07:12:39
 1  0      0 56347832   2088 2541124    0    0     0     0 2522 2232 25  2 73  0  0 2021-07-24 07:12:40
 2  0      0 56344116   2088 2541124    0    0     0     0 1720 1717 19  1 80  0  0 2021-07-24 07:12:41
 1  0      0 56353788   2088 2541124    0    0     0     0 1829 1733 19  1 80  0  0 2021-07-24 07:12:42
 4  0      0 56322296   2088 2541124    0    0     0     0 2061 1883 22  1 77  0  0 2021-07-24 07:12:43
 1  0      0 56322424   2088 2541124    0    0     0     0 2276 2033 23  2 75  0  0 2021-07-24 07:12:44
 2  0      0 56380952   2088 2541124    0    0     0     0 1593 1594 17  1 82  0  0 2021-07-24 07:12:45
 1  0      0 56347728   2088 2541132    0    0     0     0 2575 2282 25  2 73  0  0 2021-07-24 07:12:46
 1  0      0 56348224   2088 2541132    0    0     0     0 2514 2147 24  3 73  0  0 2021-07-24 07:12:47
 1  0      0 56348108   2088 2541132    0    0     0     0 2607 2256 26  2 72  0  0 2021-07-24 07:12:48
 4  0      0 56347988   2088 2541132    0    0     0     0 2197 2047 22  1 77  0  0 2021-07-24 07:12:49
 4  0      0 56348116   2088 2541136    0    0     0    28 2514 2231 25  2 73  0  0 2021-07-24 07:12:50
 2  0      0 56348120   2088 2541136    0    0     0     0 2490 2193 24  2 73  0  0 2021-07-24 07:12:51
 2  0      0 56347876   2088 2541136    0    0     0     0 2282 2013 24  2 74  0  0 2021-07-24 07:12:52
 1  0      0 56370572   2088 2541144    0    0     0     0 2658 2094 22  2 76  0  0 2021-07-24 07:12:53
 1  0      0 56349252   2088 2541144    0    0     0     0 2447 2246 23  1 75  0  0 2021-07-24 07:12:54
 1  0      0 56348384   2088 2541144    0    0     0     0 2145 2024 21  2 77  0  0 2021-07-24 07:12:55
 4  0      0 56348136   2088 2541144    0    0     0     0 2566 2307 27  1 72  0  0 2021-07-24 07:12:56
 4  0      0 56343296   2088 2541144    0    0     0    44 1895 1771 20  2 79  0  0 2021-07-24 07:12:57
 4  0      0 56322840   2088 2541148    0    0     0     0 1603 1634 18  1 82  0  0 2021-07-24 07:12:58
 1  0      0 56322348   2088 2541148    0    0     0     0 1985 1838 21  1 78  0  0 2021-07-24 07:12:59
 1  0      0 56322848   2088 2541156    0    0     0     0 2315 2061 24  1 75  0  0 2021-07-24 07:13:00
 1  0      0 56380884   2088 2541156    0    0     0     0 1910 1748 20  1 78  0  0 2021-07-24 07:13:01
 5  0      0 56347524   2088 2541156    0    0     0     8 2605 2340 25  1 73  0  0 2021-07-24 07:13:02
 4  0      0 56345324   2088 2541164    0    0     0     0 3074 2511 27  3 70  0  0 2021-07-24 07:13:03
 1  0      0 56345328   2088 2541164    0    0     0     0 2225 1953 24  2 74  0  0 2021-07-24 07:13:04
 2  0      0 56345456   2088 2541164    0    0     0     0 2587 2168 26  2 72  0  0 2021-07-24 07:13:05
 1  0      0 56345588   2088 2541164    0    0     0     0 2459 2182 23  2 75  0  0 2021-07-24 07:13:06
 4  0      0 56345716   2088 2541164    0    0     0     0 2448 2145 25  2 74  0  0 2021-07-24 07:13:07
 4  0      0 56378500   2088 2541172    0    0     0     0 2133 1898 21  2 76  0  0 2021-07-24 07:13:08
 1  0      0 56347960   2088 2541172    0    0     0     0 2970 2399 24  1 75  0  0 2021-07-24 07:13:09
 1  0      0 56347216   2088 2541172    0    0     0     0 2582 2373 25  1 74  0  0 2021-07-24 07:13:10
 1  0      0 56345952   2088 2541176    0    0     0     0 2357 2243 22  1 77  0  0 2021-07-24 07:13:11
 1  0      0 56342728   2088 2541176    0    0     0     4 2208 2078 21  2 77  0  0 2021-07-24 07:13:12
 1  0      0 56336652   2088 2541176    0    0     0     0 1835 1785 18  2 80  0  0 2021-07-24 07:13:13
 1  0      0 56320656   2088 2541176    0    0     0     0 1633 1567 20  1 79  0  0 2021-07-24 07:13:14
 2  0      0 56320412   2088 2541184    0    0     0     0 2418 2119 24  2 73  0  0 2021-07-24 07:13:15
 1  0      0 56320292   2088 2541184    0    0     0     0 1797 1703 20  0 80  0  0 2021-07-24 07:13:16
 4  0      0 56347204   2088 2541184    0    0     0     0 2088 1937 21  2 77  0  0 2021-07-24 07:13:17
 2  0      0 56346464   2088 2541184    0    0     0     0 2753 2368 27  3 70  0  0 2021-07-24 07:13:18
 1  0      0 56346472   2088 2541184    0    0     0     0 2495 2121 23  4 73  0  0 2021-07-24 07:13:19
 1  0      0 56346724   2088 2541184    0    0     0     0 2195 2080 22  1 77  0  0 2021-07-24 07:13:20
 1  0      0 56346480   2088 2541184    0    0     0     6 2412 2164 24  2 75  0  0 2021-07-24 07:13:21
 1  0      0 56346732   2088 2541192    0    0     0     0 2545 2291 25  1 74  0  0 2021-07-24 07:13:22
 1  0      0 56346736   2088 2541192    0    0     0     0 2500 2165 26  2 72  0  0 2021-07-24 07:13:23
 4  0      0 56369308   2088 2541192    0    0     0     0 1997 1807 20  2 78  0  0 2021-07-24 07:13:24
 1  0      0 56348732   2088 2541196    0    0     0     0 3057 2416 25  2 73  0  0 2021-07-24 07:13:25
 1  0      0 56317484   2088 2541196    0    0     0     0 2375 2158 25  1 74  0  0 2021-07-24 07:13:26
 2  0      0 56346296   2088 2541196    0    0     0     0 2419 2186 24  2 74  0  0 2021-07-24 07:13:27
 1  0      0 56358900   2088 2541196    0    0     0     0 1926 1827 21  1 78  0  0 2021-07-24 07:13:28
 1  0      0 56352452   2088 2541204    0    0     0     0 1720 1622 17  2 81  0  0 2021-07-24 07:13:29
 1  0      0 56320960   2088 2541204    0    0     0     0 1917 1786 20  1 78  0  0 2021-07-24 07:13:30
 1  0      0 56320964   2088 2541204    0    0     0     0 2382 2181 23  1 76  0  0 2021-07-24 07:13:31
 4  0      0 56379428   2088 2541204    0    0     0     0 1416 1429 17  0 82  0  0 2021-07-24 07:13:32
 4  0      0 56346664   2088 2541204    0    0     0   288 2614 2281 24  2 74  0  0 2021-07-24 07:13:33
 1  0      0 56346912   2088 2541204    0    0     0     0 2558 2135 25  3 71  0  0 2021-07-24 07:13:34
 1  0      0 56346920   2088 2541204    0    0     0     0 2678 2275 27  1 71  0  0 2021-07-24 07:13:35
 1  0      0 56346800   2088 2541204    0    0     0     0 2384 2096 25  1 74  0  0 2021-07-24 07:13:36
 1  0      0 56347300   2088 2541212    0    0     0     0 2423 2139 24  2 74  0  0 2021-07-24 07:13:37
 5  0      0 56273396   2088 2541212    0    0     0     0 2549 2314 24  2 74  0  0 2021-07-24 07:13:38
 2  0      0 56347004   2088 2541212    0    0     0     0 2384 2064 23  3 74  0  0 2021-07-24 07:13:39
 2  0      0 56368516   2088 2541212    0    0     0     0 2262 2011 23  2 76  0  0 2021-07-24 07:13:40
 1  0      0 56348932   2088 2541212    0    0     0     0 2777 2202 23  1 76  0  0 2021-07-24 07:13:41
 1  0      0 56346696   2088 2541216    0    0     0     0 2212 2032 21  2 76  0  0 2021-07-24 07:13:42
 1  0      0 56346948   2088 2541216    0    0     0     0 2578 2310 27  1 73  0  0 2021-07-24 07:13:43
 1  0      0 56341988   2088 2541216    0    0     0     0 1875 1808 19  2 80  0  0 2021-07-24 07:13:44
 4  0      0 56321652   2088 2541228    0    0     0     0 1632 1574 19  1 80  0  0 2021-07-24 07:13:45
 1  0      0 56321156   2088 2541228    0    0     0     0 1962 1829 20  2 78  0  0 2021-07-24 07:13:46
 1  0      0 56321036   2088 2541228    0    0     0     0 2746 2163 24  1 75  0  0 2021-07-24 07:13:47
 1  0      0 56379444   2088 2541228    0    0     0     0 1857 1699 19  2 79  0  0 2021-07-24 07:13:48
 1  0      0 56346964   2088 2541228    0    0     0     0 2548 2326 24  2 75  0  0 2021-07-24 07:13:49
 4  0      0 56346844   2088 2541228    0    0     0     0 2524 2173 24  4 72  0  0 2021-07-24 07:13:50
 1  0      0 56346724   2088 2541228    0    0     0     0 2310 2020 23  2 75  0  0 2021-07-24 07:13:51
 2  0      0 56346852   2088 2541236    0    0     0    47 2567 2215 26  2 72  0  0 2021-07-24 07:13:52
 1  0      0 56346612   2088 2541236    0    0     0     0 2415 2119 22  3 75  0  0 2021-07-24 07:13:53
 1  0      0 56346612   2088 2541236    0    0     0     0 2462 2161 24  2 74  0  0 2021-07-24 07:13:54
 1  0      0 56285856   2088 2541236    0    0     0     0 2040 1864 20  2 78  0  0 2021-07-24 07:13:55
 1  0      0 56349476   2088 2541236    0    0     0     0 2720 2338 26  2 72  0  0 2021-07-24 07:13:56
 4  0      0 56348736   2088 2541236    0    0     0     0 2876 2323 25  1 74  0  0 2021-07-24 07:13:57
 1  0      0 56347124   2088 2541236    0    0     0     8 2202 2072 22  2 76  0  0 2021-07-24 07:13:58
 1  0      0 56347372   2088 2541244    0    0     0     0 2329 2178 24  1 75  0  0 2021-07-24 07:13:59
 1  0      0 56341048   2088 2541244    0    0     0     0 1840 1734 20  1 79  0  0 2021-07-24 07:14:00
 1  0      0 56322076   2088 2541248    0    0     0     0 1506 1534 17  1 82  0  0 2021-07-24 07:14:01
 2  0      0 56321460   2088 2541248    0    0     0     0 2390 2138 25  2 74  0  0 2021-07-24 07:14:02
 1  0      0 56321588   2088 2541248    0    0     0     0 1773 1688 20  0 80  0  0 2021-07-24 07:14:03
 1  0      0 56348252   2088 2541248    0    0     0     8 2133 1959 22  2 77  0  0 2021-07-24 07:14:04
 2  0      0 56347636   2088 2541248    0    0     0     0 2693 2381 25  3 72  0  0 2021-07-24 07:14:05
 1  0      0 56347272   2088 2541248    0    0     0     0 2535 2095 25  3 72  0  0 2021-07-24 07:14:06
 1  0      0 56347644   2088 2541260    0    0     0     0 2172 2019 22  1 77  0  0 2021-07-24 07:14:07
 1  0      0 56347404   2088 2541260    0    0     0     0 2440 2165 24  2 74  0  0 2021-07-24 07:14:08
 1  0      0 56347532   2088 2541260    0    0     0    48 2592 2362 25  1 73  0  0 2021-07-24 07:14:09
 4  0      0 56347412   2088 2541260    0    0     0     0 2484 2165 24  3 73  0  0 2021-07-24 07:14:10
 4  0      0 56370232   2088 2541260    0    0     0     0 2127 1973 20  2 78  0  0 2021-07-24 07:14:11
 1  0      0 56348896   2088 2541260    0    0     0     0 2935 2546 27  2 71  0  0 2021-07-24 07:14:12
 1  0      0 56317772   2088 2541260    0    0     0     0 2272 2140 23  1 76  0  0 2021-07-24 07:14:13
 4  0      0 56286772   2088 2541268    0    0     0     0 2786 2274 23  2 75  0  0 2021-07-24 07:14:14
 1  0      0 56361668   2088 2541268    0    0     0     0 1770 1788 17  2 82  0  0 2021-07-24 07:14:15
 1  0      0 56352616   2088 2541268    0    0     0     0 1846 1710 20  1 79  0  0 2021-07-24 07:14:16
 1  0      0 56321496   2088 2541268    0    0     0     0 1958 1791 21  1 78  0  0 2021-07-24 07:14:17
 1  0      0 56321376   2088 2541268    0    0     0     0 2547 2274 26  1 73  0  0 2021-07-24 07:14:18
 1  0      0 56375032   2088 2541268    0    0     0     0 1382 1438 17  0 83  0  0 2021-07-24 07:14:19
 2  0      0 56342708   2088 2541268    0    0     0     0 2480 2183 24  3 74  0  0 2021-07-24 07:14:20
 1  0      0 56342468   2088 2541268    0    0     0     0 2521 2133 24  3 73  0  0 2021-07-24 07:14:21
 1  0      0 56342596   2088 2541276    0    0     0    89 2572 2274 26  1 73  0  0 2021-07-24 07:14:22
 4  0      0 56342476   2088 2541276    0    0     0     0 2354 2142 24  1 75  0  0 2021-07-24 07:14:23
 4  0      0 56342480   2088 2541276    0    0     0     0 2349 2114 23  2 75  0  0 2021-07-24 07:14:24
 1  0      0 56342484   2088 2541276    0    0     0     0 2559 2274 27  1 73  0  0 2021-07-24 07:14:25
 4  0      0 56342488   2088 2541276    0    0     0     0 2340 2065 24  2 74  0  0 2021-07-24 07:14:26
 4  0      0 56369772   2088 2541276    0    0     0     0 2203 1958 22  2 76  0  0 2021-07-24 07:14:27
 1  0      0 56349320   2088 2541276    0    0     0     0 2590 2250 25  2 73  0  0 2021-07-24 07:14:28
 4  0      0 56348080   2088 2541284    0    0     0     0 2228 2026 23  2 75  0  0 2021-07-24 07:14:29
 1  0      0 56347284   2088 2541284    0    0     0     0 2790 2224 25  1 74  0  0 2021-07-24 07:14:30
 4  0      0 56304556   2088 2541284    0    0     0     0 1827 1748 21  1 79  0  0 2021-07-24 07:14:31
 0  0      0 59282824   2088 2380668    0    0     4     0 1831 1503  7  3 90  0  0 2021-07-24 07:14:32
 0  0      0 59283136   2088 2380464    0    0     0     0  525  922  0  0 100  0  0 2021-07-24 07:14:33
 0  0      0 59283136   2088 2380464    0    0     0     0  517  914  0  0 100  0  0 2021-07-24 07:14:34
 0  0      0 59283136   2088 2380464    0    0     0     0  509  901  0  0 100  0  0 2021-07-24 07:14:35
 0  0      0 59283136   2088 2380468    0    0     0     0  499  874  0  0 100  0  0 2021-07-24 07:14:36
 1  0      0 59283136   2088 2380468    0    0     0     0  472  825  0  0 100  0  0 2021-07-24 07:14:37
 0  0      0 59283136   2088 2380468    0    0     0     0  529  935  0  0 100  0  0 2021-07-24 07:14:38
 0  0      0 59283136   2088 2380468    0    0     0    56  507  894  0  0 100  0  0 2021-07-24 07:14:39
 0  0      0 59283136   2088 2380468    0    0     0     0  511  916  0  0 100  0  0 2021-07-24 07:14:40
 0  0      0 59283136   2088 2380468    0    0     0     0  505  897  0  0 100  0  0 2021-07-24 07:14:41
 0  0      0 59283136   2088 2380468    0    0     0     0  509  910  0  0 100  0  0 2021-07-24 07:14:42
 0  0      0 59283136   2088 2380468    0    0     0     0  499  885  0  0 100  0  0 2021-07-24 07:14:43
 0  0      0 59283136   2088 2380468    0    0     0    32  531  924  0  0 100  0  0 2021-07-24 07:14:44
 0  0      0 59283136   2088 2380468    0    0     0     0  501  888  0  0 100  0  0 2021-07-24 07:14:45
 0  0      0 59283136   2088 2380468    0    0     0     0  885  957  0  0 100  0  0 2021-07-24 07:14:46
 0  0      0 59283136   2088 2380468    0    0     0     0  472  849  0  0 100  0  0 2021-07-24 07:14:47
 0  0      0 59283012   2088 2380472    0    0     0     0  531  924  0  0 100  0  0 2021-07-24 07:14:48
 0  0      0 59283012   2088 2380472    0    0     0     0  515  903  0  0 100  0  0 2021-07-24 07:14:49
 0  0      0 59283012   2088 2380472    0    0     0     0  507  902  0  0 100  0  0 2021-07-24 07:14:50
 0  0      0 59283012   2088 2380472    0    0     0     0  493  889  0  0 100  0  0 2021-07-24 07:14:51
 0  0      0 59283012   2088 2380472    0    0     0     0  482  864  0  0 100  0  0 2021-07-24 07:14:52
 0  0      0 59283012   2088 2380472    0    0     0     5  514  914  0  0 100  0  0 2021-07-24 07:14:53
 0  0      0 59283012   2088 2380472    0    0     0     0  522  897  0  0 100  0  0 2021-07-24 07:14:54
 0  0      0 59283012   2088 2380472    0    0     0     0  504  894  0  0 100  0  0 2021-07-24 07:14:55
 0  0      0 59283012   2088 2380472    0    0     0     0  509  898  0  0 100  0  0 2021-07-24 07:14:56
 0  0      0 59283012   2088 2380472    0    0     0     0  499  887  0  0 100  0  0 2021-07-24 07:14:57
 0  0      0 59283012   2088 2380472    0    0     0     0  523  919  0  0 100  0  0 2021-07-24 07:14:58
 0  0      0 59283012   2088 2380472    0    0     0     0  497  890  0  0 100  0  0 2021-07-24 07:14:59
 0  0      0 59283012   2088 2380472    0    0     0     0  502  900  0  0 100  0  0 2021-07-24 07:15:00
 0  0      0 59283012   2088 2380472    0    0     0     0  506  879  0  0 100  0  0 2021-07-24 07:15:01
 0  0      0 59283012   2088 2380472    0    0     0     0  868  938  0  0 100  0  0 2021-07-24 07:15:02
 0  0      0 59283012   2088 2380472    0    0     0     0  522  917  0  0 100  0  0 2021-07-24 07:15:03
 0  0      0 59283012   2088 2380472    0    0     0     0  501  889  0  0 100  0  0 2021-07-24 07:15:04
 0  0      0 59283108   2088 2380472    0    0     0 43760  853  933  0  0 99  1  0 2021-07-24 07:15:05
 0  0      0 59283108   2088 2380472    0    0     0     0  530  925  0  0 100  0  0 2021-07-24 07:15:06
 0  0      0 59283108   2088 2380472    0    0     0     0  476  857  0  0 100  0  0 2021-07-24 07:15:07
 0  0      0 59283108   2088 2380472    0    0     0     0  498  881  0  0 100  0  0 2021-07-24 07:15:08
 0  0      0 59283108   2088 2380472    0    0     0     0  522  916  0  0 100  0  0 2021-07-24 07:15:09
 0  0      0 59283108   2088 2380472    0    0     0     4  522  922  0  0 100  0  0 2021-07-24 07:15:10
 0  0      0 59283108   2088 2380472    0    0     0     0  569  956  0  0 100  0  0 2021-07-24 07:15:11
 0  0      0 59283108   2088 2380472    0    0     0     0  540  938  0  0 100  0  0 2021-07-24 07:15:12
 0  0      0 59282728   2088 2380476    0    0     0     0  625 1062  0  0 100  0  0 2021-07-24 07:15:13
 0  0      0 59282728   2088 2380476    0    0     0     0  505  882  0  0 100  0  0 2021-07-24 07:15:14
 0  0      0 59282636   2088 2380480    0    0     0     0  523  909  0  0 100  0  0 2021-07-24 07:15:15
 0  0      0 59282636   2088 2380480    0    0     0     0  488  868  0  0 100  0  0 2021-07-24 07:15:16
 0  0      0 59282636   2088 2380480    0    0     0     0  513  909  0  0 100  0  0 2021-07-24 07:15:17
 0  0      0 59282636   2088 2380480    0    0     0     0  874  956  0  0 100  0  0 2021-07-24 07:15:18
 0  0      0 59282636   2088 2380480    0    0     0     0  501  889  0  0 100  0  0 2021-07-24 07:15:19
 0  0      0 59282636   2088 2380480    0    0     0     8  515  910  0  0 100  0  0 2021-07-24 07:15:20
 1  0      0 59253700   2088 2380480    0    0     0     0 1093 1417  4  1 95  0  0 2021-07-24 07:15:21
