#Date       Time        gpu rxpci txpci    sm   mem   enc   dec
#YYYYMMDD   HH:MM:SS    Idx  MB/s  MB/s     %     %     %     %
 20210724   05:23:47      0     0     0     0     0     0     0
 20210724   05:23:48      0     0     0     0     0     0     0
 20210724   05:23:49      0     0     0     0     0     0     0
 20210724   05:23:50      0     0     0     0     0     0     0
 20210724   05:23:51      0     0     0     0     0     0     0
 20210724   05:23:53      0     0     0     0     0     0     0
 20210724   05:23:54      0     0     0     0     0     0     0
 20210724   05:23:55      0     0     0     0     0     0     0
 20210724   05:23:56      0     0     0     0     0     0     0
 20210724   05:23:57      0     0     0     0     0     0     0
 20210724   05:23:58      0     0     0     0     0     0     0
 20210724   05:23:59      0     0     0     0     0     0     0
 20210724   05:24:00      0     0     0     0     0     0     0
 20210724   05:24:02      0     0     0     0     0     0     0
 20210724   05:24:03      0     0     0     0     0     0     0
 20210724   05:24:04      0     0     0     0     0     0     0
 20210724   05:24:05      0     0     0     0     0     0     0
 20210724   05:24:06      0     0     0     0     0     0     0
 20210724   05:24:07      0     0     0     0     0     0     0
 20210724   05:24:08      0     0     0     0     0     0     0
 20210724   05:24:09      0     0     0     0     0     0     0
 20210724   05:24:10      0     0     0     0     0     0     0
 20210724   05:24:11      0     0     0     0     0     0     0
 20210724   05:24:13      0     0     0     0     0     0     0
 20210724   05:24:14      0     0     0     0     0     0     0
 20210724   05:24:15      0     0     0     0     0     0     0
 20210724   05:24:16      0     0     0     0     0     0     0
 20210724   05:24:17      0     0     0     0     0     0     0
 20210724   05:24:18      0     0     0     0     0     0     0
 20210724   05:24:19      0     0     0     0     0     0     0
 20210724   05:24:20      0     0     0     0     0     0     0
 20210724   05:24:21      0     0     0     0     0     0     0
 20210724   05:24:22      0     0     0     0     0     0     0
 20210724   05:24:24      0     0     0     0     0     0     0
 20210724   05:24:25      0     0     0     0     0     0     0
 20210724   05:24:26      0     0     0     0     0     0     0
 20210724   05:24:27      0   271     0     4     0     0     0
 20210724   05:24:28      0   669    46     3     0     0     0
 20210724   05:24:29      0   344    18     4     0     0     0
 20210724   05:24:30      0     0     0     0     0     0     0
 20210724   05:24:31      0     0     0     0     0     0     0
 20210724   05:24:32      0   710   447     0     0     0     0
 20210724   05:24:33      0     0     0     0     0     0     0
 20210724   05:24:34      0     0   517     0     0     0     0
#Date       Time        gpu rxpci txpci    sm   mem   enc   dec
#YYYYMMDD   HH:MM:SS    Idx  MB/s  MB/s     %     %     %     %
 20210724   05:24:35      0     0     0    40     0     0     0
 20210724   05:24:36      0     0     0     0     0     0     0
 20210724   05:24:38      0     0     0     0     0     0     0
 20210724   05:24:39      0  3587    27    38    26     0     0
 20210724   05:24:40      0     0     0     0     0     0     0
 20210724   05:24:41      0     0     0     0     0     0     0
 20210724   05:24:42      0     0     0     0     0     0     0
 20210724   05:24:43      0     0     0     0     0     0     0
 20210724   05:24:44      0     0     0     0     0     0     0
 20210724   05:24:45      0     0     0    16    10     0     0
 20210724   05:24:47      0     0     0     0     0     0     0
 20210724   05:24:48      0  5814   443     0     0     0     0
 20210724   05:24:49      0     0     0     0     0     0     0
 20210724   05:24:50      0     0   557     0     0     0     0
 20210724   05:24:51      0     0     0   100     0     0     0
 20210724   05:24:52      0     0     0     0     0     0     0
 20210724   05:24:53      0     0     0     0     0     0     0
 20210724   05:24:54      0     0     0     0     0     0     0
 20210724   05:24:55      0     0     0     0     0     0     0
 20210724   05:24:56      0     0     0     0     0     0     0
 20210724   05:24:58      0     0     0     0     0     0     0
 20210724   05:24:59      0     0     0     0     0     0     0
 20210724   05:25:00      0     0     0     0     0     0     0
 20210724   05:25:01      0     0     0    43    27     0     0
 20210724   05:25:02      0     0     0     0     0     0     0
 20210724   05:25:03      0  3647   274     0     0     0     0
 20210724   05:25:04      0     0     0     0     0     0     0
 20210724   05:25:05      0  1926     0    35    24     0     0
 20210724   05:25:06      0     0     0    55     0     0     0
 20210724   05:25:08      0     0     0     0     0     0     0
 20210724   05:25:09      0     0   497     0     0     0     0
 20210724   05:25:10      0     0     0    30    20     0     0
 20210724   05:25:11      0     0     0     0     0     0     0
 20210724   05:25:12      0     0     0     0     0     0     0
 20210724   05:25:13      0     0     0     0     0     0     0
 20210724   05:25:14      0     0     0     0     0     0     0
 20210724   05:25:15      0     0     0     0     0     0     0
 20210724   05:25:16      0     8     0    17    10     0     0
 20210724   05:25:17      0     0     0     0     0     0     0
 20210724   05:25:19      0     0   754     0     0     0     0
 20210724   05:25:20      0     0     0     0     0     0     0
 20210724   05:25:21      0  2971   173     0     0     0     0
 20210724   05:25:22      0     0     0     0     0     0     0
 20210724   05:25:23      0  3927   498     0     0     0     0
#Date       Time        gpu rxpci txpci    sm   mem   enc   dec
#YYYYMMDD   HH:MM:SS    Idx  MB/s  MB/s     %     %     %     %
 20210724   05:25:24      0     0   636     0     0     0     0
 20210724   05:25:25      0     0     0    42     0     0     0
 20210724   05:25:26      0     0     0     0     0     0     0
 20210724   05:25:27      0     0     0     0     0     0     0
 20210724   05:25:29      0     0   437     0     0     0     0
 20210724   05:25:30      0     0   684     1     0     0     0
 20210724   05:25:31      0     0     0    39    25     0     0
 20210724   05:25:32      0     0     0     0     0     0     0
 20210724   05:25:33      0     0     0     0     0     0     0
 20210724   05:25:34      0     1     0    30    17     0     0
 20210724   05:25:35      0     0     0    42    29     0     0
 20210724   05:25:36      0     0     0     0     0     0     0
 20210724   05:25:37      0     0     0    42    28     0     0
 20210724   05:25:38      0     0     0     0     0     0     0
 20210724   05:25:39      0     0     0     0     0     0     0
 20210724   05:25:41      0  3518   386    52    28     0     0
 20210724   05:25:42      0     0     0     0     0     0     0
 20210724   05:25:43      0     0     0     0     0     0     0
 20210724   05:25:44      0     0     0     0     0     0     0
 20210724   05:25:45      0     0   704     0     0     0     0
 20210724   05:25:46      0     0     0    26    19     0     0
 20210724   05:25:47      0     0     0     0     0     0     0
 20210724   05:25:48      0     0     0     0     0     0     0
 20210724   05:25:49      0  4207   478     0     0     0     0
 20210724   05:25:51      0     0     0    41    28     0     0
 20210724   05:25:52      0     0     0     0     0     0     0
 20210724   05:25:53      0     0     0    42    28     0     0
 20210724   05:25:54      0     0     0     0     0     0     0
 20210724   05:25:55      0     0     0     0     0     0     0
 20210724   05:25:56      0  3625   436    20    13     0     0
 20210724   05:25:57      0     0     0     0     0     0     0
 20210724   05:25:58      0     0     0     0     0     0     0
 20210724   05:25:59      0     0     0     0     0     0     0
 20210724   05:26:00      0     0     0     0     0     0     0
 20210724   05:26:02      0  4946   416     0     0     0     0
 20210724   05:26:03      0     0     0     0     0     0     0
 20210724   05:26:04      0     0     0     0     0     0     0
 20210724   05:26:05      0     0     0     0     0     0     0
 20210724   05:26:06      0  2516     0    42    28     0     0
 20210724   05:26:07      0     0     0     0     0     0     0
 20210724   05:26:08      0  2313     0    41    28     0     0
 20210724   05:26:09      0     0     0     0     0     0     0
 20210724   05:26:10      0     0     0     0     0     0     0
 20210724   05:26:12      0  3747   521     0     0     0     0
#Date       Time        gpu rxpci txpci    sm   mem   enc   dec
#YYYYMMDD   HH:MM:SS    Idx  MB/s  MB/s     %     %     %     %
 20210724   05:26:13      0     0     0    19    14     0     0
 20210724   05:26:14      0     0     0     0     0     0     0
 20210724   05:26:15      0     0     0     0     0     0     0
 20210724   05:26:16      0     0     0     0     0     0     0
 20210724   05:26:17      0     0   668     0     0     0     0
 20210724   05:26:18      0     0     0     0     0     0     0
 20210724   05:26:19      0     0     0    47    31     0     0
 20210724   05:26:20      0     0     0     0     0     0     0
 20210724   05:26:22      0     0     0     0     0     0     0
 20210724   05:26:23      0     0     0     0     0     0     0
 20210724   05:26:24      0     0     0    41    28     0     0
 20210724   05:26:25      0     0     0     0     0     0     0
 20210724   05:26:26      0     0     0     0     0     0     0
 20210724   05:26:27      0  3400    96    15     8     0     0
 20210724   05:26:28      0     0     0     0     0     0     0
 20210724   05:26:29      0     0     0     0     0     0     0
 20210724   05:26:31      0     0     0     0     0     0     0
 20210724   05:26:32      0     0     0     0     0     0     0
 20210724   05:26:33      0     0     0    39    25     0     0
 20210724   05:26:34      0     0     0     0     0     0     0
 20210724   05:26:35      0     0     0     0     0     0     0
 20210724   05:26:36      0  5170   469     0     0     0     0
 20210724   05:26:37      0     0     0    28    18     0     0
 20210724   05:26:38      0     0     0     0     0     0     0
 20210724   05:26:39      0     1     0    33    25     0     0
 20210724   05:26:40      0     0     0     0     0     0     0
 20210724   05:26:41      0     0     0     0     0     0     0
 20210724   05:26:43      0  3407   386    69    28     0     0
 20210724   05:26:44      0     0     0    32    23     0     0
 20210724   05:26:45      0     0     0     0     0     0     0
 20210724   05:26:46      0     0     0     0     0     0     0
 20210724   05:26:47      0     0     0     0     0     0     0
 20210724   05:26:48      0    20     0    30    19     0     0
 20210724   05:26:49      0     0     0     0     0     0     0
 20210724   05:26:50      0     0     0    43    27     0     0
 20210724   05:26:51      0     0     0     0     0     0     0
 20210724   05:26:52      0  3541   303     0     0     0     0
 20210724   05:26:54      0     0     0     0     0     0     0
 20210724   05:26:55      0  5232   442     0     0     0     0
 20210724   05:26:56      0     0     0    36     0     0     0
 20210724   05:26:57      0     0     0     0     0     0     0
 20210724   05:26:58      0     0     0     0     0     0     0
 20210724   05:26:59      0     0   165     0     0     0     0
 20210724   05:27:00      0     0     0     0     0     0     0
#Date       Time        gpu rxpci txpci    sm   mem   enc   dec
#YYYYMMDD   HH:MM:SS    Idx  MB/s  MB/s     %     %     %     %
 20210724   05:27:01      0     0     0     0     0     0     0
 20210724   05:27:02      0     0     0     0     0     0     0
 20210724   05:27:03      0     0     0     0     0     0     0
 20210724   05:27:04      0    28     3     0     0     0     0
 20210724   05:27:05      0     0     0     0     0     0     0
 20210724   05:27:07      0     0     0     0     0     0     0
 20210724   05:27:08      0     0     0     0     0     0     0
 20210724   05:27:09      0     0     0     0     0     0     0
 20210724   05:27:10      0     0     0     0     0     0     0
 20210724   05:27:11      0  3771   410     0     0     0     0
 20210724   05:27:12      0     0     0    60     0     0     0
 20210724   05:27:13      0     0     0     0     0     0     0
 20210724   05:27:14      0     0     0     0     0     0     0
 20210724   05:27:15      0  3760   379    40    27     0     0
 20210724   05:27:16      0  3007     1    65    28     0     0
 20210724   05:27:17      0  1949   386    42    28     0     0
 20210724   05:27:18      0     0     0     4     2     0     0
 20210724   05:27:20      0     0     0     0     0     0     0
 20210724   05:27:21      0     0     0     0     0     0     0
 20210724   05:27:22      0     0     0     0     0     0     0
 20210724   05:27:23      0     0     0     0     0     0     0
 20210724   05:27:24      0     0     0     0     0     0     0
 20210724   05:27:25      0     0     0     0     0     0     0
 20210724   05:27:26      0     0     0     0     0     0     0
 20210724   05:27:27      0  3516   385     0     0     0     0
 20210724   05:27:28      0  5916   442    15     9     0     0
 20210724   05:27:29      0     0     0    23     0     0     0
 20210724   05:27:31      0     0     0     0     0     0     0
 20210724   05:27:32      0     0     0     0     0     0     0
 20210724   05:27:33      0  3843   481     0     0     0     0
 20210724   05:27:34      0  1339   665     0     0     0     0
 20210724   05:27:35      0     0     0    41    26     0     0
 20210724   05:27:36      0     0     0     0     0     0     0
 20210724   05:27:37      0     0     0     0     0     0     0
 20210724   05:27:38      0  4967   329     0     0     0     0
 20210724   05:27:39      0     0     0    38    28     0     0
 20210724   05:27:40      0     0     0     0     0     0     0
 20210724   05:27:41      0     0     0    46    28     0     0
 20210724   05:27:42      0     0     0     0     0     0     0
 20210724   05:27:44      0     0     0     0     0     0     0
 20210724   05:27:45      0  1890   215    20     9     0     0
 20210724   05:27:46      0     0     0     0     0     0     0
 20210724   05:27:47      0     0     0     0     0     0     0
 20210724   05:27:48      0     0     0     0     0     0     0
#Date       Time        gpu rxpci txpci    sm   mem   enc   dec
#YYYYMMDD   HH:MM:SS    Idx  MB/s  MB/s     %     %     %     %
 20210724   05:27:49      0     0     0     0     0     0     0
 20210724   05:27:50      0     0   179     0     0     0     0
 20210724   05:27:51      0     0     0     5     3     0     0
 20210724   05:27:52      0     0     0    36    25     0     0
 20210724   05:27:53      0     0     0     0     0     0     0
 20210724   05:27:55      0     0   239     0     0     0     0
 20210724   05:27:56      0     0     0     0     0     0     0
 20210724   05:27:57      0     0   118     0     0     0     0
 20210724   05:27:58      0   271     0    84     0     0     0
 20210724   05:27:59      0     0     0     0     0     0     0
 20210724   05:28:00      0     0     0     0     0     0     0
 20210724   05:28:01      0     0     0     0     0     0     0
 20210724   05:28:02      0  1895   216    27    14     0     0
 20210724   05:28:03      0     0     0    24     0     0     0
 20210724   05:28:04      0     0     0     0     0     0     0
 20210724   05:28:06      0     0     0     0     0     0     0
 20210724   05:28:07      0     0     0     0     0     0     0
 20210724   05:28:08      0     0     0     0     0     0     0
 20210724   05:28:09      0     0     0     0     0     0     0
 20210724   05:28:10      0     0     0     0     0     0     0
 20210724   05:28:11      0     0     0     0     0     0     0
 20210724   05:28:12      0     0     0     0     0     0     0
 20210724   05:28:13      0  3152   428     0     0     0     0
 20210724   05:28:14      0     2     0    99    28     0     0
 20210724   05:28:16      0     0     0     2     1     0     0
 20210724   05:28:17      0     0     0     0     0     0     0
 20210724   05:28:18      0   998   528     0     0     0     0
 20210724   05:28:19      0  2330   223     8     0     0     0
 20210724   05:28:20      0     0   161    14     4     0     0
 20210724   05:28:21      0     0     0    44    25     0     0
 20210724   05:28:22      0     0     0     0     0     0     0
 20210724   05:28:23      0     0     0     0     0     0     0
 20210724   05:28:24      0     0     0     0     0     0     0
 20210724   05:28:25      0     0     0     0     0     0     0
 20210724   05:28:27      0     0     0     0     0     0     0
 20210724   05:28:28      0     0     0     0     0     0     0
 20210724   05:28:29      0     0     0     0     0     0     0
 20210724   05:28:30      0  1906   217    57    28     0     0
 20210724   05:28:31      0  1156     0     0     0     0     0
 20210724   05:28:32      0     0     0     0     0     0     0
 20210724   05:28:33      0     0     0     0     0     0     0
 20210724   05:28:34      0     0     0     0     0     0     0
 20210724   05:28:35      0  4177   333     0     0     0     0
 20210724   05:28:36      0     0   307     0     0     0     0
#Date       Time        gpu rxpci txpci    sm   mem   enc   dec
#YYYYMMDD   HH:MM:SS    Idx  MB/s  MB/s     %     %     %     %
 20210724   05:28:38      0     0     0    44    26     0     0
 20210724   05:28:39      0     0     0     0     0     0     0
 20210724   05:28:40      0     0     0     0     0     0     0
 20210724   05:28:41      0  2651   327     0     0     0     0
 20210724   05:28:42      0     0     0     0     0     0     0
 20210724   05:28:43      0     0     0     0     0     0     0
 20210724   05:28:44      0     0     0     0     0     0     0
 20210724   05:28:45      0     0     0     0     0     0     0
 20210724   05:28:47      0     0     0     0     0     0     0
 20210724   05:28:48      0     0     0    37     0     0     0
 20210724   05:28:49      0     0     0     0     0     0     0
 20210724   05:28:50      0     0     0     0     0     0     0
 20210724   05:28:51      0     0   164     0     0     0     0
 20210724   05:28:52      0     0   187     0     0     0     0
 20210724   05:28:53      0     0     0    44    26     0     0
 20210724   05:28:54      0     0     0     0     0     0     0
 20210724   05:28:56      0     0     0     0     0     0     0
 20210724   05:28:57      0  2477     2    18     6     0     0
 20210724   05:28:58      0     0     0    49    31     0     0
 20210724   05:28:59      0     0     5     0     0     0     0
 20210724   05:29:00      0     0     0     0     0     0     0
 20210724   05:29:01      0     0     0     0     0     0     0
 20210724   05:29:02      0     0     0     0     0     0     0
 20210724   05:29:03      0  1910   217     0     0     0     0
 20210724   05:29:04      0     0     0    22    16     0     0
 20210724   05:29:05      0     0     0     0     0     0     0
 20210724   05:29:06      0     0     0     0     0     0     0
 20210724   05:29:08      0     0     0     0     0     0     0
 20210724   05:29:09      0     0     0     0     0     0     0
 20210724   05:29:10      0     0     0     0     0     0     0
 20210724   05:29:11      0     0     0    47    27     0     0
 20210724   05:29:12      0     0     0     0     0     0     0
 20210724   05:29:13      0   991   530     0     0     0     0
 20210724   05:29:14      0     0     0     0     0     0     0
 20210724   05:29:15      0     0     0     0     0     0     0
 20210724   05:29:16      0  1890   216    80    28     0     0
 20210724   05:29:17      0     0     0     0     0     0     0
 20210724   05:29:18      0     0     0     0     0     0     0
 20210724   05:29:20      0     0     0     0     0     0     0
 20210724   05:29:21      0  1896   216     0     0     0     0
 20210724   05:29:22      0     0     0    74    26     0     0
 20210724   05:29:23      0     0     0    35     5     0     0
 20210724   05:29:24      0     0     0     0     0     0     0
 20210724   05:29:25      0     0     0     0     0     0     0
#Date       Time        gpu rxpci txpci    sm   mem   enc   dec
#YYYYMMDD   HH:MM:SS    Idx  MB/s  MB/s     %     %     %     %
 20210724   05:29:26      0     0     0     0     0     0     0
 20210724   05:29:27      0     0     0     0     0     0     0
 20210724   05:29:28      0     0     0     0     0     0     0
 20210724   05:29:29      0     0     0     0     0     0     0
 20210724   05:29:31      0     0     0    15    10     0     0
 20210724   05:29:32      0     0     0     0     0     0     0
 20210724   05:29:33      0    19   178     0     0     0     0
 20210724   05:29:34      0     0   260     0     0     0     0
 20210724   05:29:35      0     0     0     4     0     0     0
 20210724   05:29:36      0     0     0     0     0     0     0
 20210724   05:29:37      0     0     0     0     0     0     0
 20210724   05:29:38      0     0   572     0     0     0     0
 20210724   05:29:39      0    60   783     0     0     0     0
 20210724   05:29:40      0     0     0    17    12     0     0
 20210724   05:29:41      0     0     0     0     0     0     0
 20210724   05:29:43      0    16     4     5     1     0     0
 20210724   05:29:44      0     0     0     0     0     0     0
 20210724   05:29:45      0     0     0     0     0     0     0
 20210724   05:29:46      0     0     0     0     0     0     0
 20210724   05:29:47      0     0     0     0     0     0     0
 20210724   05:29:48      0     0     0     0     0     0     0
 20210724   05:29:49      0     0     0     0     0     0     0
 20210724   05:29:50      0     0     0     0     0     0     0
 20210724   05:29:51      0     0     0     0     0     0     0
 20210724   05:29:52      0     0     0     0     0     0     0
 20210724   05:29:54      0     0     0     0     0     0     0
 20210724   05:29:55      0     0     0     0     0     0     0
 20210724   05:29:56      0     0     0     0     0     0     0
 20210724   05:29:57      0     0     0     0     0     0     0
 20210724   05:29:58      0     0     0     0     0     0     0
 20210724   05:29:59      0     0     0     0     0     0     0
 20210724   05:30:00      0     0     0     0     0     0     0
 20210724   05:30:02      0     0     0     0     0     0     0
 20210724   05:30:03      0     0     0     0     0     0     0
 20210724   05:30:04      0     0     0     0     0     0     0
 20210724   05:30:05      0     0     0     0     0     0     0
 20210724   05:30:06      0     0     0     0     0     0     0
 20210724   05:30:07      0     0     0     0     0     0     0
 20210724   05:30:08      0     0     0     0     0     0     0
 20210724   05:30:09      0     0     0     0     0     0     0
 20210724   05:30:11      0     0     0     0     0     0     0
 20210724   05:30:12      0     0     0     0     0     0     0
 20210724   05:30:13      0     0     0     0     0     0     0
 20210724   05:30:14      0     0     0     0     0     0     0
#Date       Time        gpu rxpci txpci    sm   mem   enc   dec
#YYYYMMDD   HH:MM:SS    Idx  MB/s  MB/s     %     %     %     %
 20210724   05:30:15      0     0     0     0     0     0     0
 20210724   05:30:16      0     0     0     0     0     0     0
 20210724   05:30:17      0     0     0     0     0     0     0
 20210724   05:30:18      0     0     0     0     0     0     0
 20210724   05:30:19      0     0     0     0     0     0     0
 20210724   05:30:21      0     0     0     0     0     0     0
 20210724   05:30:22      0     0     0     0     0     0     0
 20210724   05:30:23      0     0     0     0     0     0     0
 20210724   05:30:24      0     0     0     0     0     0     0
