 0  0      0 59339268   2088 2330200    0    0    53    30  151  152  7  1 92  0  0 2021-07-24 05:23:52
 0  0      0 59339524   2088 2330204    0    0     0     0  482  838  0  0 100  0  0 2021-07-24 05:23:53
 0  0      0 59339524   2088 2330204    0    0     0     0  491  864  0  0 100  0  0 2021-07-24 05:23:54
 0  0      0 59339524   2088 2330204    0    0     0     0  469  841  0  0 100  0  0 2021-07-24 05:23:55
 0  0      0 59339524   2088 2330204    0    0     0     0  827  871  0  0 100  0  0 2021-07-24 05:23:56
 0  0      0 59339524   2088 2330204    0    0     0     0  473  840  0  0 100  0  0 2021-07-24 05:23:57
 0  0      0 59339524   2088 2330204    0    0     0     0  488  858  0  0 100  0  0 2021-07-24 05:23:58
 0  0      0 59338676   2088 2330204    0    0     0     0  760 1101  0  0 100  0  0 2021-07-24 05:23:59
 1  0      0 59338524   2088 2330220    0    0     0    80  510  886  0  0 100  0  0 2021-07-24 05:24:00
 0  0      0 59338484   2088 2330220    0    0     0   140  878  912  0  0 100  0  0 2021-07-24 05:24:01
 0  0      0 59338484   2088 2330220    0    0     0     0  506  901  0  0 100  0  0 2021-07-24 05:24:02
 0  0      0 59338484   2088 2330220    0    0     0     0  497  877  0  0 100  0  0 2021-07-24 05:24:03
 0  0      0 59338484   2088 2330220    0    0     0     0  503  902  0  0 100  0  0 2021-07-24 05:24:04
 0  0      0 59338484   2088 2330220    0    0     0     0  501  897  0  0 100  0  0 2021-07-24 05:24:05
 0  0      0 59338484   2088 2330220    0    0     0     0  525  926  0  0 100  0  0 2021-07-24 05:24:06
 0  0      0 59338484   2088 2330220    0    0     0     0  539  930  0  0 100  0  0 2021-07-24 05:24:07
 0  0      0 59338484   2088 2330220    0    0     0     0  592  985  0  0 100  0  0 2021-07-24 05:24:08
 0  0      0 59338484   2088 2330220    0    0     0     0  601  979  0  0 100  0  0 2021-07-24 05:24:09
 0  0      0 59338484   2088 2330220    0    0     0     0  538  936  0  0 100  0  0 2021-07-24 05:24:10
 0  0      0 59338484   2088 2330220    0    0     0     0  502  892  0  0 100  0  0 2021-07-24 05:24:11
 0  0      0 59338484   2088 2330220    0    0     0     0  514  919  0  0 100  0  0 2021-07-24 05:24:12
 0  0      0 59338484   2088 2330220    0    0     0     0  502  884  0  0 100  0  0 2021-07-24 05:24:13
 0  0      0 59338484   2088 2330220    0    0     0     0  516  918  0  0 100  0  0 2021-07-24 05:24:14
 0  0      0 59338484   2088 2330220    0    0     0     0  497  882  0  0 100  0  0 2021-07-24 05:24:15
 0  0      0 59338484   2088 2330220    0    0     0     0  499  894  0  0 100  0  0 2021-07-24 05:24:16
 0  0      0 59338484   2088 2330220    0    0     0    28  490  874  0  0 100  0  0 2021-07-24 05:24:17
 0  0      0 59338484   2088 2330220    0    0     0     0  882  964  0  0 100  0  0 2021-07-24 05:24:18
 0  0      0 59338484   2088 2330220    0    0     0     0  490  882  0  0 100  0  0 2021-07-24 05:24:19
 0  0      0 59338484   2088 2330220    0    0     0     0  533  945  0  0 100  0  0 2021-07-24 05:24:20
 0  0      0 59338484   2088 2330220    0    0     0    12  558  972  0  0 100  0  0 2021-07-24 05:24:21
 0  0      0 59338484   2088 2330220    0    0     0     0  569  974  0  0 100  0  0 2021-07-24 05:24:22
 0  0      0 59338104   2088 2330220    0    0     0     0  630 1048  0  0 100  0  0 2021-07-24 05:24:23
 0  0      0 59337988   2088 2330220    0    0     0     0  498  882  0  0 100  0  0 2021-07-24 05:24:24
 1  0      0 59225100   2088 2330232    0    0     0     0 2522 1488 15  7 78  0  0 2021-07-24 05:24:25
 1  0      0 58992296   2088 2338336    0    0     0     4 2578 1730 13  9 78  0  0 2021-07-24 05:24:26
 1  0      0 58273824   2088 2340280    0    0     0     0  766  922  8  4 87  0  0 2021-07-24 05:24:27
 1  0      0 57555428   2088 2340480    0    0     0     0  790  944  8  4 87  0  0 2021-07-24 05:24:28
 1  0      0 56918156   2088 2340480    0    0     0     0  808  944  8  4 88  0  0 2021-07-24 05:24:29
 1  0      0 56638408   2088 2380028    0    0     0     0 5535 2516 14  3 83  0  0 2021-07-24 05:24:30
 1  0      0 56577872   2088 2380204    0    0     0    32 1402 1429 17  1 82  0  0 2021-07-24 05:24:31
 4  0      0 56490016   2088 2460608    0    0     0     0 2160 2019 21  1 78  0  0 2021-07-24 05:24:32
 1  0      0 56400688   2088 2536048    0    0     0     0 2046 1973 20  2 79  0  0 2021-07-24 05:24:33
 1  0      0 56417556   2088 2536048    0    0     0     0 2332 1952 20  1 79  0  0 2021-07-24 05:24:34
 1  0      0 56412104   2088 2536048    0    0     0     0 2578 2325 27  1 72  0  0 2021-07-24 05:24:35
 4  0      0 56333864   2088 2536048    0    0     0     0 2549 2181 25  3 72  0  0 2021-07-24 05:24:36
 1  0      0 56373548   2088 2536048    0    0     0     0 2044 1803 22  2 76  0  0 2021-07-24 05:24:37
 2  0      0 56373180   2088 2536048    0    0     0     0 2614 2314 24  4 73  0  0 2021-07-24 05:24:38
 6  0      0 56373312   2088 2536060    0    0     0     0 2461 2214 24  1 74  0  0 2021-07-24 05:24:39
 1  0      0 56373316   2088 2536060    0    0     0     0 2420 2142 24  2 74  0  0 2021-07-24 05:24:40
 1  0      0 56369228   2088 2536060    0    0     0     0 2158 1936 22  2 76  0  0 2021-07-24 05:24:41
 1  0      0 56368740   2088 2536060    0    0     0     0 2668 2341 24  2 74  0  0 2021-07-24 05:24:42
 4  0      0 56368988   2088 2536060    0    0     0     0 2511 2248 26  1 73  0  0 2021-07-24 05:24:43
 4  0      0 56362788   2088 2536060    0    0     0     0 2245 2070 24  1 75  0  0 2021-07-24 05:24:44
 1  0      0 56330672   2088 2536068    0    0     0     0 1933 1893 20  1 79  0  0 2021-07-24 05:24:45
 1  0      0 56351876   2088 2536068    0    0     0     0 1801 1752 18  1 80  0  0 2021-07-24 05:24:46
 5  0      0 56351008   2088 2536068    0    0     0     0 1853 1767 20  1 79  0  0 2021-07-24 05:24:47
 4  0      0 56350644   2088 2536068    0    0     0    57 2405 2257 24  1 75  0  0 2021-07-24 05:24:48
 1  0      0 56309972   2088 2536068    0    0     0     0 1341 1380 17  0 83  0  0 2021-07-24 05:24:49
 2  0      0 56399996   2088 2536068    0    0     0     0 2878 2317 25  1 73  0  0 2021-07-24 05:24:50
 1  0      0 56399760   2088 2536068    0    0     0     0 2572 2128 26  3 71  0  0 2021-07-24 05:24:51
 1  0      0 56398272   2088 2536068    0    0     0     0 2556 2240 25  2 73  0  0 2021-07-24 05:24:52
 4  0      0 56382408   2088 2536068    0    0     0     0 2399 2135 25  1 74  0  0 2021-07-24 05:24:53
 1  0      0 56382412   2088 2536080    0    0     0     0 2342 2078 23  2 74  0  0 2021-07-24 05:24:54
 4  0      0 56382416   2088 2536080    0    0     0     0 2543 2288 25  1 73  0  0 2021-07-24 05:24:55
 4  0      0 56382544   2088 2536080    0    0     0     0 2315 2047 22  3 75  0  0 2021-07-24 05:24:56
 4  0      0 56369528   2088 2536080    0    0     0     8 2290 2043 22  2 75  0  0 2021-07-24 05:24:57
 1  0      0 56369164   2088 2536080    0    0     0     0 2561 2274 25  1 74  0  0 2021-07-24 05:24:58
 1  0      0 56362468   2088 2536080    0    0     0     0 2242 2062 22  2 76  0  0 2021-07-24 05:24:59
 1  0      0 56362588   2088 2536088    0    0     0     0 2588 2263 28  1 71  0  0 2021-07-24 05:25:00
 1  0      0 56366432   2088 2536088    0    0     0     0 1866 1838 18  1 81  0  0 2021-07-24 05:25:01
 1  0      0 56351556   2088 2536088    0    0     0     0 1706 1686 20  0 80  0  0 2021-07-24 05:25:02
 4  0      0 56350816   2088 2536092    0    0     0     0 1902 1830 19  1 80  0  0 2021-07-24 05:25:03
 1  0      0 56350944   2088 2536092    0    0     0     0 2207 2000 23  1 75  0  0 2021-07-24 05:25:04
 1  0      0 56398812   2088 2536092    0    0     0     0 1975 1861 20  1 79  0  0 2021-07-24 05:25:05
 4  0      0 56398940   2088 2536092    0    0     0     0 2919 2365 24  2 74  0  0 2021-07-24 05:25:06
 4  0      0 56350336   2088 2536092    0    0     0     4 2597 2203 25  3 71  0  0 2021-07-24 05:25:07
 4  0      0 56383200   2088 2536100    0    0     0     0 2059 1875 21  2 77  0  0 2021-07-24 05:25:08
 2  0      0 56383080   2088 2536100    0    0     0     0 2702 2295 26  3 71  0  0 2021-07-24 05:25:09
 1  0      0 56382960   2088 2536100    0    0     0     0 2415 2239 23  1 75  0  0 2021-07-24 05:25:10
 4  0      0 56382596   2088 2536100    0    0     0     0 2446 2174 24  2 74  0  0 2021-07-24 05:25:11
 1  0      0 56368588   2088 2536100    0    0     0    44 2117 1940 21  2 77  0  0 2021-07-24 05:25:12
 1  0      0 56367976   2088 2536100    0    0     0     0 2694 2416 25  2 73  0  0 2021-07-24 05:25:13
 1  0      0 56367852   2088 2536108    0    0     0     0 2411 2295 24  1 75  0  0 2021-07-24 05:25:14
 4  0      0 56361776   2088 2536108    0    0     0     0 2259 2098 24  1 75  0  0 2021-07-24 05:25:15
 1  0      0 56398948   2088 2536108    0    0     0     0 1880 1824 19  1 80  0  0 2021-07-24 05:25:16
 1  0      0 56350244   2088 2536108    0    0     0     0 1861 1756 20  1 79  0  0 2021-07-24 05:25:17
 1  0      0 56349752   2088 2536108    0    0     0     0 1862 1824 20  1 79  0  0 2021-07-24 05:25:18
 1  0      0 56349628   2088 2536108    0    0     0    60 2611 2294 27  1 72  0  0 2021-07-24 05:25:19
 1  0      0 56398584   2088 2536108    0    0     0     0 1374 1385 18  0 82  0  0 2021-07-24 05:25:20
 2  0      0 56399112   2088 2536108    0    0     0     0 2488 2151 24  2 74  0  0 2021-07-24 05:25:21
 1  0      0 56398868   2088 2536112    0    0     0     0 2445 1609 21  6 73  0  0 2021-07-24 05:25:22
 1  0      0 56398748   2088 2536120    0    0     0     0 2580 2187 25  3 72  0  0 2021-07-24 05:25:23
 1  0      0 56398200   2088 2536136    0    0     0     0 2364 2164 21  3 76  0  0 2021-07-24 05:25:24
 2  0      0 56382204   2088 2536136    0    0     0     0 2481 2202 23  3 74  0  0 2021-07-24 05:25:25
 4  0      0 56381720   2088 2536136    0    0     0     0 2456 2100 24  2 74  0  0 2021-07-24 05:25:26
 1  0      0 56381720   2088 2536136    0    0     0     0 2391 2052 24  2 74  0  0 2021-07-24 05:25:27
 1  0      0 56375404   2088 2536136    0    0     0    12 2166 1909 22  2 76  0  0 2021-07-24 05:25:28
 1  0      0 56398476   2088 2536136    0    0     0     0 2673 2338 25  2 73  0  0 2021-07-24 05:25:29
 1  0      0 56382676   2088 2536144    0    0     0     0 2371 2241 22  1 76  0  0 2021-07-24 05:25:30
 4  0      0 56349120   2088 2536144    0    0     0     0 2190 2022 23  1 76  0  0 2021-07-24 05:25:31
 1  0      0 56349372   2088 2536144    0    0     0     0 2336 2137 24  1 75  0  0 2021-07-24 05:25:32
 1  0      0 56366608   2088 2536144    0    0     0     0 1893 1747 20  2 79  0  0 2021-07-24 05:25:33
 1  0      0 56349868   2088 2536144    0    0     0     0 1627 1609 19  0 81  0  0 2021-07-24 05:25:34
 1  0      0 56349132   2088 2536144    0    0     0     0 2451 2199 23  3 74  0  0 2021-07-24 05:25:35
 1  0      0 56349132   2088 2536144    0    0     0     0 1674 1682 19  0 81  0  0 2021-07-24 05:25:36
 1  0      0 56398612   2088 2536144    0    0     0     0 2339 2129 23  2 76  0  0 2021-07-24 05:25:37
 2  0      0 56398240   2088 2536152    0    0     0     0 2903 2221 24  3 73  0  0 2021-07-24 05:25:38
 1  0      0 56398252   2088 2536156    0    0     0     0 2498 2148 23  4 74  0  0 2021-07-24 05:25:39
 4  0      0 56381888   2088 2536156    0    0     0     0 2277 2065 23  1 76  0  0 2021-07-24 05:25:40
 4  0      0 56382016   2088 2536156    0    0     0     0 2439 2151 23  2 74  0  0 2021-07-24 05:25:41
 1  0      0 56381892   2088 2536156    0    0     0     0 2518 2217 26  1 73  0  0 2021-07-24 05:25:42
 1  0      0 56382148   2088 2536156    0    0     0     0 2475 2151 25  2 74  0  0 2021-07-24 05:25:43
 4  0      0 56368016   2088 2536156    0    0     0     0 2093 1906 21  2 77  0  0 2021-07-24 05:25:44
 1  0      0 56367404   2088 2536164    0    0     0     0 2693 2307 26  2 72  0  0 2021-07-24 05:25:45
 4  0      0 56366412   2088 2536164    0    0     0     0 2267 1992 25  1 74  0  0 2021-07-24 05:25:46
 1  0      0 56365912   2088 2536164    0    0     0     0 2500 2308 24  2 74  0  0 2021-07-24 05:25:47
 4  0      0 56356616   2088 2536164    0    0     0    44 1896 1843 21  0 79  0  0 2021-07-24 05:25:48
 4  0      0 56349920   2088 2536164    0    0     0     0 1644 1645 17  1 82  0  0 2021-07-24 05:25:49
 1  0      0 56349180   2088 2536164    0    0     0     4 2116 1951 23  1 76  0  0 2021-07-24 05:25:50
 1  0      0 56349184   2088 2536164    0    0     0     0 2267 2106 23  1 75  0  0 2021-07-24 05:25:51
 4  0      0 56398536   2088 2536164    0    0     0     0 1857 1722 20  1 78  0  0 2021-07-24 05:25:52
 4  0      0 56398420   2088 2536172    0    0     0     8 2595 2361 26  1 73  0  0 2021-07-24 05:25:53
 4  0      0 56398548   2088 2536172    0    0     0     0 2972 2212 26  3 71  0  0 2021-07-24 05:25:54
 1  0      0 56397312   2088 2536172    0    0     0     0 2361 2098 24  2 74  0  0 2021-07-24 05:25:55
 4  0      0 56311756   2088 2536172    0    0     0     0 2454 2196 25  1 74  0  0 2021-07-24 05:25:56
 2  0      0 56366072   2088 2536172    0    0     0     0 2382 2052 24  3 74  0  0 2021-07-24 05:25:57
 4  0      0 56366080   2088 2536172    0    0     0     0 2556 2240 26  2 72  0  0 2021-07-24 05:25:58
 1  0      0 56358520   2088 2536172    0    0     0     0 2070 1861 22  2 76  0  0 2021-07-24 05:25:59
 1  0      0 56351328   2088 2536180    0    0     0     0 2659 2338 25  2 73  0  0 2021-07-24 05:26:00
 1  0      0 56350964   2088 2536180    0    0     0     0 2682 2167 25  1 74  0  0 2021-07-24 05:26:01
 1  0      0 56348492   2088 2536128    0    0     0     8 2473 2256 24  1 75  0  0 2021-07-24 05:26:02
 1  0      0 56348052   2088 2536128    0    0     0   264 2527 2288 26  1 74  0  0 2021-07-24 05:26:03
 1  0      0 56361172   2088 2536128    0    0     0     0 1836 1742 19  2 79  0  0 2021-07-24 05:26:04
 1  0      0 56349144   2088 2536128    0    0     0     0 1487 1543 18  0 82  0  0 2021-07-24 05:26:05
 2  0      0 56348280   2088 2536128    0    0     0     0 2365 2107 24  2 74  0  0 2021-07-24 05:26:06
 1  0      0 56348408   2088 2536136    0    0     0     0 1753 1689 20  0 80  0  0 2021-07-24 05:26:07
 4  0      0 56395904   2088 2536136    0    0     0     0 2153 2021 21  2 77  0  0 2021-07-24 05:26:08
 2  0      0 56395536   2088 2536136    0    0     0     0 2582 2326 25  3 72  0  0 2021-07-24 05:26:09
 1  0      0 56394704   2088 2536140    0    0     0     0 3173 2508 25  4 72  0  0 2021-07-24 05:26:10
 4  0      0 56379328   2088 2536140    0    0     0     0 2123 2007 23  1 76  0  0 2021-07-24 05:26:11
 4  0      0 56379212   2088 2536140    0    0     0     0 2308 2100 24  3 74  0  0 2021-07-24 05:26:12
 4  0      0 56379092   2088 2536140    0    0     0     0 2487 2345 26  1 73  0  0 2021-07-24 05:26:13
 4  0      0 56378972   2088 2536148    0    0     0     0 2326 2107 25  2 74  0  0 2021-07-24 05:26:14
 1  0      0 56385300   2088 2536148    0    0     0     0 1929 1794 21  2 77  0  0 2021-07-24 05:26:15
 1  0      0 56384564   2088 2536152    0    0     0     0 2659 2392 27  2 71  0  0 2021-07-24 05:26:16
 1  0      0 56346992   2088 2536152    0    0     0     0 2183 2108 23  1 76  0  0 2021-07-24 05:26:17
 1  0      0 56346492   2088 2536152    0    0     0     0 2467 2313 25  2 73  0  0 2021-07-24 05:26:18
 4  0      0 56358772   2088 2536152    0    0     0     0 1678 1770 18  1 81  0  0 2021-07-24 05:26:19
 1  0      0 56395224   2088 2536152    0    0     0    15 1791 1788 18  2 80  0  0 2021-07-24 05:26:20
 4  0      0 56374648   2088 2536152    0    0     0     0 1985 1909 21  1 77  0  0 2021-07-24 05:26:21
 1  0      0 56375024   2088 2536160    0    0     0     0 2019 1918 22  1 77  0  0 2021-07-24 05:26:22
 2  0      0 56388788   2088 2536160    0    0     0     0 1684 1658 19  1 79  0  0 2021-07-24 05:26:23
 1  0      0 56374160   2088 2536160    0    0     0    44 2798 2490 27  1 72  0  0 2021-07-24 05:26:24
 4  0      0 56374508   2088 2536160    0    0     0     0 2563 2281 23  3 74  0  0 2021-07-24 05:26:25
 1  0      0 56374760   2088 2536160    0    0     0     0 2949 2247 26  2 72  0  0 2021-07-24 05:26:26
 4  0      0 56358892   2088 2536160    0    0     0     0 2356 2051 25  1 74  0  0 2021-07-24 05:26:27
 4  0      0 56358896   2088 2536160    0    0     0     0 2451 2153 25  2 73  0  0 2021-07-24 05:26:28
 1  0      0 56359400   2088 2536168    0    0     0     8 2622 2215 25  3 72  0  0 2021-07-24 05:26:29
 1  0      0 56358904   2088 2536168    0    0     0     0 2286 2012 24  1 75  0  0 2021-07-24 05:26:30
 1  0      0 56391524   2088 2536168    0    0     0     0 2626 2271 25  2 73  0  0 2021-07-24 05:26:31
 4  0      0 56375408   2088 2536168    0    0     0     0 2430 2178 25  1 74  0  0 2021-07-24 05:26:32
 1  0      0 56342172   2088 2536168    0    0     0     0 2185 2072 21  1 77  0  0 2021-07-24 05:26:33
 1  0      0 56342176   2088 2536168    0    0     0    20 2431 2287 23  1 75  0  0 2021-07-24 05:26:34
 1  0      0 56359288   2088 2536168    0    0     0     0 1773 1768 17  1 81  0  0 2021-07-24 05:26:35
 1  0      0 56376152   2088 2536176    0    0     0     0 1524 1588 17  0 82  0  0 2021-07-24 05:26:36
 2  0      0 56375412   2088 2536176    0    0     0     0 2463 2112 25  2 73  0  0 2021-07-24 05:26:37
 1  0      0 56371196   2088 2536176    0    0     0     0 1776 1734 19  1 81  0  0 2021-07-24 05:26:38
 1  0      0 56391168   2088 2536176    0    0     0     0 2239 2053 21  2 77  0  0 2021-07-24 05:26:39
 2  0      0 56391048   2088 2536176    0    0     0     0 2647 2329 24  3 73  0  0 2021-07-24 05:26:40
 1  0      0 56391176   2088 2536176    0    0     0     0 2552 2092 24  4 72  0  0 2021-07-24 05:26:41
 1  0      0 56358816   2088 2536176    0    0     0     0 2222 2045 23  1 76  0  0 2021-07-24 05:26:42
 4  0      0 56358452   2088 2536176    0    0     0     0 2786 2194 23  2 75  0  0 2021-07-24 05:26:43
 1  0      0 56358580   2088 2536188    0    0     0     0 2575 2339 25  1 74  0  0 2021-07-24 05:26:44
 1  0      0 56358460   2088 2536188    0    0     0     0 2442 2145 24  2 74  0  0 2021-07-24 05:26:45
 4  0      0 56390952   2088 2536188    0    0     0     0 2054 1863 21  2 77  0  0 2021-07-24 05:26:46
 1  0      0 56376328   2088 2536188    0    0     0     0 2638 2316 25  2 74  0  0 2021-07-24 05:26:47
 1  0      0 56342972   2088 2536188    0    0     0     0 2269 2096 23  1 76  0  0 2021-07-24 05:26:48
 1  0      0 56342104   2088 2536188    0    0     0     0 2513 2317 23  2 75  0  0 2021-07-24 05:26:49
 4  0      0 56360332   2088 2536188    0    0     0     0 1869 1769 21  0 79  0  0 2021-07-24 05:26:50
 1  0      0 56367276   2088 2536196    0    0     0    96 1702 1696 17  1 82  0  0 2021-07-24 05:26:51
 1  0      0 56362692   2088 2536200    0    0     0     0 2170 1926 23  1 75  0  0 2021-07-24 05:26:52
 4  0      0 56362944   2088 2536200    0    0     0     0 2124 1973 21  1 77  0  0 2021-07-24 05:26:53
 1  0      0 56392828   2088 2536200    0    0     0     0 1794 1710 18  2 80  0  0 2021-07-24 05:26:54
 4  0      0 56376220   2088 2536200    0    0     0     0 2620 2340 26  1 73  0  0 2021-07-24 05:26:55
 1  0      0 56376224   2088 2536200    0    0     0     0 2509 2135 25  3 72  0  0 2021-07-24 05:26:56
 1  0      0 56375856   2088 2536200    0    0     0     0 2430 2195 24  2 74  0  0 2021-07-24 05:26:57
 4  0      0 56376480   2088 2536208    0    0     0     0 2361 2158 25  1 74  0  0 2021-07-24 05:26:58
 1  0      0 56376608   2088 2536208    0    0     0     0 2677 2143 24  2 74  0  0 2021-07-24 05:26:59
 1  0      0 56376368   2088 2536208    0    0     0    48 2519 2175 25  3 72  0  0 2021-07-24 05:27:00
 1  0      0 56376124   2088 2536212    0    0     0     0 2101 1998 22  2 77  0  0 2021-07-24 05:27:01
 4  0      0 56392740   2088 2536212    0    0     0     0 2488 2268 24  2 74  0  0 2021-07-24 05:27:02
 1  0      0 56361376   2088 2536212    0    0     0     0 2320 2211 25  1 75  0  0 2021-07-24 05:27:03
 4  0      0 56343392   2088 2536212    0    0     0     0 2171 2097 24  1 76  0  0 2021-07-24 05:27:04
 1  0      0 56343768   2088 2536220    0    0     0    16 2363 2274 26  1 74  0  0 2021-07-24 05:27:05
 1  0      0 56361004   2088 2536220    0    0     0     0 1796 1776 18  1 80  0  0 2021-07-24 05:27:06
 1  0      0 56364104   2088 2536220    0    0     0     0 1496 1561 18  1 82  0  0 2021-07-24 05:27:07
 2  0      0 56363488   2088 2536224    0    0     0     0 2234 2124 22  2 76  0  0 2021-07-24 05:27:08
 1  0      0 56363616   2088 2536224    0    0     0     0 1856 1888 20  1 80  0  0 2021-07-24 05:27:09
 1  0      0 56375772   2088 2536224    0    0     0     0 2144 2017 22  2 76  0  0 2021-07-24 05:27:10
 2  0      0 56375032   2088 2536224    0    0     0     0 2592 2342 25  3 73  0  0 2021-07-24 05:27:11
 1  0      0 56375040   2088 2536224    0    0     0     0 2384 2091 22  4 74  0  0 2021-07-24 05:27:12
 4  0      0 56375164   2088 2536232    0    0     0     0 2158 2038 23  1 76  0  0 2021-07-24 05:27:13
 4  0      0 56375544   2088 2536232    0    0     0     0 2471 2161 24  2 73  0  0 2021-07-24 05:27:14
 1  0      0 56375548   2088 2536232    0    0     0     0 3058 2341 28  1 71  0  0 2021-07-24 05:27:15
 4  0      0 56375676   2088 2536232    0    0     0     0 2443 2139 24  2 73  0  0 2021-07-24 05:27:16
 4  0      0 56391904   2088 2536232    0    0     0     0 1923 1801 19  3 78  0  0 2021-07-24 05:27:17
 1  0      0 56377052   2088 2536232    0    0     0     0 2662 2385 26  2 72  0  0 2021-07-24 05:27:18
 1  0      0 56343572   2088 2536232    0    0     0     7 2226 2112 24  1 75  0  0 2021-07-24 05:27:19
 4  0      0 56342900   2088 2536240    0    0     0     0 2507 2249 27  2 71  0  0 2021-07-24 05:27:20
 1  0      0 56361056   2088 2536240    0    0     0     0 1771 1745 21  1 78  0  0 2021-07-24 05:27:21
 1  0      0 56381020   2088 2536240    0    0     0    83 1730 1726 17  1 81  0  0 2021-07-24 05:27:22
 1  0      0 56362796   2088 2536240    0    0     0     0 2097 1982 23  1 76  0  0 2021-07-24 05:27:23
 1  0      0 56362800   2088 2536240    0    0     0     0 1987 1941 20  1 79  0  0 2021-07-24 05:27:24
 4  0      0 56392312   2088 2536240    0    0     0     0 1835 1744 20  2 79  0  0 2021-07-24 05:27:25
 4  0      0 56375000   2088 2536240    0    0     0     0 2682 2515 26  1 73  0  0 2021-07-24 05:27:26
 1  0      0 56375128   2088 2536244    0    0     0     0 2389 2105 23  4 73  0  0 2021-07-24 05:27:27
 1  0      0 56375256   2088 2536252    0    0     0     0 2396 2225 23  2 74  0  0 2021-07-24 05:27:28
 1  0      0 56375384   2088 2536252    0    0     0     0 2205 2123 22  1 76  0  0 2021-07-24 05:27:29
 1  0      0 56375140   2088 2536252    0    0     0     0 2247 2089 22  2 75  0  0 2021-07-24 05:27:30
 1  0      0 56375520   2088 2536252    0    0     0     0 2809 2180 23  3 74  0  0 2021-07-24 05:27:31
 1  0      0 56375148   2088 2536252    0    0     0     0 2145 1972 22  2 76  0  0 2021-07-24 05:27:32
 2  0      0 56392016   2088 2536252    0    0     0     0 2454 2206 25  2 73  0  0 2021-07-24 05:27:33
 1  0      0 56360032   2088 2536252    0    0     0     0 2309 2203 24  1 75  0  0 2021-07-24 05:27:34
 1  0      0 56342420   2088 2536260    0    0     0     0 2181 2060 24  1 75  0  0 2021-07-24 05:27:35
 4  0      0 56342176   2088 2536260    0    0     0    52 2497 2381 25  1 74  0  0 2021-07-24 05:27:36
 1  0      0 56359656   2088 2536260    0    0     0     0 1803 1777 19  1 80  0  0 2021-07-24 05:27:37
 1  0      0 56362884   2088 2536260    0    0     0     0 1384 1461 17  1 83  0  0 2021-07-24 05:27:38
 4  0      0 56362268   2088 2536260    0    0     0     0 2224 2100 24  1 75  0  0 2021-07-24 05:27:39
 1  0      0 56362272   2088 2536260    0    0     0     0 1960 1841 21  2 78  0  0 2021-07-24 05:27:40
 4  0      0 56375792   2088 2536260    0    0     0     4 1875 1794 19  2 79  0  0 2021-07-24 05:27:41
 1  0      0 56375424   2088 2536268    0    0     0     7 2787 2520 29  1 69  0  0 2021-07-24 05:27:42
 2  0      0 56374808   2088 2536268    0    0     0     0 2478 2040 24  4 71  0  0 2021-07-24 05:27:43
 4  0      0 56331164   2088 2536268    0    0     0     0 2107 1959 23  1 76  0  0 2021-07-24 05:27:44
 1  0      0 56375068   2088 2536268    0    0     0     0 2425 2118 23  4 74  0  0 2021-07-24 05:27:45
 4  0      0 56375564   2088 2536268    0    0     0     4 2521 2315 25  1 74  0  0 2021-07-24 05:27:46
 5  0      0 56375444   2088 2536268    0    0     0     0 2792 2169 24  2 73  0  0 2021-07-24 05:27:47
 3  0      0 56392372   2088 2536268    0    0     0     0 2161 1904 22  2 76  0  0 2021-07-24 05:27:48
 1  0      0 56377072   2088 2536276    0    0     0     0 2704 2426 26  2 71  0  0 2021-07-24 05:27:49
 1  0      0 56360456   2088 2536280    0    0     0     0 2361 2291 24  2 75  0  0 2021-07-24 05:27:50
 4  0      0 56342660   2088 2536280    0    0     0   100 2210 2091 24  1 75  0  0 2021-07-24 05:27:51
 1  0      0 56391868   2088 2536280    0    0     0    28 1916 1876 21  1 78  0  0 2021-07-24 05:27:52
 1  0      0 56391668   2088 2536280    0    0     0     0 1788 1753 19  1 80  0  0 2021-07-24 05:27:53
 4  0      0 56362376   2088 2536280    0    0     0     0 1830 1787 19  2 79  0  0 2021-07-24 05:27:54
 1  0      0 56362880   2088 2536280    0    0     0     0 2427 2229 26  1 73  0  0 2021-07-24 05:27:55
 1  0      0 56391460   2088 2536280    0    0     0     0 1325 1402 17  0 83  0  0 2021-07-24 05:27:56
 2  0      0 56359164   2088 2536288    0    0     0     0 2436 2196 25  2 73  0  0 2021-07-24 05:27:57
 1  0      0 56359172   2088 2536288    0    0     0     0 2425 2132 23  4 74  0  0 2021-07-24 05:27:58
 1  0      0 56359300   2088 2536288    0    0     0     0 2612 2243 26  3 72  0  0 2021-07-24 05:27:59
 4  0      0 56359056   2088 2536288    0    0     0     0 2296 2107 23  2 76  0  0 2021-07-24 05:28:00
 1  0      0 56359060   2088 2536288    0    0     0     0 2475 2114 26  1 73  0  0 2021-07-24 05:28:01
 1  0      0 56359560   2088 2536288    0    0     0     0 2491 2220 25  1 73  0  0 2021-07-24 05:28:02
 4  0      0 56358940   2088 2536288    0    0     0     0 2772 2075 25  2 73  0  0 2021-07-24 05:28:03
 1  0      0 56381764   2088 2536296    0    0     0     0 2182 1953 22  2 76  0  0 2021-07-24 05:28:04
 1  0      0 56376688   2088 2536300    0    0     0     0 2547 2251 24  2 74  0  0 2021-07-24 05:28:05
 4  0      0 56343580   2088 2536300    0    0     0     0 2202 2039 22  1 76  0  0 2021-07-24 05:28:06
 1  0      0 56342588   2088 2536300    0    0     0     0 2553 2204 26  2 72  0  0 2021-07-24 05:28:07
 4  0      0 56285796   2088 2536300    0    0     0     0 1919 1795 21  1 78  0  0 2021-07-24 05:28:08
 1  0      0 56363296   2088 2536300    0    0     0     0 1631 1587 17  1 81  0  0 2021-07-24 05:28:09
 1  0      0 56362432   2088 2536300    0    0     0     0 2044 1963 20  2 79  0  0 2021-07-24 05:28:10
 1  0      0 56362560   2088 2536308    0    0     0     0 2273 2023 24  1 75  0  0 2021-07-24 05:28:11
 4  0      0 56391580   2088 2536308    0    0     0     8 1829 1683 19  2 79  0  0 2021-07-24 05:28:12
 3  0      0 56375216   2088 2536308    0    0     0     0 2609 2309 27  1 73  0  0 2021-07-24 05:28:13
 1  0      0 56375592   2088 2536308    0    0     0     0 2567 2121 26  3 71  0  0 2021-07-24 05:28:14
 1  0      0 56375596   2088 2536308    0    0     0     0 2477 2156 25  2 73  0  0 2021-07-24 05:28:15
 4  0      0 56375600   2088 2536312    0    0     0     0 2338 2086 24  1 75  0  0 2021-07-24 05:28:16
 4  0      0 56375480   2088 2536312    0    0     0    48 2349 2090 23  2 75  0  0 2021-07-24 05:28:17
 1  0      0 56375732   2088 2536312    0    0     0     0 2558 2170 23  3 73  0  0 2021-07-24 05:28:18
 1  0      0 56372016   2088 2536320    0    0     0     0 2352 2067 24  2 75  0  0 2021-07-24 05:28:19
 1  0      0 56391744   2088 2536320    0    0     0     0 2931 2260 24  2 74  0  0 2021-07-24 05:28:20
 4  0      0 56360248   2088 2536320    0    0     0     0 2338 2178 23  1 76  0  0 2021-07-24 05:28:21
 1  0      0 56342512   2088 2536320    0    0     0     8 2214 2069 23  1 76  0  0 2021-07-24 05:28:22
 1  0      0 56342640   2088 2536320    0    0     0    44 2544 2351 25  1 74  0  0 2021-07-24 05:28:23
 1  0      0 56355040   2088 2536320    0    0     0     0 1850 1730 20  1 79  0  0 2021-07-24 05:28:24
 1  0      0 56363100   2088 2536320    0    0     0     0 1810 1955 16  0 83  0  0 2021-07-24 05:28:25
 4  0      0 56363100   2088 2536328    0    0     0     0 2407 2116 25  1 74  0  0 2021-07-24 05:28:26
 1  0      0 56362104   2088 2536328    0    0     0     0 2077 1960 21  1 78  0  0 2021-07-24 05:28:27
 1  0      0 56375504   2088 2536328    0    0     0     0 1897 1800 19  1 79  0  0 2021-07-24 05:28:28
 1  0      0 56374888   2088 2536328    0    0     0     0 2776 2438 27  2 71  0  0 2021-07-24 05:28:29
 2  0      0 56375016   2088 2536328    0    0     0     0 2555 2078 24  5 71  0  0 2021-07-24 05:28:30
 4  0      0 56306076   2088 2536328    0    0     0     0 2094 1984 21  2 77  0  0 2021-07-24 05:28:31
 1  0      0 56375520   2088 2536328    0    0     0     0 2408 2059 23  3 74  0  0 2021-07-24 05:28:32
 1  0      0 56374784   2088 2536328    0    0     0     0 2603 2308 26  1 73  0  0 2021-07-24 05:28:33
 1  0      0 56374788   2088 2536336    0    0     0     0 2451 2146 25  2 73  0  0 2021-07-24 05:28:34
 1  0      0 56381360   2088 2536336    0    0     0     0 1995 1848 19  2 78  0  0 2021-07-24 05:28:35
 1  0      0 56376660   2088 2536336    0    0     0     0 3117 2358 27  1 71  0  0 2021-07-24 05:28:36
 1  0      0 56376040   2088 2536336    0    0     0     0 2443 2270 24  1 74  0  0 2021-07-24 05:28:37
 4  0      0 56342808   2088 2536336    0    0     0     0 2251 2070 24  1 75  0  0 2021-07-24 05:28:38
 1  0      0 56391196   2088 2536336    0    0     0     0 1959 1848 22  1 77  0  0 2021-07-24 05:28:39
 1  0      0 56391816   2088 2536348    0    0     0     0 1791 1757 19  1 80  0  0 2021-07-24 05:28:40
 1  0      0 56362524   2088 2536348    0    0     0     0 1813 1709 21  2 77  0  0 2021-07-24 05:28:41
 4  0      0 56362656   2088 2536348    0    0     0     0 2396 2216 26  1 73  0  0 2021-07-24 05:28:42
 2  0      0 56302144   2088 2536348    0    0     0     0 1296 1396 16  1 83  0  0 2021-07-24 05:28:43
 4  0      0 56321804   2088 2536368    0    0     0     0 2978 2587 26  2 72  0  0 2021-07-24 05:28:44
 2  0      0 56372996   2088 2536372    0    0     0     0 2534 2010 24  4 71  0  0 2021-07-24 05:28:45
 4  0      0 56373004   2088 2536372    0    0     0     0 2714 2268 27  2 71  0  0 2021-07-24 05:28:46
 4  0      0 56356888   2088 2536372    0    0     0    12 2296 2059 23  2 75  0  0 2021-07-24 05:28:47
 1  0      0 56356644   2088 2536380    0    0     0     0 2481 2168 24  2 73  0  0 2021-07-24 05:28:48
 1  0      0 56356400   2088 2536380    0    0     0     0 2476 2192 25  2 74  0  0 2021-07-24 05:28:49
 1  0      0 56357024   2088 2536380    0    0     0     0 2327 2092 23  2 75  0  0 2021-07-24 05:28:50
 2  0      0 56389764   2088 2536380    0    0     0     0 2218 1979 22  2 75  0  0 2021-07-24 05:28:51
 1  0      0 56374768   2088 2536380    0    0     0     0 2871 2264 23  2 75  0  0 2021-07-24 05:28:52
 1  0      0 56340792   2088 2536380    0    0     0    44 2202 2030 23  1 76  0  0 2021-07-24 05:28:53
 1  0      0 56340416   2088 2536380    0    0     0     3 2585 2270 25  2 73  0  0 2021-07-24 05:28:54
 4  0      0 56315248   2088 2536380    0    0     0     0 1888 1760 21  1 78  0  0 2021-07-24 05:28:55
 1  0      0 56361004   2088 2536392    0    0     0     0 1685 1574 19  1 80  0  0 2021-07-24 05:28:56
 1  0      0 56360264   2088 2536392    0    0     0     0 2226 1983 24  1 75  0  0 2021-07-24 05:28:57
 1  0      0 56360144   2088 2536392    0    0     0     0 2224 2003 23  1 76  0  0 2021-07-24 05:28:58
 4  0      0 56389904   2088 2536392    0    0     0     0 1851 1695 20  2 78  0  0 2021-07-24 05:28:59
 1  0      0 56373172   2088 2536392    0    0     0     0 2499 2321 25  2 73  0  0 2021-07-24 05:29:00
 1  0      0 56373424   2088 2536392    0    0     0     0 2420 2131 25  3 72  0  0 2021-07-24 05:29:01
 1  0      0 56373304   2088 2536392    0    0     0     0 2345 2194 23  2 75  0  0 2021-07-24 05:29:02
 4  0      0 56357188   2088 2536400    0    0     0     0 2129 2034 22  2 77  0  0 2021-07-24 05:29:03
 1  0      0 56357068   2088 2536400    0    0     0     0 2289 2104 23  2 75  0  0 2021-07-24 05:29:04
 4  0      0 56357692   2088 2536400    0    0     0     0 2475 2158 24  3 72  0  0 2021-07-24 05:29:05
 1  0      0 56357204   2088 2536400    0    0     0     0 2219 2065 23  2 75  0  0 2021-07-24 05:29:06
 2  0      0 56390932   2088 2536400    0    0     0     0 2368 2194 24  2 74  0  0 2021-07-24 05:29:07
 4  0      0 56358700   2088 2536400    0    0     0     8 2671 2194 24  1 75  0  0 2021-07-24 05:29:08
 1  0      0 56341464   2088 2536400    0    0     0     0 2222 2140 24  1 75  0  0 2021-07-24 05:29:09
 4  0      0 56341092   2088 2536408    0    0     0     0 2432 2347 24  2 75  0  0 2021-07-24 05:29:10
 1  0      0 56358696   2088 2536408    0    0     0     0 1886 1823 20  2 78  0  0 2021-07-24 05:29:11
 1  0      0 56358328   2088 2536408    0    0     0     0 1358 1442 17  0 83  0  0 2021-07-24 05:29:12
 4  0      0 56357588   2088 2536408    0    0     0     0 2161 2064 23  1 76  0  0 2021-07-24 05:29:13
 1  0      0 56357468   2088 2536408    0    0     0     0 1970 1915 21  2 78  0  0 2021-07-24 05:29:14
 1  0      0 56374832   2088 2536408    0    0     0     0 1861 1765 20  2 78  0  0 2021-07-24 05:29:15
 4  0      0 56373968   2088 2536412    0    0     0     0 2639 2446 27  1 72  0  0 2021-07-24 05:29:16
 2  0      0 56374220   2088 2536412    0    0     0     0 2400 2075 23  4 73  0  0 2021-07-24 05:29:17
 1  0      0 56358460   2088 2536420    0    0     0   200 2020 1924 22  1 77  0  0 2021-07-24 05:29:18
 1  0      0 56358340   2088 2536420    0    0     0     0 2494 2166 25  3 72  0  0 2021-07-24 05:29:19
 1  0      0 56357604   2088 2536420    0    0     0     0 2285 2168 23  1 76  0  0 2021-07-24 05:29:20
 1  0      0 56357608   2088 2536420    0    0     0     0 2415 2175 26  2 71  0  0 2021-07-24 05:29:21
 4  0      0 56390140   2088 2536420    0    0     0     0 2031 1873 21  2 77  0  0 2021-07-24 05:29:22
 1  0      0 56359724   2088 2536420    0    0     0     0 2492 2310 24  2 74  0  0 2021-07-24 05:29:23
 4  0      0 56358984   2088 2536420    0    0     0     4 2744 2318 25  1 74  0  0 2021-07-24 05:29:24
 4  0      0 56357620   2088 2536424    0    0     0     1 2097 2021 23  2 75  0  0 2021-07-24 05:29:25
 1  0      0 56347452   2088 2536432    0    0     0     0 2170 2037 25  1 73  0  0 2021-07-24 05:29:26
 1  0      0 56342864   2088 2536432    0    0     0     0 1783 1785 18  2 81  0  0 2021-07-24 05:29:27
 4  0      0 56357704   2088 2536432    0    0     0    48 1715 1808 19  0 80  0  0 2021-07-24 05:29:28
 2  0      0 56357956   2088 2536432    0    0     0     0 2245 2106 23  2 75  0  0 2021-07-24 05:29:29
 1  0      0 56348660   2088 2536432    0    0     0     0 1632 1682 19  0 81  0  0 2021-07-24 05:29:30
 4  0      0 56358212   2088 2536432    0    0     0     0 2117 2023 22  1 77  0  0 2021-07-24 05:29:31
 2  0      0 56357472   2088 2536432    0    0     0     0 2643 2275 28  2 69  0  0 2021-07-24 05:29:32
 1  0      0 56357852   2088 2536440    0    0     0     0 2413 2118 24  3 72  0  0 2021-07-24 05:29:33
 1  0      0 56357852   2088 2536440    0    0     0     0 2142 2001 24  1 75  0  0 2021-07-24 05:29:34
 1  0      0 56357488   2088 2536440    0    0     0     0 2372 2162 25  2 73  0  0 2021-07-24 05:29:35
 4  0      0 56357740   2088 2536440    0    0     0     0 2496 2370 26  1 73  0  0 2021-07-24 05:29:36
 1  0      0 56357496   2088 2536440    0    0     0     0 2294 2116 23  2 75  0  0 2021-07-24 05:29:37
 5  0      0 56379944   2088 2536440    0    0     0     0 1964 1874 20  2 78  0  0 2021-07-24 05:29:38
 1  0      0 56359864   2088 2536440    0    0     0     4 2520 2343 24  2 74  0  0 2021-07-24 05:29:39
 4  0      0 56390052   2088 2536448    0    0     0     0 2648 2196 25  1 74  0  0 2021-07-24 05:29:40
 4  0      0 56357504   2088 2536448    0    0     0     0 2381 2198 25  2 73  0  0 2021-07-24 05:29:41
 1  0      0 56353416   2088 2536448    0    0     0     0 1668 1756 18  1 81  0  0 2021-07-24 05:29:42
 0  0      0 59291688   2088 2375740    0    0     0     0 2171 1811 11  4 86  0  0 2021-07-24 05:29:43
 0  0      0 59291972   2088 2375740    0    0     0     0  495  870  0  0 100  0  0 2021-07-24 05:29:44
 0  0      0 59291972   2088 2375740    0    0     0     0  518  912  0  0 100  0  0 2021-07-24 05:29:45
 0  0      0 59291972   2088 2375740    0    0     0     0  517  914  0  0 100  0  0 2021-07-24 05:29:46
 0  0      0 59291972   2088 2375740    0    0     0     0  504  903  0  0 100  0  0 2021-07-24 05:29:47
 0  0      0 59291972   2088 2375740    0    0     0     0  511  920  0  0 100  0  0 2021-07-24 05:29:48
 0  0      0 59291972   2088 2375740    0    0     0     4  498  884  0  0 100  0  0 2021-07-24 05:29:49
 0  0      0 59291972   2088 2375740    0    0     0     0  496  876  0  0 100  0  0 2021-07-24 05:29:50
 0  0      0 59291972   2088 2375744    0    0     0     0  511  905  0  0 100  0  0 2021-07-24 05:29:51
 0  0      0 59291972   2088 2375744    0    0     0     0  500  888  0  0 100  0  0 2021-07-24 05:29:52
 0  0      0 59291972   2088 2375744    0    0     0     0  516  913  0  0 100  0  0 2021-07-24 05:29:53
 0  0      0 59291972   2088 2375744    0    0     0     0  489  872  0  0 100  0  0 2021-07-24 05:29:54
 0  0      0 59291972   2088 2375744    0    0     0    43  505  896  0  0 100  0  0 2021-07-24 05:29:55
 0  0      0 59291972   2088 2375744    0    0     0     0  838  890  0  0 100  0  0 2021-07-24 05:29:56
 0  0      0 59291972   2088 2375744    0    0     0     0  509  904  0  0 100  0  0 2021-07-24 05:29:57
 0  0      0 59291972   2088 2375744    0    0     0     0  515  912  0  0 100  0  0 2021-07-24 05:29:58
 0  0      0 59291972   2088 2375744    0    0     0     4  516  910  0  0 100  0  0 2021-07-24 05:29:59
 0  0      0 59291972   2088 2375744    0    0     0     0  498  884  0  0 100  0  0 2021-07-24 05:30:00
 0  0      0 59291972   2088 2375744    0    0     0     0  492  873  0  0 100  0  0 2021-07-24 05:30:01
 0  0      0 59291192   2088 2375768    0    0     0     0  971 1294  0  0 100  0  0 2021-07-24 05:30:02
 0  0      0 59291492   2088 2375776    0    0     0     0  513  903  0  0 100  0  0 2021-07-24 05:30:03
 0  0      0 59291492   2088 2375776    0    0     0    24  496  884  0  0 100  0  0 2021-07-24 05:30:04
 0  0      0 59291492   2088 2375776    0    0     0     0  503  896  0  0 100  0  0 2021-07-24 05:30:05
 0  0      0 59291492   2088 2375776    0    0     0     0  500  895  0  0 100  0  0 2021-07-24 05:30:06
 0  0      0 59291492   2088 2375776    0    0     0     0  518  927  0  0 100  0  0 2021-07-24 05:30:07
 0  0      0 59291492   2088 2375776    0    0     0     0  500  886  0  0 100  0  0 2021-07-24 05:30:08
 0  0      0 59291492   2088 2375776    0    0     0   284  544  907  0  0 100  0  0 2021-07-24 05:30:09
 0  0      0 59291524   2088 2375776    0    0     0     0  504  887  0  0 100  0  0 2021-07-24 05:30:10
 0  0      0 59291524   2088 2375776    0    0     0     0  500  869  0  0 100  0  0 2021-07-24 05:30:11
 0  0      0 59291524   2088 2375776    0    0     0     0  510  912  0  0 100  0  0 2021-07-24 05:30:12
 0  0      0 59291524   2088 2375776    0    0     0     0  857  924  0  0 100  0  0 2021-07-24 05:30:13
 0  0      0 59291636   2088 2375776    0    0     0 43804  861  938  0  0 99  0  0 2021-07-24 05:30:14
 0  0      0 59291636   2088 2375776    0    0     0     0  478  869  0  0 100  0  0 2021-07-24 05:30:15
 0  0      0 59291636   2088 2375776    0    0     0     0  521  916  0  0 100  0  0 2021-07-24 05:30:16
