#Date       Time        gpu rxpci txpci    sm   mem   enc   dec
#YYYYMMDD   HH:MM:SS    Idx  MB/s  MB/s     %     %     %     %
 20210724   06:33:29      0     0     0     0     0     0     0
 20210724   06:33:30      0     0     0     0     0     0     0
 20210724   06:33:31      0     0     0     0     0     0     0
 20210724   06:33:33      0     0     0     0     0     0     0
 20210724   06:33:34      0     0     0     0     0     0     0
 20210724   06:33:35      0     0     0     0     0     0     0
 20210724   06:33:36      0     0     0     0     0     0     0
 20210724   06:33:37      0     0     0     0     0     0     0
 20210724   06:33:38      0     0     0     0     0     0     0
 20210724   06:33:39      0     0     0     0     0     0     0
 20210724   06:33:40      0     0     0     0     0     0     0
 20210724   06:33:41      0     0     0     0     0     0     0
 20210724   06:33:42      0     0     0     0     0     0     0
 20210724   06:33:43      0     0     0     0     0     0     0
 20210724   06:33:45      0     0     0     0     0     0     0
 20210724   06:33:46      0     0     0     0     0     0     0
 20210724   06:33:47      0     0     0     0     0     0     0
 20210724   06:33:48      0     0     0     0     0     0     0
 20210724   06:33:49      0     0     0     0     0     0     0
 20210724   06:33:50      0     0     0     0     0     0     0
 20210724   06:33:51      0     0     0     0     0     0     0
 20210724   06:33:53      0     0     0     0     0     0     0
 20210724   06:33:54      0     0     0     0     0     0     0
 20210724   06:33:55      0     0     0     0     0     0     0
 20210724   06:33:56      0     0     0     0     0     0     0
 20210724   06:33:57      0     0     0     0     0     0     0
 20210724   06:33:58      0     0     0     0     0     0     0
 20210724   06:33:59      0     0     0     0     0     0     0
 20210724   06:34:00      0     0     0     0     0     0     0
 20210724   06:34:01      0     0     0     0     0     0     0
 20210724   06:34:02      0     0     0     0     0     0     0
 20210724   06:34:04      0     0     0     0     0     0     0
 20210724   06:34:05      0     0     0     0     0     0     0
 20210724   06:34:06      0     0     0     0     0     0     0
 20210724   06:34:07      0     0     0     0     0     0     0
 20210724   06:34:08      0     0     0     0     0     0     0
 20210724   06:34:09      0     0     0     0     0     0     0
 20210724   06:34:10      0     0     0     0     0     0     0
 20210724   06:34:11      0     0     0     0     0     0     0
 20210724   06:34:12      0     0     0     0     0     0     0
 20210724   06:34:14      0     0     0     0     0     0     0
 20210724   06:34:15      0     0     0     0     0     0     0
 20210724   06:34:16      0     0     0     0     0     0     0
 20210724   06:34:17      0     0     0     0     0     0     0
#Date       Time        gpu rxpci txpci    sm   mem   enc   dec
#YYYYMMDD   HH:MM:SS    Idx  MB/s  MB/s     %     %     %     %
 20210724   06:34:18      0     0     0     0     0     0     0
 20210724   06:34:19      0     0     0     0     0     0     0
 20210724   06:34:20      0     0     0     0     0     0     0
 20210724   06:34:22      0     0     0     0     0     0     0
 20210724   06:34:23      0     0     0     0     0     0     0
 20210724   06:34:24      0     0     0     0     0     0     0
 20210724   06:34:25      0     0     0     0     0     0     0
 20210724   06:34:26      0     0     0     0     0     0     0
 20210724   06:34:27      0     0     0     0     0     0     0
 20210724   06:34:28      0     0     0     0     0     0     0
 20210724   06:34:29      0     0     0     0     0     0     0
 20210724   06:34:30      0     0     0     0     0     0     0
 20210724   06:34:31      0     0     0     0     0     0     0
 20210724   06:34:33      0     0     0     0     0     0     0
 20210724   06:34:34      0     0     0     0     0     0     0
 20210724   06:34:35      0     0     0     0     0     0     0
 20210724   06:34:36      0     0     0     0     0     0     0
 20210724   06:34:37      0     0     0     0     0     0     0
 20210724   06:34:38      0     0     0     0     0     0     0
 20210724   06:34:39      0     0     0     0     0     0     0
 20210724   06:34:40      0     0     0     0     0     0     0
 20210724   06:34:41      0     0     0     0     0     0     0
 20210724   06:34:43      0     0   108     9     1     0     0
 20210724   06:34:44      0   184    54     3     0     0     0
 20210724   06:34:45      0     0    84     4     0     0     0
 20210724   06:34:46      0   452    64     4     0     0     0
 20210724   06:34:47      0     0     0     0     0     0     0
 20210724   06:34:48      0     0     0    39    25     0     0
 20210724   06:34:49      0     0     0     0     0     0     0
 20210724   06:34:50      0     0   519     0     0     0     0
 20210724   06:34:51      0     0     0     0     0     0     0
 20210724   06:34:52      0     0     0     0     0     0     0
 20210724   06:34:53      0     0     0     0     0     0     0
 20210724   06:34:54      0  3595   309    50    27     0     0
 20210724   06:34:55      0     0     0    37    27     0     0
 20210724   06:34:57      0     0     0     0     0     0     0
 20210724   06:34:58      0     0     0     0     0     0     0
 20210724   06:34:59      0     0     0     0     0     0     0
 20210724   06:35:00      0    15     0    39    26     0     0
 20210724   06:35:01      0     0     0     0     0     0     0
 20210724   06:35:02      0     0     0     0     0     0     0
 20210724   06:35:03      0     0   770     0     0     0     0
 20210724   06:35:04      0     0     0    42    28     0     0
 20210724   06:35:05      0     0     0     0     0     0     0
#Date       Time        gpu rxpci txpci    sm   mem   enc   dec
#YYYYMMDD   HH:MM:SS    Idx  MB/s  MB/s     %     %     %     %
 20210724   06:35:07      0     0     0    20    12     0     0
 20210724   06:35:08      0     0     0     0     0     0     0
 20210724   06:35:09      0     0     0     0     0     0     0
 20210724   06:35:10      0     0     0     0     0     0     0
 20210724   06:35:11      0  3631   164    21    13     0     0
 20210724   06:35:12      0     0     0     0     0     0     0
 20210724   06:35:13      0     0     0     0     0     0     0
 20210724   06:35:14      0     0     0     0     0     0     0
 20210724   06:35:15      0     0     0     0     0     0     0
 20210724   06:35:16      0     0     0    26    18     0     0
 20210724   06:35:17      0  1928     8     0     0     0     0
 20210724   06:35:18      0     0     0     0     0     0     0
 20210724   06:35:20      0     0     0     0     0     0     0
 20210724   06:35:21      0     0     0     0     0     0     0
 20210724   06:35:22      0     0     0     0     0     0     0
 20210724   06:35:23      0  3493   398   100     0     0     0
 20210724   06:35:24      0     0     0     0     0     0     0
 20210724   06:35:25      0     0     0     0     0     0     0
 20210724   06:35:26      0     0     0     0     0     0     0
 20210724   06:35:27      0  3531   400    33    22     0     0
 20210724   06:35:28      0     0     0    16     0     0     0
 20210724   06:35:29      0     0     0    33     5     0     0
 20210724   06:35:31      0     0     0     0     0     0     0
 20210724   06:35:32      0     0     0     0     0     0     0
 20210724   06:35:33      0     0     0     0     0     0     0
 20210724   06:35:34      0     0     0     0     0     0     0
 20210724   06:35:35      0     0     0     0     0     0     0
 20210724   06:35:36      0     0     0     0     0     0     0
 20210724   06:35:37      0     0     0     0     0     0     0
 20210724   06:35:38      0  3692   404    19    12     0     0
 20210724   06:35:39      0     0     0    93    28     0     0
 20210724   06:35:41      0     0     0    10     7     0     0
 20210724   06:35:42      0     0     0     0     0     0     0
 20210724   06:35:43      0     0     0     0     0     0     0
 20210724   06:35:44      0  3787   406     5     0     0     0
 20210724   06:35:45      0   282     0     0     0     0     0
 20210724   06:35:46      0     0     0    39    25     0     0
 20210724   06:35:47      0     0     0    39    25     0     0
 20210724   06:35:48      0     0     0     0     0     0     0
 20210724   06:35:49      0     0     0     0     0     0     0
 20210724   06:35:50      0     0     0    12     6     0     0
 20210724   06:35:51      0     0     0     0     0     0     0
 20210724   06:35:53      0     0     0    37    25     0     0
 20210724   06:35:54      0     0     0     0     0     0     0
#Date       Time        gpu rxpci txpci    sm   mem   enc   dec
#YYYYMMDD   HH:MM:SS    Idx  MB/s  MB/s     %     %     %     %
 20210724   06:35:55      0     0   697     3     0     0     0
 20210724   06:35:56      0     0     0     0     0     0     0
 20210724   06:35:57      0     0     0    84    28     0     0
 20210724   06:35:58      0     0     0     0     0     0     0
 20210724   06:35:59      0     0     0     0     0     0     0
 20210724   06:36:00      0     0     0     0     0     0     0
 20210724   06:36:01      0     0     0     0     0     0     0
 20210724   06:36:02      0  3095   488     0     0     0     0
 20210724   06:36:04      0     0     0     0     0     0     0
 20210724   06:36:05      0     0     0    46    30     0     0
 20210724   06:36:06      0     0     0     0     0     0     0
 20210724   06:36:07      0  5633   448     5     0     0     0
 20210724   06:36:08      0     0     0     0     0     0     0
 20210724   06:36:09      0  5262   453     0     0     0     0
 20210724   06:36:10      0     0     0    24     0     0     0
 20210724   06:36:11      0     0     0     0     0     0     0
 20210724   06:36:12      0     0     0     0     0     0     0
 20210724   06:36:14      0  5561   495     0     0     0     0
 20210724   06:36:15      0     0     0     0     0     0     0
 20210724   06:36:16      0     0     0     0     0     0     0
 20210724   06:36:17      0     0     0     0     0     0     0
 20210724   06:36:18      0     0     0     0     0     0     0
 20210724   06:36:19      0   507     6    18    11     0     0
 20210724   06:36:20      0     0     0     0     0     0     0
 20210724   06:36:21      0     0     0     0     0     0     0
 20210724   06:36:22      0     0     0     0     0     0     0
 20210724   06:36:23      0     0     0     0     0     0     0
 20210724   06:36:25      0     0     0     0     0     0     0
 20210724   06:36:26      0  3399   387    36    25     0     0
 20210724   06:36:27      0     0     0     0     0     0     0
 20210724   06:36:28      0     0     0     0     0     0     0
 20210724   06:36:29      0     0     0     0     0     0     0
 20210724   06:36:30      0  2847     1    90    28     0     0
 20210724   06:36:31      0     0     0    56    15     0     0
 20210724   06:36:32      0     0     0    21     0     0     0
 20210724   06:36:33      0     0     0     0     0     0     0
 20210724   06:36:34      0     0     0     0     0     0     0
 20210724   06:36:36      0     0     0     0     0     0     0
 20210724   06:36:37      0     0     0     0     0     0     0
 20210724   06:36:38      0     0     0    13     9     0     0
 20210724   06:36:39      0     0     0     0     0     0     0
 20210724   06:36:40      0     0     0     0     0     0     0
 20210724   06:36:41      0     0    49     0     0     0     0
 20210724   06:36:42      0  1226     0    90    28     0     0
#Date       Time        gpu rxpci txpci    sm   mem   enc   dec
#YYYYMMDD   HH:MM:SS    Idx  MB/s  MB/s     %     %     %     %
 20210724   06:36:43      0     0     0    41    28     0     0
 20210724   06:36:45      0     0     0     0     0     0     0
 20210724   06:36:46      0  2485   620     0     0     0     0
 20210724   06:36:47      0  3407   260     6     1     0     0
 20210724   06:36:48      0   934   338    46    32     0     0
 20210724   06:36:49      0     0     0    39    25     0     0
 20210724   06:36:50      0     0     0     0     0     0     0
 20210724   06:36:51      0     0     0     0     0     0     0
 20210724   06:36:52      0     0     0     0     0     0     0
 20210724   06:36:53      0     0     0    17    13     0     0
 20210724   06:36:55      0     0     0     0     0     0     0
 20210724   06:36:56      0     0     0    36    24     0     0
 20210724   06:36:57      0     0     0     0     0     0     0
 20210724   06:36:58      0     0     0     0     0     0     0
 20210724   06:36:59      0     0     0     0     0     0     0
 20210724   06:37:00      0     0     0    89    28     0     0
 20210724   06:37:01      0     0     0     0     0     0     0
 20210724   06:37:02      0     0     0     0     0     0     0
 20210724   06:37:03      0  3087   561     0     0     0     0
 20210724   06:37:04      0  3033   530     0     0     0     0
 20210724   06:37:06      0     0     0    26    19     0     0
 20210724   06:37:07      0     0     0     0     0     0     0
 20210724   06:37:08      0     0     0     4     1     0     0
 20210724   06:37:09      0     0     0     0     0     0     0
 20210724   06:37:10      0  3539   240    18    11     0     0
 20210724   06:37:11      0     0     0     0     0     0     0
 20210724   06:37:12      0  3577   417     0     0     0     0
 20210724   06:37:13      0     0     0   100     0     0     0
 20210724   06:37:14      0     0     0     0     0     0     0
 20210724   06:37:15      0     0     0     0     0     0     0
 20210724   06:37:16      0     0   566     0     0     0     0
 20210724   06:37:17      0     0     0     0     0     0     0
 20210724   06:37:19      0     0     0     0     0     0     0
 20210724   06:37:20      0     0     0     0     0     0     0
 20210724   06:37:21      0     0     0     0     0     0     0
 20210724   06:37:22      0  4816   407     0     0     0     0
 20210724   06:37:23      0     0     0     0     0     0     0
 20210724   06:37:24      0     0     0     0     0     0     0
 20210724   06:37:25      0     0     0     0     0     0     0
 20210724   06:37:26      0     0     0     0     0     0     0
 20210724   06:37:27      0     0     0     0     0     0     0
 20210724   06:37:28      0  6746   457     0     0     0     0
 20210724   06:37:30      0     0     0    83    23     0     0
 20210724   06:37:31      0     0     0    41    28     0     0
#Date       Time        gpu rxpci txpci    sm   mem   enc   dec
#YYYYMMDD   HH:MM:SS    Idx  MB/s  MB/s     %     %     %     %
 20210724   06:37:32      0     0     0     0     0     0     0
 20210724   06:37:33      0     0     0     0     0     0     0
 20210724   06:37:34      0   762   755     0     0     0     0
 20210724   06:37:35      0  3941   446    14     8     0     0
 20210724   06:37:36      0  3363   180     0     0     0     0
 20210724   06:37:37      0     0     0     1     1     0     0
 20210724   06:37:38      0     0     0     0     0     0     0
 20210724   06:37:39      0     0     0     0     0     0     0
 20210724   06:37:40      0  1100   709     0     0     0     0
 20210724   06:37:41      0     0     0    15     9     0     0
 20210724   06:37:42      0     0     0     0     0     0     0
 20210724   06:37:44      0  1032     0    42    28     0     0
 20210724   06:37:45      0     0     0    12     0     0     0
 20210724   06:37:46      0     0     0     0     0     0     0
 20210724   06:37:47      0     0   587     0     0     0     0
 20210724   06:37:48      0     0     0    42    28     0     0
 20210724   06:37:49      0     0     0     0     0     0     0
 20210724   06:37:50      0     0     0     0     0     0     0
 20210724   06:37:51      0     0     0     0     0     0     0
 20210724   06:37:53      0     0   686     0     0     0     0
 20210724   06:37:54      0     0     0     0     0     0     0
 20210724   06:37:55      0     0     0     4     1     0     0
 20210724   06:37:56      0     0     0     0     0     0     0
 20210724   06:37:57      0  4742   455     0     0     0     0
 20210724   06:37:58      0     0     0     0     0     0     0
 20210724   06:37:59      0     0     0     0     0     0     0
 20210724   06:38:00      0  3384   366   100    16     0     0
 20210724   06:38:01      0     0     0     0     0     0     0
 20210724   06:38:02      0     0     0     0     0     0     0
 20210724   06:38:04      0     0   698     0     0     0     0
 20210724   06:38:05      0     0     0    15     0     0     0
 20210724   06:38:06      0     0     0     0     0     0     0
 20210724   06:38:07      0     0     0     0     0     0     0
 20210724   06:38:08      0     0     0     0     0     0     0
 20210724   06:38:09      0     0     0    39    25     0     0
 20210724   06:38:10      0  4945   406     0     0     0     0
 20210724   06:38:11      0     0     0     0     0     0     0
 20210724   06:38:13      0     0     0     0     0     0     0
 20210724   06:38:14      0     0     0     0     0     0     0
 20210724   06:38:15      0     0     0     0     0     0     0
 20210724   06:38:16      0  3672   462    21    13     0     0
 20210724   06:38:17      0     0     0    96    28     0     0
 20210724   06:38:18      0     0     0     0     0     0     0
 20210724   06:38:19      0     0     0     0     0     0     0
#Date       Time        gpu rxpci txpci    sm   mem   enc   dec
#YYYYMMDD   HH:MM:SS    Idx  MB/s  MB/s     %     %     %     %
 20210724   06:38:20      0  3415     1    78    28     0     0
 20210724   06:38:21      0     0     0     0     0     0     0
 20210724   06:38:23      0     0     0    26     0     0     0
 20210724   06:38:24      0     0     0     0     0     0     0
 20210724   06:38:25      0     0     0     0     0     0     0
 20210724   06:38:26      0     0     0     0     0     0     0
 20210724   06:38:27      0     0     0     0     0     0     0
 20210724   06:38:28      0     0     0     0     0     0     0
 20210724   06:38:29      0     0     0     0     0     0     0
 20210724   06:38:30      0     0     0     0     0     0     0
 20210724   06:38:31      0     0     0     0     0     0     0
 20210724   06:38:32      0  3585   430     8     3     0     0
 20210724   06:38:33      0  3823   525     0     0     0     0
 20210724   06:38:34      0     0     0     0     0     0     0
 20210724   06:38:36      0     0     0     0     0     0     0
 20210724   06:38:37      0     0     0     0     0     0     0
 20210724   06:38:38      0     0     6     0     0     0     0
 20210724   06:38:39      0  3013   545     6     1     0     0
 20210724   06:38:40      0     0     0    39    25     0     0
 20210724   06:38:41      0     0     0     0     0     0     0
 20210724   06:38:42      0     0     0     0     0     0     0
 20210724   06:38:43      0     0     0     0     0     0     0
 20210724   06:38:44      0     0     0    21    15     0     0
 20210724   06:38:45      0     0     0     0     0     0     0
 20210724   06:38:47      0     0     0     0     0     0     0
 20210724   06:38:48      0     0     0     0     0     0     0
 20210724   06:38:49      0     0     0     0     0     0     0
 20210724   06:38:50      0     0     0     0     0     0     0
 20210724   06:38:51      0     0     0     0     0     0     0
 20210724   06:38:52      0     0     0     0     0     0     0
 20210724   06:38:53      0     0     0     0     0     0     0
 20210724   06:38:55      0     0   501     0     0     0     0
 20210724   06:38:56      0     0     0    39    25     0     0
 20210724   06:38:57      0     0     0     0     0     0     0
 20210724   06:38:58      0     0     0     0     0     0     0
 20210724   06:38:59      0  5209   472     0     0     0     0
 20210724   06:39:00      0     0     0    19    14     0     0
 20210724   06:39:01      0     0     0     0     0     0     0
 20210724   06:39:02      0     0     0    42    28     0     0
 20210724   06:39:03      0     0     0     0     0     0     0
 20210724   06:39:04      0     0     0     0     0     0     0
 20210724   06:39:06      0     0     0     0     0     0     0
 20210724   06:39:07      0  3335    39    39    27     0     0
 20210724   06:39:08      0     0     0     6     0     0     0
#Date       Time        gpu rxpci txpci    sm   mem   enc   dec
#YYYYMMDD   HH:MM:SS    Idx  MB/s  MB/s     %     %     %     %
 20210724   06:39:09      0     0     0     0     0     0     0
 20210724   06:39:10      0     0     0     0     0     0     0
 20210724   06:39:11      0     0     0     0     0     0     0
 20210724   06:39:12      0     0     0     0     0     0     0
 20210724   06:39:13      0     0     0     0     0     0     0
 20210724   06:39:15      0     0     0     0     0     0     0
 20210724   06:39:16      0  3837   458    13     7     0     0
 20210724   06:39:17      0     0     0     0     0     0     0
 20210724   06:39:18      0     0   636     0     0     0     0
 20210724   06:39:19      0     0     0    10     0     0     0
 20210724   06:39:20      0     0     0     0     0     0     0
 20210724   06:39:21      0     0   732     0     0     0     0
 20210724   06:39:22      0     1     0    41    28     0     0
 20210724   06:39:23      0     0     0     0     0     0     0
 20210724   06:39:25      0     0     0     0     0     0     0
 20210724   06:39:26      0     0     0     0     0     0     0
 20210724   06:39:27      0     0     0     0     0     0     0
 20210724   06:39:28      0     0     0     0     0     0     0
 20210724   06:39:29      0     0     0     9     4     0     0
 20210724   06:39:30      0     0     0     0     0     0     0
 20210724   06:39:31      0     0     0     0     0     0     0
 20210724   06:39:32      0     0     0     0     0     0     0
 20210724   06:39:33      0     0     0     0     0     0     0
 20210724   06:39:34      0  3393   387   100    12     0     0
 20210724   06:39:36      0     0     0     0     0     0     0
 20210724   06:39:37      0     0     0     0     0     0     0
 20210724   06:39:38      0     0     0     0     0     0     0
 20210724   06:39:39      0  3389   395    66    28     0     0
 20210724   06:39:40      0     0     0    71    28     0     0
 20210724   06:39:41      0     0     0    33     5     0     0
 20210724   06:39:42      0     0     0     0     0     0     0
 20210724   06:39:43      0     0   573     0     0     0     0
 20210724   06:39:44      0     0     0     0     0     0     0
 20210724   06:39:45      0     0     0     0     0     0     0
 20210724   06:39:47      0     0     0     0     0     0     0
 20210724   06:39:48      0     0     0     0     0     0     0
 20210724   06:39:49      0     0     0     0     0     0     0
 20210724   06:39:50      0     0   662     0     0     0     0
 20210724   06:39:51      0  3583   125    22    14     0     0
 20210724   06:39:52      0     0     0    42    28     0     0
 20210724   06:39:53      0     0     0     0     0     0     0
 20210724   06:39:54      0     0   520     0     0     0     0
 20210724   06:39:55      0  3327   374    42    28     0     0
 20210724   06:39:56      0     0   252    35    24     0     0
#Date       Time        gpu rxpci txpci    sm   mem   enc   dec
#YYYYMMDD   HH:MM:SS    Idx  MB/s  MB/s     %     %     %     %
 20210724   06:39:57      0     0     0    27    19     0     0
 20210724   06:39:59      0     0     0     0     0     0     0
 20210724   06:40:00      0     0     0     0     0     0     0
 20210724   06:40:01      0     0     0    39     5     0     0
 20210724   06:40:02      0     0     0     0     0     0     0
 20210724   06:40:03      0     0     0     0     0     0     0
 20210724   06:40:04      0     0     0     0     0     0     0
 20210724   06:40:05      0     0     0     0     0     0     0
 20210724   06:40:06      0     0     0     0     0     0     0
 20210724   06:40:07      0     0     0     0     0     0     0
 20210724   06:40:09      0     0     0     0     0     0     0
 20210724   06:40:10      0     0     0     0     0     0     0
 20210724   06:40:11      0     0     0     0     0     0     0
 20210724   06:40:12      0     0     0     0     0     0     0
 20210724   06:40:13      0     0     0     0     0     0     0
 20210724   06:40:14      0     0     0     0     0     0     0
 20210724   06:40:15      0     0     0     0     0     0     0
 20210724   06:40:17      0     0     0     0     0     0     0
 20210724   06:40:18      0     0     0     0     0     0     0
 20210724   06:40:19      0     0     0     0     0     0     0
 20210724   06:40:20      0     0     0     0     0     0     0
 20210724   06:40:21      0     0     0     0     0     0     0
 20210724   06:40:22      0     0     0     0     0     0     0
 20210724   06:40:23      0     0     0     0     0     0     0
 20210724   06:40:25      0     0     0     0     0     0     0
 20210724   06:40:26      0     0     0     0     0     0     0
 20210724   06:40:27      0     0     0     0     0     0     0
 20210724   06:40:28      0     0     0     0     0     0     0
 20210724   06:40:29      0     0     0     0     0     0     0
 20210724   06:40:30      0     0     0     0     0     0     0
 20210724   06:40:31      0     0     0     0     0     0     0
 20210724   06:40:32      0     0     0     0     0     0     0
 20210724   06:40:33      0     0     0     0     0     0     0
 20210724   06:40:35      0     0     0     0     0     0     0
 20210724   06:40:36      0     0     0     0     0     0     0
 20210724   06:40:37      0     0     0     0     0     0     0
 20210724   06:40:38      0     0     0     0     0     0     0
 20210724   06:40:39      0     0     0     0     0     0     0
 20210724   06:40:40      0     0     0     0     0     0     0
 20210724   06:40:42      0     0     0     0     0     0     0
 20210724   06:40:43      0     0     0     0     0     0     0
 20210724   06:40:44      0     0     0     0     0     0     0
 20210724   06:40:45      0     0     0     0     0     0     0
 20210724   06:40:46      0     0     0     0     0     0     0
#Date       Time        gpu rxpci txpci    sm   mem   enc   dec
#YYYYMMDD   HH:MM:SS    Idx  MB/s  MB/s     %     %     %     %
 20210724   06:40:47      0     0     0     0     0     0     0
 20210724   06:40:48      0     0     0     0     0     0     0
 20210724   06:40:49      0     0     0     0     0     0     0
 20210724   06:40:50      0     0     0     0     0     0     0
 20210724   06:40:51      0     0     0     0     0     0     0
 20210724   06:40:53      0     0