95  0  0      0 59332676   2088 2334132    0    0    27    20  171  166 10  1 89  0  0 2021-07-24 06:33:36
95  0  0      0 59332676   2088 2334132    0    0     0     0  487  831  0  0 100  0  0 2021-07-24 06:33:37
95  0  0      0 59332544   2088 2334136    0    0     0     0  499  871  0  0 100  0  0 2021-07-24 06:33:38
95  0  0      0 59332544   2088 2334136    0    0     0     0  468  817  0  0 100  0  0 2021-07-24 06:33:39
95  0  0      0 59332544   2088 2334136    0    0     0     0  436  790  0  0 100  0  0 2021-07-24 06:33:40
95  0  0      0 59332544   2088 2334136    0    0     0     0  477  837  0  0 100  0  0 2021-07-24 06:33:41
95  0  0      0 59332020   2088 2334136    0    0     0     0  746 1075  0  0 100  0  0 2021-07-24 06:33:42
95  0  0      0 59332020   2088 2334136    0    0     0     0  504  883  0  0 100  0  0 2021-07-24 06:33:43
95  0  0      0 59331916   2088 2334144    0    0     0     0  477  829  0  0 100  0  0 2021-07-24 06:33:44
95  0  0      0 59331916   2088 2334144    0    0     0     0  478  843  0  0 100  0  0 2021-07-24 06:33:45
95  0  0      0 59331916   2088 2334144    0    0     0     0  501  878  0  0 100  0  0 2021-07-24 06:33:46
95  0  0      0 59331916   2088 2334144    0    0     0     0  478  855  0  0 100  0  0 2021-07-24 06:33:47
95  0  0      0 59331916   2088 2334144    0    0     0     0  837  874  0  0 100  0  0 2021-07-24 06:33:48
95  0  0      0 59331916   2088 2334144    0    0     0     0  513  900  0  0 100  0  0 2021-07-24 06:33:49
95  0  0      0 59331876   2088 2334144    0    0     0   220  633  985  0  0 100  0  0 2021-07-24 06:33:50
95  0  0      0 59331876   2088 2334144    0    0     0     0  491  865  0  0 100  0  0 2021-07-24 06:33:51
95  0  0      0 59331876   2088 2334144    0    0     0     0  474  841  0  0 100  0  0 2021-07-24 06:33:52
95  0  0      0 59331876   2088 2334144    0    0     0     0  501  881  0  0 100  0  0 2021-07-24 06:33:53
95  0  0      0 59331876   2088 2334144    0    0     0     0  487  865  0  0 100  0  0 2021-07-24 06:33:54
95  0  0      0 59331876   2088 2334144    0    0     0     5  500  885  0  0 100  0  0 2021-07-24 06:33:55
95  0  0      0 59331876   2088 2334144    0    0     0     0  517  915  0  0 100  0  0 2021-07-24 06:33:56
95  0  0      0 59331876   2088 2334144    0    0     0     0  516  911  0  0 100  0  0 2021-07-24 06:33:57
95  0  0      0 59331876   2088 2334144    0    0     0     0  503  896  0  0 100  0  0 2021-07-24 06:33:58
95  0  0      0 59331876   2088 2334144    0    0     0     0  508  906  0  0 100  0  0 2021-07-24 06:33:59
95  0  0      0 59331876   2088 2334144    0    0     0     8  523  946  0  0 100  0  0 2021-07-24 06:34:00
95  0  0      0 59331876   2088 2334144    0    0     0     0  507  911  0  0 100  0  0 2021-07-24 06:34:01
95  0  0      0 59331876   2088 2334144    0    0     0     0  500  887  0  0 100  0  0 2021-07-24 06:34:02
95  0  0      0 59331876   2088 2334144    0    0     0     0  517  919  0  0 100  0  0 2021-07-24 06:34:03
95  0  0      0 59331876   2088 2334144    0    0     0     0  843  897  0  0 100  0  0 2021-07-24 06:34:04
95  0  0      0 59331876   2088 2334144    0    0     0     0  520  920  0  0 100  0  0 2021-07-24 06:34:05
95  0  0      0 59331876   2088 2334144    0    0     0     0  507  897  0  0 100  0  0 2021-07-24 06:34:06
95  0  0      0 59331876   2088 2334144    0    0     0     0  506  903  0  0 100  0  0 2021-07-24 06:34:07
95  0  0      0 59331876   2088 2334144    0    0     0     0  510  895  0  0 100  0  0 2021-07-24 06:34:08
95  0  0      0 59331876   2088 2334144    0    0     0     0  529  924  0  0 100  0  0 2021-07-24 06:34:09
95  0  0      0 59331876   2088 2334144    0    0     0     4  523  915  0  0 100  0  0 2021-07-24 06:34:10
95  0  0      0 59331876   2088 2334144    0    0     0     0  497  899  0  0 100  0  0 2021-07-24 06:34:11
95  0  0      0 59331876   2088 2334148    0    0     0     0  506  896  0  0 100  0  0 2021-07-24 06:34:12
95  0  0      0 59331876   2088 2334148    0    0     0     0  531  922  0  0 100  0  0 2021-07-24 06:34:13
95  0  0      0 59331876   2088 2334148    0    0     0     0  500  886  0  0 100  0  0 2021-07-24 06:34:14
95  0  0      0 59331876   2088 2334148    0    0     0     4  489  867  0  0 100  0  0 2021-07-24 06:34:15
95  0  0      0 59331876   2088 2334148    0    0     0     0  495  874  0  0 100  0  0 2021-07-24 06:34:16
95  0  0      0 59331876   2088 2334148    0    0     0     0  481  858  0  0 100  0  0 2021-07-24 06:34:17
95  0  0      0 59331876   2088 2334148    0    0     0     0  520  916  0  0 100  0  0 2021-07-24 06:34:18
95  0  0      0 59331876   2088 2334148    0    0     0     0  514  908  0  0 100  0  0 2021-07-24 06:34:19
95  0  0      0 59331876   2088 2334148    0    0     0     0  861  923  0  0 100  0  0 2021-07-24 06:34:20
95  0  0      0 59331876   2088 2334148    0    0     0     0  507  895  0  0 100  0  0 2021-07-24 06:34:21
95  0  0      0 59331876   2088 2334148    0    0     0     0  514  908  0  0 100  0  0 2021-07-24 06:34:22
95  0  0      0 59331876   2088 2334148    0    0     0     0  479  860  0  0 100  0  0 2021-07-24 06:34:23
95  0  0      0 59331876   2088 2334148    0    0     0     0  506  893  0  0 100  0  0 2021-07-24 06:34:24
95  0  0      0 59331876   2088 2334148    0    0     0     0  504  901  0  0 100  0  0 2021-07-24 06:34:25
95  0  0      0 59331876   2088 2334148    0    0     0    88  531  936  0  0 100  0  0 2021-07-24 06:34:26
95  0  0      0 59331876   2088 2334148    0    0     0     0  500  888  0  0 100  0  0 2021-07-24 06:34:27
95  0  0      0 59331876   2088 2334148    0    0     0     0  526  926  0  0 100  0  0 2021-07-24 06:34:28
95  0  0      0 59331876   2088 2334148    0    0     0     0  514  920  0  0 100  0  0 2021-07-24 06:34:29
95  0  0      0 59331876   2088 2334148    0    0     0     0  534  932  0  0 100  0  0 2021-07-24 06:34:30
95  0  0      0 59331876   2088 2334148    0    0     0     0  535  936  0  0 100  0  0 2021-07-24 06:34:31
95  0  0      0 59331372   2088 2334148    0    0     0     0  585 1000  0  0 100  0  0 2021-07-24 06:34:32
95  0  0      0 59331372   2088 2334148    0    0     0     0  505  899  0  0 100  0  0 2021-07-24 06:34:33
95  0  0      0 59331372   2088 2334148    0    0     0     0  539  963  0  0 100  0  0 2021-07-24 06:34:34
95  0  0      0 59331380   2088 2334148    0    0     0     0  513  915  0  0 100  0  0 2021-07-24 06:34:35
95  0  0      0 59331380   2088 2334148    0    0     0     0  886  975  0  0 100  0  0 2021-07-24 06:34:36
95  0  0      0 59331380   2088 2334156    0    0     0     0  517  909  0  0 100  0  0 2021-07-24 06:34:37
95  0  0      0 59331380   2088 2334156    0    0     0     0  535  917  0  0 100  0  0 2021-07-24 06:34:38
95  0  0      0 59331380   2088 2334156    0    0     0     0  506  896  0  0 100  0  0 2021-07-24 06:34:39
95  1  0      0 59294512   2088 2334156    0    0     0     0 1243 1251  3  0 97  0  0 2021-07-24 06:34:40
95  1  0      0 59175780   2088 2334164    0    0     0     8 3233 1323 20 14 67  0  0 2021-07-24 06:34:41
95  1  0      0 59107372   2088 2334164    0    0     0     0 2672 2532  3  1 96  0  0 2021-07-24 06:34:42
95  1  0      0 58521164   2088 2344404    0    0     0     0 1017 1095  8  5 87  0  0 2021-07-24 06:34:43
95  1  0      0 57853752   2088 2344404    0    0     0     0  784  963  9  4 88  0  0 2021-07-24 06:34:44
95  1  0      0 57194908   2088 2344404    0    0     0     0  824  992  9  4 87  0  0 2021-07-24 06:34:45
95  1  0      0 56661780   2088 2383972    0    0     0     0 5084 2169 11  5 85  0  0 2021-07-24 06:34:46
95  4  0      0 56554772   2088 2384112    0    0     0     0 1563 1559 18  1 81  0  0 2021-07-24 06:34:47
95  1  0      0 56458472   2088 2464500    0    0     0     0 1919 1879 18  2 80  0  0 2021-07-24 06:34:48
95  1  0      0 56380568   2088 2539892    0    0     0     0 2510 2272 25  1 74  0  0 2021-07-24 06:34:49
95  1  0      0 56392596   2088 2539892    0    0     0     0 1805 1691 19  1 79  0  0 2021-07-24 06:34:50
95  1  0      0 56391728   2088 2539892    0    0     0    32 2595 2301 26  1 73  0  0 2021-07-24 06:34:51
95  1  0      0 56392112   2088 2539892    0    0     0     0 2838 2159 24  3 73  0  0 2021-07-24 06:34:52
95  1  0      0 56392240   2088 2539892    0    0     0     0 2345 2118 23  2 75  0  0 2021-07-24 06:34:53
95  1  0      0 56376620   2088 2539892    0    0     0     0 2390 2174 24  2 75  0  0 2021-07-24 06:34:54
95  2  0      0 56376624   2088 2539904    0    0     0     0 2368 2053 23  3 74  0  0 2021-07-24 06:34:55
95  1  0      0 56376508   2088 2539904    0    0     0    20 2509 2179 24  2 74  0  0 2021-07-24 06:34:56
95  4  0      0 56346380   2088 2539904    0    0     0     0 2055 1870 21  2 77  0  0 2021-07-24 06:34:57
95  1  0      0 56345520   2088 2539904    0    0     0     0 2680 2429 24  1 74  0  0 2021-07-24 06:34:58
95  1  0      0 56345516   2088 2539904    0    0     0     0 2427 2261 24  1 76  0  0 2021-07-24 06:34:59
95  4  0      0 56342912   2088 2539904    0    0     0     0 2210 2048 23  1 76  0  0 2021-07-24 06:35:00
95  1  0      0 56342792   2088 2539904    0    0     0     0 2148 2007 22  1 77  0  0 2021-07-24 06:35:01
95  1  0      0 56358416   2088 2539912    0    0     0     0 2184 1759 19  2 79  0  0 2021-07-24 06:35:02
95  1  0      0 56344528   2088 2539912    0    0     0     0 1578 1624 18  0 82  0  0 2021-07-24 06:35:03
95  1  0      0 56343912   2088 2539912    0    0     0     0 2486 2123 24  3 73  0  0 2021-07-24 06:35:04
95  1  0      0 56343792   2088 2539912    0    0     0     0 1650 1601 20  0 80  0  0 2021-07-24 06:35:05
95  4  0      0 56392896   2088 2539912    0    0     0     4 2285 2070 23  2 76  0  0 2021-07-24 06:35:06
95  2  0      0 56392656   2088 2539912    0    0     0     0 2674 2238 26  3 71  0  0 2021-07-24 06:35:07
95  4  0      0 56388448   2088 2539912    0    0     0     0 2930 2194 24  3 73  0  0 2021-07-24 06:35:08
95  1  0      0 56373200   2088 2539912    0    0     0     0 2212 2052 22  1 77  0  0 2021-07-24 06:35:09
95  1  0      0 56370100   2088 2539920    0    0     0     0 2464 2246 24  1 75  0  0 2021-07-24 06:35:10
95  1  0      0 56369484   2088 2539920    0    0     0     0 2413 2241 23  1 76  0  0 2021-07-24 06:35:11
95  1  0      0 56369740   2088 2539920    0    0     0     0 2420 2148 24  2 74  0  0 2021-07-24 06:35:12
95  1  0      0 56376684   2088 2539920    0    0     0     0 2148 1910 21  2 77  0  0 2021-07-24 06:35:13
95  4  0      0 56371488   2088 2539920    0    0     0     0 2666 2347 25  2 73  0  0 2021-07-24 06:35:14
95  1  0      0 56349540   2088 2539920    0    0     0     0 2157 2014 22  1 77  0  0 2021-07-24 06:35:15
95  4  0      0 56349116   2088 2539932    0    0     0     0 2591 2325 25  2 73  0  0 2021-07-24 06:35:16
95  4  0      0 56355368   2088 2539932    0    0     0     8 1732 1732 19  1 80  0  0 2021-07-24 06:35:17
95  1  0      0 56359212   2088 2539932    0    0     0     0 1754 1735 17  2 81  0  0 2021-07-24 06:35:18
95  1  0      0 56341108   2088 2539932    0    0     0     0 2120 1964 22  1 77  0  0 2021-07-24 06:35:19
95  1  0      0 56340868   2088 2539932    0    0     0     0 2137 1921 22  1 77  0  0 2021-07-24 06:35:20
95  2  0      0 56383028   2088 2539932    0    0     0     0 1723 1608 19  2 79  0  0 2021-07-24 06:35:21
95  1  0      0 56350296   2088 2539936    0    0     0     0 2645 2360 25  1 74  0  0 2021-07-24 06:35:22
95  1  0      0 56350180   2088 2539936    0    0     0     0 2486 2143 24  3 73  0  0 2021-07-24 06:35:23
95  5  0      0 56350184   2088 2539936    0    0     0     0 2869 2265 25  2 73  0  0 2021-07-24 06:35:24
95  4  0      0 56350312   2088 2539944    0    0     0     0 2222 2025 22  1 77  0  0 2021-07-24 06:35:25
95  4  0      0 56350192   2088 2539944    0    0     0     0 2418 2163 24  2 74  0  0 2021-07-24 06:35:26
95  2  0      0 56350068   2088 2539944    0    0     0    80 2586 2201 25  3 72  0  0 2021-07-24 06:35:27
95  1  0      0 56350204   2088 2539944    0    0     0     0 2312 2098 23  2 76  0  0 2021-07-24 06:35:28
95  2  0      0 56364716   2088 2539944    0    0     0     0 2453 2172 24  1 75  0  0 2021-07-24 06:35:29
95  1  0      0 56353436   2088 2539944    0    0     0     0 2443 2171 25  1 74  0  0 2021-07-24 06:35:30
95  4  0      0 56343388   2088 2539952    0    0     0     0 2246 2018 24  1 75  0  0 2021-07-24 06:35:31
95  4  0      0 56343512   2088 2539952    0    0     0     0 2640 2457 25  1 74  0  0 2021-07-24 06:35:32
95  1  0      0 56334820   2088 2539972    0    0     0     0 1976 1967 18  2 81  0  0 2021-07-24 06:35:33
95  1  0      0 56325396   2088 2539972    0    0     0     0 1449 1433 18  0 82  0  0 2021-07-24 06:35:34
95  1  0      0 56325148   2088 2539972    0    0     0     0 2160 1995 22  1 77  0  0 2021-07-24 06:35:35
95  1  0      0 56324908   2088 2539972    0    0     0     0 2101 1911 22  1 77  0  0 2021-07-24 06:35:36
95  1  0      0 56366324   2088 2539972    0    0     0     0 1916 1781 20  1 79  0  0 2021-07-24 06:35:37
95  1  0      0 56349092   2088 2539972    0    0     0     0 2704 2418 27  1 72  0  0 2021-07-24 06:35:38
95  2  0      0 56349472   2088 2539980    0    0     0     0 2655 2170 26  4 70  0  0 2021-07-24 06:35:39
95  1  0      0 56348112   2088 2539980    0    0     0     0 2064 1877 22  1 76  0  0 2021-07-24 06:35:40
95  1  0      0 56347372   2088 2539980    0    0     0     0 2833 2167 23  3 74  0  0 2021-07-24 06:35:41
95  4  0      0 56347132   2088 2539980    0    0     0     0 2488 2241 24  1 74  0  0 2021-07-24 06:35:42
95  4  0      0 56347012   2088 2539980    0    0     0     0 2472 2147 25  2 73  0  0 2021-07-24 06:35:43
95  1  0      0 56377516   2088 2539984    0    0     0     0 2082 1905 21  2 77  0  0 2021-07-24 06:35:44
95  1  0      0 56350248   2088 2539984    0    0     0     0 2643 2341 24  2 74  0  0 2021-07-24 06:35:45
95  4  0      0 56349008   2088 2539992    0    0     0     0 2452 2218 26  1 73  0  0 2021-07-24 06:35:46
95  4  0      0 56351236   2088 2539992    0    0     0     0 2233 2048 23  1 75  0  0 2021-07-24 06:35:47
95  1  0      0 56287876   2088 2539992    0    0     0     0 2008 1969 20  1 79  0  0 2021-07-24 06:35:48
95  1  0      0 56288248   2088 2539992    0    0     0     0 1790 1759 18  2 81  0  0 2021-07-24 06:35:49
95  4  0      0 56327308   2088 2539992    0    0     0     0 1688 1652 19  1 80  0  0 2021-07-24 06:35:50
95  1  0      0 56327436   2088 2539992    0    0     0     0 2536 2159 26  1 72  0  0 2021-07-24 06:35:51
95  1  0      0 56304252   2088 2539992    0    0     0   116 1480 1462 18  0 82  0  0 2021-07-24 06:35:52
95  1  0      0 56352828   2088 2539992    0    0     0     0 2403 2235 23  1 76  0  0 2021-07-24 06:35:53
95  2  0      0 56351592   2088 2540000    0    0     0     0 2589 2136 25  3 72  0  0 2021-07-24 06:35:54
95  1  0      0 56352216   2088 2540000    0    0     0     0 2568 2188 25  3 73  0  0 2021-07-24 06:35:55
95  1  0      0 56351728   2088 2540000    0    0     0     0 2308 2109 24  1 76  0  0 2021-07-24 06:35:56
95  1  0      0 56349004   2088 2540000    0    0     0     0 2823 2158 25  2 73  0  0 2021-07-24 06:35:57
95  4  0      0 56348384   2088 2540000    0    0     0    21 2523 2239 26  1 73  0  0 2021-07-24 06:35:58
95  1  0      0 56348516   2088 2540000    0    0     0     0 2468 2170 25  2 73  0  0 2021-07-24 06:35:59
95  1  0      0 56363896   2088 2540004    0    0     0     0 2086 1864 22  2 76  0  0 2021-07-24 06:36:00
95  4  0      0 56355964   2088 2540012    0    0     0     0 2741 2365 26  2 72  0  0 2021-07-24 06:36:01
95  1  0      0 56379032   2088 2540012    0    0     0     0 2239 2065 23  1 76  0  0 2021-07-24 06:36:02
95  1  0      0 56353808   2088 2540012    0    0     0    48 2556 2282 25  2 73  0  0 2021-07-24 06:36:03
95  1  0      0 56333524   2088 2540012    0    0     0     0 1765 1709 20  1 79  0  0 2021-07-24 06:36:04
95  1  0      0 56359192   2088 2540012    0    0     0     0 1764 1776 16  2 82  0  0 2021-07-24 06:36:05
95  4  0      0 56327820   2088 2540012    0    0     0     0 2050 1870 21  2 77  0  0 2021-07-24 06:36:06
95  1  0      0 56327580   2088 2540012    0    0     0     0 2172 1990 22  2 77  0  0 2021-07-24 06:36:07
95  2  0      0 56378916   2088 2540012    0    0     0     0 1709 1637 19  1 80  0  0 2021-07-24 06:36:08
95  1  0      0 56346804   2088 2540020    0    0     0     0 2626 2330 24  2 73  0  0 2021-07-24 06:36:09
95  4  0      0 56346436   2088 2540020    0    0     0     0 2491 2120 25  2 73  0  0 2021-07-24 06:36:10
95  1  0      0 56346444   2088 2540020    0    0     0     0 2583 2261 26  2 72  0  0 2021-07-24 06:36:11
95  4  0      0 56346572   2088 2540020    0    0     0     0 2156 2002 21  1 77  0  0 2021-07-24 06:36:12
95  4  0      0 56344220   2088 2540020    0    0     0     0 2902 2241 26  1 73  0  0 2021-07-24 06:36:13
95  2  0      0 56343604   2088 2540020    0    0     0     0 2591 2284 25  2 73  0  0 2021-07-24 06:36:14
95  2  0      0 56338400   2088 2540020    0    0     0     0 2313 2018 23  2 75  0  0 2021-07-24 06:36:15
95  2  0      0 56349192   2088 2540028    0    0     0     0 2247 2000 23  2 76  0  0 2021-07-24 06:36:16
95  2  0      0 56340024   2088 2540028    0    0     0     0 2505 2281 24  1 75  0  0 2021-07-24 06:36:17
95  1  0      0 56338164   2088 2540028    0    0     0     4 2272 2067 22  2 76  0  0 2021-07-24 06:36:18
95  1  0      0 56338904   2088 2540028    0    0     0     0 2603 2327 27  1 72  0  0 2021-07-24 06:36:19
95  4  0      0 56322912   2088 2540028    0    0     0     0 1891 1775 20  1 79  0  0 2021-07-24 06:36:20
95  1  0      0 56313240   2088 2540028    0    0     0     0 1600 1549 19  1 81  0  0 2021-07-24 06:36:21
95  4  0      0 56351680   2088 2540028    0    0     0     0 1855 1783 19  2 79  0  0 2021-07-24 06:36:22
95  1  0      0 56347348   2088 2540028    0    0     0     8 2329 2064 24  1 75  0  0 2021-07-24 06:36:23
95  1  0      0 56374132   2088 2540036    0    0     0     0 1825 1666 19  2 79  0  0 2021-07-24 06:36:24
95  1  0      0 56346364   2088 2540036    0    0     0     0 2656 2339 26  1 72  0  0 2021-07-24 06:36:25
95  1  0      0 56346616   2088 2540036    0    0     0     0 2536 2167 25  3 72  0  0 2021-07-24 06:36:26
95  1  0      0 56346620   2088 2540036    0    0     0     0 2317 1986 25  1 74  0  0 2021-07-24 06:36:27
95  2  0      0 56342532   2088 2540036    0    0     0     0 2531 2230 24  2 73  0  0 2021-07-24 06:36:28
95  4  0      0 56342292   2088 2540036    0    0     0    52 2810 2155 23  2 74  0  0 2021-07-24 06:36:29
95  1  0      0 56342420   2088 2540036    0    0     0     0 2394 2122 24  2 74  0  0 2021-07-24 06:36:30
95  1  0      0 56277448   2088 2540044    0    0     0     0 2063 1864 21  2 77  0  0 2021-07-24 06:36:31
95  1  0      0 56339076   2088 2540044    0    0     0     0 2676 2356 25  2 73  0  0 2021-07-24 06:36:32
95  4  0      0 56338084   2088 2540044    0    0     0     4 2608 2332 26  1 73  0  0 2021-07-24 06:36:33
95  1  0      0 56336056   2088 2540044    0    0     0     0 2271 2155 22  1 77  0  0 2021-07-24 06:36:34
95  1  0      0 56335860   2088 2540048    0    0     0     0 2401 2194 24  1 75  0  0 2021-07-24 06:36:35
95  1  0      0 56320480   2088 2540048    0    0     0     0 1869 1764 19  2 80  0  0 2021-07-24 06:36:36
95  1  0      0 56310936   2088 2540048    0    0     0     0 1466 1491 17  1 83  0  0 2021-07-24 06:36:37
95  1  0      0 56310196   2088 2540056    0    0     0     0 2322 2114 23  2 75  0  0 2021-07-24 06:36:38
95  1  0      0 56310324   2088 2540056    0    0     0     0 1900 1735 21  1 79  0  0 2021-07-24 06:36:39
95  4  0      0 56339464   2088 2540056    0    0     0     0 1951 1787 20  2 78  0  0 2021-07-24 06:36:40
95  4  0      0 56264080   2088 2540056    0    0     0     0 2765 2412 28  1 71  0  0 2021-07-24 06:36:41
95  2  0      0 56338732   2088 2540056    0    0     0     0 2528 2086 25  4 72  0  0 2021-07-24 06:36:42
95  2  0      0 56338860   2088 2540056    0    0     0     0 2140 2017 22  1 77  0  0 2021-07-24 06:36:43
95  4  0      0 56338868   2088 2540056    0    0     0    44 2463 2143 23  3 74  0  0 2021-07-24 06:36:44
95  1  0      0 56339120   2088 2540056    0    0     0     0 2606 2305 26  2 73  0  0 2021-07-24 06:36:45
95  4  0      0 56338628   2088 2540068    0    0     0     0 2834 2171 25  2 73  0  0 2021-07-24 06:36:46
95  1  0      0 56357848   2088 2540068    0    0     0     0 2027 1835 20  2 77  0  0 2021-07-24 06:36:47
95  4  0      0 56342360   2088 2540068    0    0     0     0 2794 2413 26  2 72  0  0 2021-07-24 06:36:48
95  1  0      0 56334424   2088 2540068    0    0     0     0 2424 2253 24  1 75  0  0 2021-07-24 06:36:49
95  4  0      0 56340748   2088 2540068    0    0     0     0 2288 2047 24  1 75  0  0 2021-07-24 06:36:50
95  4  0      0 56373296   2088 2540072    0    0     0     0 1811 1800 19  1 80  0  0 2021-07-24 06:36:51
95  1  0      0 56364184   2088 2540072    0    0     0     0 1875 1763 20  2 78  0  0 2021-07-24 06:36:52
95  1  0      0 56315452   2088 2540080    0    0     0     0 1821 1772 19  1 79  0  0 2021-07-24 06:36:53
95  1  0      0 56315088   2088 2540080    0    0     0     8 2480 2266 25  1 74  0  0 2021-07-24 06:36:54
95  1  0      0 56258792   2088 2540080    0    0     0     0 1310 1372 16  1 83  0  0 2021-07-24 06:36:55
95  4  0      0 56271816   2088 2540080    0    0     0     0 2597 2294 25  2 73  0  0 2021-07-24 06:36:56
95  2  0      0 56333820   2088 2540080    0    0     0     0 2504 2048 24  4 72  0  0 2021-07-24 06:36:57
95  1  0      0 56333576   2088 2540080    0    0     0     0 2555 2262 24  2 74  0  0 2021-07-24 06:36:58
95  4  0      0 56333580   2088 2540080    0    0     0     3 2371 2217 23  1 76  0  0 2021-07-24 06:36:59
95  1  0      0 56333340   2088 2540080    0    0     0     0 2410 2119 24  2 74  0  0 2021-07-24 06:37:00
95  1  0      0 56333468   2088 2540092    0    0     0     0 2481 2217 25  1 74  0  0 2021-07-24 06:37:01
95  4  0      0 56333348   2088 2540092    0    0     0     0 2694 2096 24  2 74  0  0 2021-07-24 06:37:02
95  4  0      0 56349968   2088 2540092    0    0     0     0 2150 1918 22  2 77  0  0 2021-07-24 06:37:03
95  1  0      0 56348240   2088 2540092    0    0     0     0 2560 2304 23  2 75  0  0 2021-07-24 06:37:04
95  1  0      0 56339560   2088 2540092    0    0     0     0 2212 2016 23  1 76  0  0 2021-07-24 06:37:05
95  1  0      0 56338936   2088 2540092    0    0     0     0 2621 2265 26  2 72  0  0 2021-07-24 06:37:06
95  1  0      0 56322696   2088 2540092    0    0     0     0 1792 1763 20  1 80  0  0 2021-07-24 06:37:07
95  1  0      0 56316124   2088 2540100    0    0     0     0 1775 1669 18  2 80  0  0 2021-07-24 06:37:08
95  1  0      0 56315628   2088 2540100    0    0     0     0 2195 2016 22  1 76  0  0 2021-07-24 06:37:09
95  1  0      0 56315264   2088 2540100    0    0     0     0 2178 2030 22  1 77  0  0 2021-07-24 06:37:10
95  1  0      0 56369952   2088 2540104    0    0     0     0 1822 1660 20  2 79  0  0 2021-07-24 06:37:11
95  4  0      0 56324944   2088 2540104    0    0     0     0 2613 2343 25  2 73  0  0 2021-07-24 06:37:12
95  4  0      0 56325192   2088 2540104    0    0     0     0 2494 2134 24  4 72  0  0 2021-07-24 06:37:13
95  1  0      0 56324952   2088 2540104    0    0     0     0 2540 2227 25  2 73  0  0 2021-07-24 06:37:14
95  4  0      0 56324828   2088 2540104    0    0     0     0 2214 2059 22  1 77  0  0 2021-07-24 06:37:15
95  3  0      0 56325208   2088 2540112    0    0     0     0 2410 2142 23  2 74  0  0 2021-07-24 06:37:16
95  2  0      0 56325584   2088 2540112    0    0     0     0 2557 2218 25  3 73  0  0 2021-07-24 06:37:17
95  1  0      0 56325096   2088 2540112    0    0     0     0 2658 2110 22  2 77  0  0 2021-07-24 06:37:18
95  2  0      0 56345556   2088 2540112    0    0     0    56 2425 2202 23  2 75  0  0 2021-07-24 06:37:19
95  4  0      0 56335644   2088 2540112    0    0     0     0 2280 2143 21  2 77  0  0 2021-07-24 06:37:20
95  1  0      0 56334776   2088 2540112    0    0     0     0 2229 2055 23  2 75  0  0 2021-07-24 06:37:21
95  1  0      0 56334524   2088 2540112    0    0     0     0 2583 2356 26  1 73  0  0 2021-07-24 06:37:22
95  1  0      0 56319276   2088 2540120    0    0     0     0 1878 1805 19  2 80  0  0 2021-07-24 06:37:23
95  1  0      0 56310348   2088 2540120    0    0     0     0 1465 1495 17  1 82  0  0 2021-07-24 06:37:24
95  1  0      0 56309608   2088 2540120    0    0     0    12 2036 1903 22  1 78  0  0 2021-07-24 06:37:25
95  1  0      0 56309860   2088 2540120    0    0     0     0 2092 1932 22  1 77  0  0 2021-07-24 06:37:26
95  4  0      0 56356360   2088 2540120    0    0     0     0 1988 1857 20  2 79  0  0 2021-07-24 06:37:27
95  4  0      0 56323136   2088 2540120    0    0     0     0 2531 2261 25  1 74  0  0 2021-07-24 06:37:28
95  1  0      0 56323388   2088 2540120    0    0     0     0 2605 2176 26  3 71  0  0 2021-07-24 06:37:29
95  1  0      0 56323516   2088 2540128    0    0     0     4 2106 1910 21  2 77  0  0 2021-07-24 06:37:30
95  2  0      0 56323148   2088 2540128    0    0     0     0 2621 2246 25  2 72  0  0 2021-07-24 06:37:31
95  1  0      0 56323528   2088 2540128    0    0     0     0 2400 2170 23  2 75  0  0 2021-07-24 06:37:32
95  2  0      0 56323284   2088 2540128    0    0     0     0 2505 2210 24  2 74  0  0 2021-07-24 06:37:33
95  1  0      0 56368592   2088 2540128    0    0     0     0 2534 1998 21  2 77  0  0 2021-07-24 06:37:34
95  1  0      0 56335556   2088 2540128    0    0     0     0 2869 2563 25  2 73  0  0 2021-07-24 06:37:35
95  1  0      0 56333708   2088 2540128    0    0     0     0 2485 2279 24  1 75  0  0 2021-07-24 06:37:36
95  2  0      0 56334704   2088 2540128    0    0     0     0 2117 2016 21  1 77  0  0 2021-07-24 06:37:37
95  1  0      0 56325156   2088 2540136    0    0     0     0 2192 2013 23  1 76  0  0 2021-07-24 06:37:38
95  1  0      0 56319080   2088 2540136    0    0     0     0 1820 1760 19  2 80  0  0 2021-07-24 06:37:39
95  4  0      0 56309656   2088 2540136    0    0     0     0 1538 1548 18  1 81  0  0 2021-07-24 06:37:40
95  1  0      0 56308916   2088 2540136    0    0     0     0 2412 2160 23  2 74  0  0 2021-07-24 06:37:41
95  1  0      0 56308796   2088 2540136    0    0     0     0 1616 1654 19  0 81  0  0 2021-07-24 06:37:42
95  1  0      0 56328388   2088 2540136    0    0     0     0 2307 2063 23  2 75  0  0 2021-07-24 06:37:43
95  2  0      0 56327652   2088 2540136    0    0     0     0 2633 2271 24  4 72  0  0 2021-07-24 06:37:44
95  1  0      0 56328028   2088 2540144    0    0     0     0 2493 2160 23  3 73  0  0 2021-07-24 06:37:45
95  1  0      0 56328156   2088 2540144    0    0     0     0 2328 2084 24  1 75  0  0 2021-07-24 06:37:46
95  4  0      0 56328284   2088 2540144    0    0     0     0 2443 2178 24  2 74  0  0 2021-07-24 06:37:47
95  1  0      0 56328292   2088 2540148    0    0     0     0 2583 2345 25  1 73  0  0 2021-07-24 06:37:48
95  1  0      0 56328296   2088 2540148    0    0     0     0 2410 2178 23  2 75  0  0 2021-07-24 06:37:49
95  1  0      0 56347392   2088 2540148    0    0     0   112 2362 1807 21  2 77  0  0 2021-07-24 06:37:50
95  4  0      0 56337760   2088 2540148    0    0     0     0 2622 2364 24  1 74  0  0 2021-07-24 06:37:51
95  1  0      0 56365296   2088 2540148    0    0     0     0 2354 2109 25  1 74  0  0 2021-07-24 06:37:52
95  2  0      0 56332472   2088 2540156    0    0     0     0 2449 2211 25  2 73  0  0 2021-07-24 06:37:53
95  1  0      0 56335156   2088 2540156    0    0     0     0 1844 1783 19  1 80  0  0 2021-07-24 06:37:54
95  1  0      0 56339496   2088 2540156    0    0     0    44 1758 1699 18  1 80  0  0 2021-07-24 06:37:55
95  1  0      0 56308000   2088 2540156    0    0     0     0 1875 1780 20  1 79  0  0 2021-07-24 06:37:56
95  1  0      0 56308132   2088 2540156    0    0     0     0 2457 2201 24  1 74  0  0 2021-07-24 06:37:57
95  1  0      0 56366532   2088 2540160    0    0     0     0 1411 1443 17  0 83  0  0 2021-07-24 06:37:58
95  1  0      0 56327728   2088 2540160    0    0     0     0 2520 2179 24  3 74  0  0 2021-07-24 06:37:59
95  4  0      0 56327364   2088 2540168    0    0     0     8 2476 2086 24  3 73  0  0 2021-07-24 06:38:00
95  1  0      0 56327984   2088 2540168    0    0     0     4 2571 2260 26  1 72  0  0 2021-07-24 06:38:01
95  1  0      0 56327620   2088 2540168    0    0     0     0 2386 2107 25  1 74  0  0 2021-07-24 06:38:02
95  1  0      0 56327744   2088 2540168    0    0     0     0 2357 2045 24  2 74  0  0 2021-07-24 06:38:03
95  1  0      0 56327628   2088 2540168    0    0     0     0 2548 2297 25  1 74  0  0 2021-07-24 06:38:04
95  1  0      0 56327632   2088 2540168    0    0     0     4 2328 2076 23  2 75  0  0 2021-07-24 06:38:05
95  1  0      0 56345492   2088 2540168    0    0     0     0 2535 1948 22  2 76  0  0 2021-07-24 06:38:06
95  1  0      0 56336076   2088 2540176    0    0     0     0 2574 2208 25  2 73  0  0 2021-07-24 06:38:07
95  1  0      0 56334588   2088 2540176    0    0     0     0 2179 2048 21  2 78  0  0 2021-07-24 06:38:08
95  1  0      0 56333840   2088 2540176    0    0     0     0 2498 2245 24  2 74  0  0 2021-07-24 06:38:09
95  2  0      0 56318760   2088 2540176    0    0     0     0 1907 1755 22  1 77  0  0 2021-07-24 06:38:10
95  2  0      0 56308548   2088 2540176    0    0     0     0 1729 1620 19  1 80  0  0 2021-07-24 06:38:11
95  1  0      0 56308052   2088 2540176    0    0     0     0 2132 1947 22  1 77  0  0 2021-07-24 06:38:12
95  1  0      0 56307440   2088 2540176    0    0     0     0 2214 2029 22  1 76  0  0 2021-07-24 06:38:13
95  1  0      0 56365968   2088 2540176    0    0     0     0 1830 1676 19  2 79  0  0 2021-07-24 06:38:14
95  1  0      0 56327288   2088 2540184    0    0     0     0 2631 2318 26  2 72  0  0 2021-07-24 06:38:15
95  1  0      0 56327044   2088 2540184    0    0     0     0 2539 2123 25  3 72  0  0 2021-07-24 06:38:16
95  1  0      0 56327048   2088 2540184    0    0     0     0 2455 2181 24  2 73  0  0 2021-07-24 06:38:17
95  1  0      0 56327420   2088 2540184    0    0     0     0 2296 2057 24  1 75  0  0 2021-07-24 06:38:18
95  1  0      0 56327304   2088 2540188    0    0     0     0 2401 2121 24  2 74  0  0 2021-07-24 06:38:19
95  1  0      0 56327432   2088 2540188    0    0     0     0 2570 2203 24  3 73  0  0 2021-07-24 06:38:20
95  1  0      0 56327064   2088 2540188    0    0     0     0 2224 2038 22  2 76  0  0 2021-07-24 06:38:21
95  2  0      0 56343936   2088 2540196    0    0     0     0 2435 2180 23  2 74  0  0 2021-07-24 06:38:22
95  4  0      0 56331412   2088 2540196    0    0     0     0 2726 2238 23  1 76  0  0 2021-07-24 06:38:23
95  1  0      0 56331364   2088 2540200    0    0     0     0 2253 2037 23  2 75  0  0 2021-07-24 06:38:24
95  4  0      0 56330920   2088 2540200    0    0     0     0 2589 2379 26  1 73  0  0 2021-07-24 06:38:25
95  1  0      0 56317652   2088 2540200    0    0     0     0 1815 1753 18  2 80  0  0 2021-07-24 06:38:26
95  1  0      0 56307360   2088 2540200    0    0     0     0 1394 1396 18  0 82  0  0 2021-07-24 06:38:27
95  4  0      0 56306744   2088 2540200    0    0     0     0 2217 2033 23  1 76  0  0 2021-07-24 06:38:28
95  1  0      0 56306872   2088 2540200    0    0     0     6 2151 1986 23  1 76  0  0 2021-07-24 06:38:29
95  1  0      0 56349904   2088 2540208    0    0     0     0 1904 1770 19  2 79  0  0 2021-07-24 06:38:30
95  1  0      0 56320268   2088 2540208    0    0     0   112 2652 2381 26  2 73  0  0 2021-07-24 06:38:31
95  2  0      0 56320028   2088 2540208    0    0     0     0 2605 2180 26  3 71  0  0 2021-07-24 06:38:32
95  1  0      0 56320156   2088 2540208    0    0     0     0 2107 1925 22  1 76  0  0 2021-07-24 06:38:33
95  1  0      0 56320040   2088 2540208    0    0     0     0 2582 2230 24  3 73  0  0 2021-07-24 06:38:34
95  4  0      0 56320044   2088 2540208    0    0     0     0 2511 2284 25  1 74  0  0 2021-07-24 06:38:35
95  4  0      0 56319668   2088 2540208    0    0     0     0 2550 2299 25  2 74  0  0 2021-07-24 06:38:36
95  1  0      0 56356992   2088 2540216    0    0     0     0 2123 1933 21  2 77  0  0 2021-07-24 06:38:37
95  4  0      0 56334312   2088 2540216    0    0     0     0 2754 2386 27  2 72  0  0 2021-07-24 06:38:38
95  1  0      0 56333196   2088 2540216    0    0     0     0 2843 2307 26  1 74  0  0 2021-07-24 06:38:39
95  1  0      0 56332076   2088 2540216    0    0     0     0 2115 2022 21  2 78  0  0 2021-07-24 06:38:40
95  1  0      0 56257556   2088 2540216    0    0     0     8 1982 1871 22  1 77  0  0 2021-07-24 06:38:41
95  1  0      0 56253340   2088 2540216    0    0     0     0 1843 1755 19  1 79  0  0 2021-07-24 06:38:42
95  2  0      0 56305792   2088 2540216    0    0     0     0 1789 1671 20  1 79  0  0 2021-07-24 06:38:43
95  4  0      0 56305920   2088 2540224    0    0     0     0 2476 2229 24  2 74  0  0 2021-07-24 06:38:44
95  1  0      0 56251612   2088 2540224    0    0     0     0 1431 1474 17  0 83  0  0 2021-07-24 06:38:45
95  1  0      0 56321056   2088 2540224    0    0     0     0 2399 2215 23  2 76  0  0 2021-07-24 06:38:46
95  2  0      0 56320316   2088 2540224    0    0     0     0 2472 2080 23  4 73  0  0 2021-07-24 06:38:47
95  1  0      0 56320568   2088 2540224    0    0     0     0 2631 2202 26  3 72  0  0 2021-07-24 06:38:48
95  4  0      0 56320452   2088 2540224    0    0     0     0 2289 2128 23  1 76  0  0 2021-07-24 06:38:49
95  4  0      0 56320204   2088 2540224    0    0     0     0 2468 2139 25  2 73  0  0 2021-07-24 06:38:50
95  1  0      0 56320708   2088 2540224    0    0     0     0 2499 2250 25  1 74  0  0 2021-07-24 06:38:51
95  1  0      0 56320216   2088 2540232    0    0     0     0 2453 2165 25  2 73  0  0 2021-07-24 06:38:52
95  4  0      0 56341672   2088 2540232    0    0     0     0 2119 1954 21  2 77  0  0 2021-07-24 06:38:53
95  4  0      0 56332376   2088 2540232    0    0     0     0 2725 2388 26  2 72  0  0 2021-07-24 06:38:54
95  1  0      0 56337340   2088 2540232    0    0     0     0 2443 1997 21  1 78  0  0 2021-07-24 06:38:55
95  4  0      0 56331260   2088 2540232    0    0     0     0 2598 2271 27  2 72  0  0 2021-07-24 06:38:56
95  4  0      0 56309068   2088 2540232    0    0     0     0 1646 1694 17  1 82  0  0 2021-07-24 06:38:57
95  1  0      0 56335108   2088 2540240    0    0     0     0 1793 1721 19  2 80  0  0 2021-07-24 06:38:58
95  4  0      0 56303984   2088 2540244    0    0     0     0 2060 1970 21  1 78  0  0 2021-07-24 06:38:59
95  1  0      0 56303740   2088 2540244    0    0     0     0 2098 1932 22  1 77  0  0 2021-07-24 06:39:00
95  2  0      0 56359420   2088 2540244    0    0     0     0 1692 1659 19  1 80  0  0 2021-07-24 06:39:01
95  1  0      0 56314164   2088 2540244    0    0     0    27 2553 2307 24  2 74  0  0 2021-07-24 06:39:02
95  1  0      0 56314292   2088 2540244    0    0     0     0 2453 2158 23  3 74  0  0 2021-07-24 06:39:03
95  4  0      0 56314300   2088 2540244    0    0     0     0 2544 2233 26  2 73  0  0 2021-07-24 06:39:04
95  1  0      0 56314424   2088 2540244    0    0     0     0 2118 2008 21  1 78  0  0 2021-07-24 06:39:05
95  1  0      0 56314432   2088 2540244    0    0     0     0 2511 2206 24  2 73  0  0 2021-07-24 06:39:06
95  2  0      0 56314188   2088 2540256    0    0     0    44 2539 2308 23  2 74  0  0 2021-07-24 06:39:07
95  3  0      0 56314316   2088 2540256    0    0     0     0 2249 1979 22  2 76  0  0 2021-07-24 06:39:08
95  2  0      0 56333664   2088 2540256    0    0     0     0 2358 2093 23  2 75  0  0 2021-07-24 06:39:09
95  2  0      0 56326852   2088 2540256    0    0     0     0 2583 2264 25  1 74  0  0 2021-07-24 06:39:10
95  4  0      0 56325612   2088 2540256    0    0     0     0 2585 2088 21  2 77  0  0 2021-07-24 06:39:11
95  4  0      0 56325732   2088 2540256    0    0     0     0 2500 2294 25  1 74  0  0 2021-07-24 06:39:12
95  1  0      0 56308500   2088 2540256    0    0     0     0 1834 1791 18  2 80  0  0 2021-07-24 06:39:13
95  4  0      0 56307136   2088 2540268    0    0     0     8 1648 1574 19  1 80  0  0 2021-07-24 06:39:14
95  1  0      0 56306148   2088 2540268    0    0     0     0 2023 1801 23  1 76  0  0 2021-07-24 06:39:15
95  1  0      0 56306152   2088 2540268    0    0     0     0 2291 2028 24  1 75  0  0 2021-07-24 06:39:16
95  1  0      0 56349552   2088 2540268    0    0     0     0 1889 1770 19  2 79  0  0 2021-07-24 06:39:17
95  1  0      0 56316700   2088 2540268    0    0     0     0 2598 2311 26  1 73  0  0 2021-07-24 06:39:18
95  1  0      0 56316828   2088 2540268    0    0     0     0 2619 2148 26  3 71  0  0 2021-07-24 06:39:19
95  1  0      0 56317200   2088 2540268    0    0     0     0 2265 1933 24  2 74  0  0 2021-07-24 06:39:20
95  2  0      0 56317084   2088 2540276    0    0     0     0 2505 2229 23  3 74  0  0 2021-07-24 06:39:21
95  4  0      0 56316844   2088 2540276    0    0     0     0 2781 2163 24  2 74  0  0 2021-07-24 06:39:22
95  1  0      0 56316972   2088 2540276    0    0     0     0 2437 2104 25  2 73  0  0 2021-07-24 06:39:23
95  4  0      0 56352156   2088 2540276    0    0     0     0 2071 1812 22  2 76  0  0 2021-07-24 06:39:24
95  4  0      0 56327520   2088 2540276    0    0     0     0 2717 2359 26  2 73  0  0 2021-07-24 06:39:25
95  4  0      0 56326532   2088 2540276    0    0     0     0 2516 2301 24  2 74  0  0 2021-07-24 06:39:26
95  4  0      0 56328760   2088 2540276    0    0     0     4 2488 1998 21  2 77  0  0 2021-07-24 06:39:27
95  1  0      0 56317232   2088 2540276    0    0     0     0 2263 2063 24  1 75  0  0 2021-07-24 06:39:28
95  1  0      0 56311352   2088 2540284    0    0     0     0 1830 1758 19  1 80  0  0 2021-07-24 06:39:29
95  4  0      0 56303344   2088 2540284    0    0     0     0 1594 1579 18  1 81  0  0 2021-07-24 06:39:30
95  1  0      0 56303228   2088 2540284    0    0     0     0 2313 2082 21  3 76  0  0 2021-07-24 06:39:31
95  1  0      0 56302856   2088 2540284    0    0     0     0 1676 1666 19  0 81  0  0 2021-07-24 06:39:32
95  1  0      0 56314388   2088 2540284    0    0     0    31 2265 2090 22  2 76  0  0 2021-07-24 06:39:33
95  2  0      0 56313404   2088 2540284    0    0     0     0 2716 2266 27  2 71  0  0 2021-07-24 06:39:34
95  1  0      0 56313536   2088 2540288    0    0     0     0 2552 2146 24  4 72  0  0 2021-07-24 06:39:35
95  4  0      0 56313292   2088 2540296    0    0     0     0 2294 2067 23  1 76  0  0 2021-07-24 06:39:36
95  4  0      0 56313408   2088 2540296    0    0     0     0 2516 2290 24  2 74  0  0 2021-07-24 06:39:37
95  4  0      0 56312804   2088 2540296    0    0     0     4 2623 2330 26  1 73  0  0 2021-07-24 06:39:38
95  1  0      0 56312928   2088 2540296    0    0     0     0 2450 2144 25  2 73  0  0 2021-07-24 06:39:39
95  4  0      0 56334760   2088 2540296    0    0     0     0 1972 1816 19  2 79  0  0 2021-07-24 06:39:40
95  1  0      0 56321624   2088 2540296    0    0     0     0 2623 2330 24  2 74  0  0 2021-07-24 06:39:41
95  1  0      0 56360988   2088 2540296    0    0     0     0 2290 2096 23  1 76  0  0 2021-07-24 06:39:42
95  1  0      0 56328444   2088 2540304    0    0     0     0 2807 2216 24  2 74  0  0 2021-07-24 06:39:43
95  1  0      0 56319144   2088 2540304    0    0     0     0 1734 1774 17  1 82  0  0 2021-07-24 06:39:44
95  1  0      0 56333280   2088 2540304    0    0     0     0 1862 1761 19  2 80  0  0 2021-07-24 06:39:45
95  1  0      0 56301536   2088 2540304    0    0     0     0 1925 1782 21  1 78  0  0 2021-07-24 06:39:46
95  1  0      0 56301288   2088 2540304    0    0     0     0 2325 2109 23  1 76  0  0 2021-07-24 06:39:47
95  1  0      0 56355668   2088 2540304    0    0     0   156 1577 1559 18  0 81  0  0 2021-07-24 06:39:48
95  4  0      0 56310912   2088 2540304    0    0     0     0 2583 2233 24  3 73  0  0 2021-07-24 06:39:49
95  4  0      0 56310788   2088 2540304    0    0     0     0 2478 2062 25  3 72  0  0 2021-07-24 06:39:50
95  4  0      0 56311168   2088 2540312    0    0     0     0 2576 2252 25  2 73  0  0 2021-07-24 06:39:51
95  1  0      0 56310800   2088 2540312    0    0     0     0 2212 1996 23  1 76  0  0 2021-07-24 06:39:52
95  4  0      0 56310800   2088 2540312    0    0     0     0 2456 2180 25  2 74  0  0 2021-07-24 06:39:53
95  2  0      0 56310808   2088 2540312    0    0     0     0 2554 2262 24  2 74  0  0 2021-07-24 06:39:54
95  2  0      0 56310940   2088 2540312    0    0     0     0 2322 2046 23  2 75  0  0 2021-07-24 06:39:55
95  1  0      0 56331528   2088 2540312    0    0     0     0 2325 2094 23  2 75  0  0 2021-07-24 06:39:56
95  2  0      0 56325708   2088 2540312    0    0     0     0 2490 2225 24  1 74  0  0 2021-07-24 06:39:57
95  4  0      0 56323600   2088 2540320    0    0     0     4 2337 2142 23  1 75  0  0 2021-07-24 06:39:58
95  1  0      0 56323600   2088 2540320    0    0     0     0 2993 2373 27  1 72  0  0 2021-07-24 06:39:59
95  1  0      0 56324720   2088 2584856    0    0     0     0 1675 1642 17  2 81  0  0 2021-07-24 06:40:00
95  0  0      0 59283472   2088 2379616    0    0     0    12 1829 1698  3  3 94  0  0 2021-07-24 06:40:01
95  0  0      0 59283480   2088 2379616    0    0     0     0  498  872  0  0 100  0  0 2021-07-24 06:40:02
95  0  0      0 59283488   2088 2379616    0    0     0    85  518  923  0  0 100  0  0 2021-07-24 06:40:03
95  0  0      0 59283488   2088 2379616    0    0     0     1  519  923  0  0 100  0  0 2021-07-24 06:40:04
95  0  0      0 59283488   2088 2379616    0    0     0     0  506  902  0  0 100  0  0 2021-07-24 06:40:05
95  0  0      0 59283488   2088 2379616    0    0     0     0  529  933  0  0 100  0  0 2021-07-24 06:40:06
95  0  0      0 59283488   2088 2379616    0    0     0     0  470  843  0  0 100  0  0 2021-07-24 06:40:07
95  0  0      0 59283488   2088 2379616    0    0     0     8  517  913  0  0 100  0  0 2021-07-24 06:40:08
95  0  0      0 59283488   2088 2379616    0    0     0     0  518  911  0  0 100  0  0 2021-07-24 06:40:09
95  0  0      0 59283488   2088 2379616    0    0     0     0  509  900  0  0 100  0  0 2021-07-24 06:40:10
95  0  0      0 59283488   2088 2379616    0    0     0     0  485  860  0  0 100  0  0 2021-07-24 06:40:11
95  0  0      0 59283488   2088 2379620    0    0     0     0  517  913  0  0 100  0  0 2021-07-24 06:40:12
95  0  0      0 59283488   2088 2379620    0    0     0     0  517  911  0  0 100  0  0 2021-07-24 06:40:13
95  0  0      0 59283488   2088 2379624    0    0     0     0  519  900  0  0 100  0  0 2021-07-24 06:40:14
95  0  0      0 59283488   2088 2379624    0    0     0     0  855  921  0  0 100  0  0 2021-07-24 06:40:15
95  0  0      0 59283488   2088 2379624    0    0     0     0  507  892  0  0 100  0  0 2021-07-24 06:40:16
95  0  0      0 59283488   2088 2379624    0    0     0     0  504  894  0  0 100  0  0 2021-07-24 06:40:17
95  0  0      0 59283488   2088 2379624    0    0     0     0  480  865  0  0 100  0  0 2021-07-24 06:40:18
95  0  0      0 59283488   2088 2379624    0    0     0     0  497  881  0  0 100  0  0 2021-07-24 06:40:19
95  0  0      0 59283488   2088 2379624    0    0     0     0  502  891  0  0 100  0  0 2021-07-24 06:40:20
95  0  0      0 59283488   2088 2379624    0    0     0     0  519  913  0  0 100  0  0 2021-07-24 06:40:21
95  0  0      0 59283488   2088 2379624    0    0     0     0  488  873  0  0 100  0  0 2021-07-24 06:40:22
95  0  0      0 59283488   2088 2379624    0    0     0     0  456  837  0  0 100  0  0 2021-07-24 06:40:23
95  0  0      0 59283488   2088 2379624    0    0     0    24  494  882  0  0 100  0  0 2021-07-24 06:40:24
95  0  0      0 59283488   2088 2379624    0    0     0     0  513  907  0  0 100  0  0 2021-07-24 06:40:25
95  0  0      0 59283488   2088 2379624    0    0     0     0  520  921  0  0 100  0  0 2021-07-24 06:40:26
95  0  0      0 59283488   2088 2379624    0    0     0     0  491  870  0  0 100  0  0 2021-07-24 06:40:27
95  0  0      0 59283488   2088 2379624    0    0     0     0  526  920  0  0 100  0  0 2021-07-24 06:40:28
95  0  0      0 59283488   2088 2379624    0    0     0     0  525  934  0  0 100  0  0 2021-07-24 06:40:29
95  0  0      0 59283488   2088 2379624    0    0     0     0  529  927  0  0 100  0  0 2021-07-24 06:40:30
95  2  0      0 59283488   2088 2379628    0    0     0     0  494  882  0  0 100  0  0 2021-07-24 06:40:31
95  0  0      0 59283488   2088 2379628    0    0     0     0  862  923  0  0 100  0  0 2021-07-24 06:40:32
95  0  0      0 59283488   2088 2379628    0    0     0     0  521  933  0  0 100  0  0 2021-07-24 06:40:33
95  0  0      0 59283648   2088 2379628    0    0     0 44099  871  899  0  0 99  1  0 2021-07-24 06:40:34
95  0  0      0 59283648   2088 2379628    0    0     0     0  510  902  0  0 100  0  0 2021-07-24 06:40:35
95  0  0      0 59283648   2088 2379628    0    0     0     0  507  896  0  0 100  0  0 2021-07-24 06:40:36
95  0  0      0 59283648   2088 2379628    0    0     0     0  547  948  0  0 100  0  0 2021-07-24 06:40:37
95  0  0      0 59283664   2088 2379628    0    0     0     0  626 1067  0  0 100  0  0 2021-07-24 06:40:38
95  0  0      0 59283664   2088 2379628    0    0     0     8  504  885  0  0 100  0  0 2021-07-24 06:40:39
95  0  0      0 59283664   2088 2379628    0    0     0     0  462  833  0  0 100  0  0 2021-07-24 06:40:40
95  0  0      0 59283664   2088 2379628    0    0     0     0  500  885  0  0 100  0  0 2021-07-24 06:40:41
